485165195.4098,6769047.4020,1917936.3634,0.0000,950.8905,0.0000,0.0000,11.0251,0.0000,28014360.3227,0.0000,0.6756,1.0880,0.0000,0.0000,0.0001,6830.8540,0.0854,0.0000,0.0008,20701.0462,0.0000,0.0000,630827.4271,2738433.9534,1763268.6982,0.7915,18.4624,0.0000,25497153.5197,49869584.7522,167001.3315,0.0089,0.1182,0.5125,1652835.2772,1253.7904,0.0000,0.0000,54452426.2570,190274.3085,11904739.5599,0.1847,50044387.6952,21526983.5264,0.0330,0.0000,0.0000,0.0000,2.5540,8376669.3816,0.0000,0.0000,18668934.7646,0.0000,17948205.9507,57681982.3819,336.3519,488.3943,4081870.9907,60.0165,12.9005,0.0000,0.0000
6769047.4020,485165195.4098,63947414.3727,0.0000,8943867.2350,0.0000,0.0000,0.0081,0.0034,145396250.5087,0.0000,0.2396,95758.7612,0.0000,0.0000,0.0001,6017.7617,12529.7469,0.0001,0.0000,957039.6843,0.0000,0.0000,17.8713,146009039.2050,137453.8232,0.0000,617.8132,0.0000,1052383.0168,318722.0620,81685449.3865,0.0000,0.0010,0.0000,2380533.6782,52.7904,0.0000,0.0000,3051833.8089,17211268.9347,4991251.9335,2.2496,3465034.1574,53447840.0405,0.4500,0.0000,0.0000,2.3074,24668.0918,23833.2374,0.0000,0.0230,39977.1800,0.0000,91323958.5328,6781748.9526,947710.8151,0.6103,260055019.1025,0.0691,9435.5300,0.0000,0.0000
1917936.3634,63947414.3727,485165195.4098,0.0000,3815739.5011,0.0000,0.0000,0.0012,0.0023,238869351.6521,0.0000,0.0237,6307.8527,0.0000,0.0000,0.0007,1340712.8310,2217.8709,0.0000,0.0000,59763.8501,0.0000,0.0000,171.3558,203403746.0303,139688.2174,0.0005,91.4211,0.0000,9315742.7462,1927844.5401,145001081.8493,0.0000,0.0001,0.0001,255939.2995,1209.1203,0.0000,0.0000,4328422.5149,77067846.5481,21942701.0837,0.1037,14989582.5488,158156088.4251,0.0214,0.0000,0.0000,0.2490,24231.8242,4792.3490,0.0000,0.0107,76408.2643,0.0000,214237237.3548,27609646.4045,52695.6303,0.1853,18299028.6767,6.4588,102497.3131,0.0000,0.0000
0.0000,0.0000,0.0000,485165195.4098,0.0000,146269829.1258,9945504.2791,16.4429,44923.2200,0.0000,402740213.1703,32.7352,0.0696,40756799.0286,130681221.8818,1329.3080,0.0000,0.2459,251224.3754,34833.5201,0.0000,2201436.9581,161604057.5220,0.0000,0.0000,0.0000,12.3397,0.1682,75044127.2634,0.0000,0.0000,0.0000,4893.0938,1364.1636,11.9268,0.0000,0.0000,2807358.5591,86233538.8015,0.0000,0.0000,0.0000,74.7948,0.0000,0.0000,567.6169,92751660.2387,4539.7695,5965.2981,0.0019,0.0000,160530867.8160,20012.6878,0.0000,4153145.7289,0.0000,0.0000,0.0011,0.5065,0.0000,0.0020,0.0003,222668498.3493,157582251.7061
950.8905,8943867.2350,3815739.5011,0.0000,485165195.4098,0.0005,0.0000,0.0142,0.1778,1477502.9753,0.0000,64.3888,57956217.5726,0.0000,0.0001,0.0000,6179.0303,8140493.0630,0.0006,0.0000,8968490.6380,0.0054,0.0000,0.0041,9729702.2345,29670.4990,0.0000,289785.6450,0.0032,818.3417,200.1826,7967989.8665,0.0000,0.0329,0.0000,653874.5731,0.0114,0.0000,0.0000,20287.3196,280113.8656,1848.1354,2565.3345,3604.5922,115587.8173,717.6275,0.0077,0.0001,18165.6190,19269.6896,194.1685,0.0058,2.9423,141.0268,0.0000,1111820.9344,13913.5863,114790345.6585,0.6122,15605232.2710,0.0000,1381.6473,0.0000,0.0039
0.0000,0.0000,0.0000,146269829.1258,0.0005,485165195.4098,1304245.5117,0.0217,4500021.2836,0.0000,50018739.5153,0.2593,2.5041,12972889.0920,395327213.9120,35091.4387,0.0000,32.0178,745861.6520,220.4896,0.0000,346852.3152,6015591.2867,0.0000,0.0000,0.0000,0.7757,0.0177,31217838.7309,0.0000,0.0000,0.0000,36.4950,3.1506,0.4397,0.0000,0.0007,25939.5983,35335529.9459,0.0000,0.0000,0.0000,2.8553,0.0000,0.0000,23.7213,367370340.4711,6969.1536,188070.9830,1.6582,0.0000,261855907.1061,3988963.6561,0.0000,5469370.5448,0.0000,0.0000,0.0038,0.0011,0.0000,0.0037,0.1794,39472877.3060,350037679.6647
0.0000,0.0000,0.0000,9945504.2791,0.0000,1304245.5117,485165195.4098,7.5421,1174.6821,0.0000,10658083.8739,0.0505,0.0000,316714537.5785,6169471.3564,290030.1973,0.0000,0.0000,17347.0931,220191.3297,0.0000,40056.4622,26439598.4508,0.1230,0.0000,0.0000,830600.1796,0.0000,178455.0814,0.0000,0.0000,0.0000,9044210.1817,42.4084,230360.0004,0.0000,0.8334,62268735.2568,186663445.2227,0.0000,0.0000,0.0000,0.0068,0.0000,0.0000,0.0437,135251.6754,89462.1030,0.0984,0.0003,0.0000,216069.2389,146.3921,0.0000,145883825.7091,0.0000,0.0000,0.0000,0.1757,0.0000,273.8079,0.0015,132634912.0075,238169.5827
11.0251,0.0081,0.0012,16.4429,0.0142,0.0217,7.5421,485165195.4098,0.0000,0.0349,215.3574,27556791.0357,0.0053,1.1350,0.0131,0.0000,0.3127,0.0000,0.0415,469642.8465,1537.6407,186.7911,3706.8169,3747.5029,0.0082,50942.9678,12.4509,58825.1136,21.1946,0.2216,17.4551,0.0000,21798.5716,168340766.5581,158.2220,4480.5807,0.0000,37911.0229,0.9503,274.6165,0.0000,0.0007,840775.1715,0.9020,0.0029,522549.9443,0.0329,0.0231,0.0018,0.0000,355411.4851,0.4015,0.0000,17894.7798,0.0101,0.0295,1.2180,5.9740,149359060.1186,0.3227,0.0012,0.0000,18.0752,0.1711
0.0000,0.0034,0.0023,44923.2200,0.1778,4500021.2836,1174.6821,0.0000,485165195.4098,0.0001,5125.0546,0.0001,134.4532,21023.3366,4241669.8180,682675.9273,0.0002,2107.1456,49586.2399,0.0176,0.0000,877.0234,222.9888,0.0000,0.0008,0.0000,0.0309,0.0005,23434.5971,0.0000,0.0000,0.2273,0.0160,0.0001,0.0162,0.0000,2.7159,0.9985,60373.4555,0.0000,0.3175,0.0009,0.0028,0.0000,0.0005,0.0208,3643672.8928,3015.2912,199943.6966,79654.2761,0.0000,579165.3656,123959651.2163,0.0000,162129.1606,0.0001,0.0000,0.0283,0.0000,0.0011,0.3494,10971.7321,12912.7034,1445507.6826
28014360.3227,145396250.5087,238869351.6521,0.0000,1477502.9753,0.0000,0.0000,0.0349,0.0001,485165195.4098,0.0000,0.1708,1518.5846,0.0000,0.0000,0.0001,297064.5749,233.3833,0.0000,0.0000,283956.1933,0.0000,0.0000,2606.4904,257287992.5898,1476819.7515,0.0009,208.4465,0.0000,27338910.0193,13374551.8286,56428712.0778,0.0000,0.0016,0.0003,3219954.2603,623.6624,0.0000,0.0000,41285877.1067,29053794.0531,36789759.3976,0.3987,66787570.0893,266380559.1945,0.0587,0.0000,0.0000,0.0187,1648.5524,167748.4070,0.0000,0.0004,1362977.9858,0.0000,382734226.0413,112921991.2648,65942.0616,4.0842,61180770.6621,3.8701,5158.9953,0.0000,0.0000
0.0000,0.0000,0.0000,402740213.1703,0.0000,50018739.5153,10658083.8739,215.3574,5125.0546,0.0000,485165195.4098,248.1408,0.0249,31629018.6845,44506474.9171,246.7856,0.0000,0.0508,126265.9261,153644.3655,0.0001,3341367.0243,306432747.9675,0.0000,0.0000,0.0000,23.7350,0.5646,73248665.1192,0.0000,0.0000,0.0000,20694.4475,12255.4837,36.7163,0.0000,0.0000,9398423.6786,61981624.9266,0.0000,0.0000,0.0000,297.7635,0.0000,0.0000,1956.3051,31933759.8729,3696.0046,1456.0909,0.0002,0.0000,73853565.1532,1978.2167,0.0000,1929443.4616,0.0000,0.0000,0.0011,5.3973,0.0000,0.0015,0.0000,216236191.6621,66926113.4267
0.6756,0.2396,0.0237,32.7352,64.3888,0.2593,0.0505,27556791.0357,0.0001,0.1708,248.1408,485165195.4098,118.6098,0.0335,0.0431,0.0000,1.1087,0.8012,0.0217,4896.5869,339713.9669,1754.3457,730.2908,1.1691,0.1888,83388.8908,0.0010,32649375.3079,501.6515,0.0149,0.4142,0.0013,3.9668,80169347.9969,0.0132,41694.4324,0.0000,138.9951,0.0651,92.9568,0.0000,0.0001,171239600.2993,0.0925,0.0030,109005261.7779,1.6856,0.0067,24.6069,0.0000,35541.3612,17.9425,0.0001,602.2432,0.0003,0.1232,0.2828,25266.4589,22428579.2127,17.4550,0.0000,0.0000,2.2663,6.3423
1.0880,95758.7612,6307.8527,0.0696,57956217.5726,2.5041,0.0000,0.0053,134.4532,1518.5846,0.0249,118.6098,485165195.4098,0.0000,0.2019,0.0002,6.0247,105391262.8376,0.2012,0.0000,443884.5455,0.4337,0.0009,0.0000,17870.1972,48.4169,0.0000,218913.4496,3.8228,0.1781,0.0313,68146.0435,0.0000,0.1091,0.0000,3089.8061,0.0001,0.0000,0.0001,6.9686,1205.9542,1.2626,18393.1351,0.7857,92.6441,13241.7630,51.0077,0.0009,11199750.1603,32992.5635,0.5200,27.2689,2312.4612,0.0478,0.0000,806.1240,3.1211,65208819.6134,0.0643,300833.4616,0.0000,346.9080,0.0004,24.9756
0.0000,0.0000,0.0000,40756799.0286,0.0000,12972889.0920,316714537.5785,1.1350,21023.3366,0.0000,31629018.6845,0.0335,0.0000,485165195.4098,46055350.5711,637535.8730,0.0000,0.0005,144476.3835,29837.6533,0.0000,63837.8361,34582673.4206,0.0034,0.0000,0.0000,54541.7868,0.0000,1053132.9261,0.0000,0.0000,0.0000,872640.8604,11.9310,30904.5618,0.0000,0.2778,17997071.5689,413052429.6868,0.0000,0.0000,0.0000,0.0117,0.0000,0.0000,0.0847,1967908.9608,161099.5041,3.0793,0.0035,0.0000,1970102.0612,4191.0652,0.0000,229611903.3854,0.0000,0.0000,0.0000,0.0191,0.0000,34.3846,0.0056,262189720.0492,2860502.4770
0.0000,0.0000,0.0000,130681221.8818,0.0001,395327213.9120,6169471.3564,0.0131,4241669.8180,0.0000,44506474.9171,0.0431,0.2019,46055350.5711,485165195.4098,238034.6066,0.0000,4.1921,804295.7476,353.6599,0.0000,186717.8129,7297295.3713,0.0000,0.0000,0.0000,10.9844,0.0015,14319407.5569,0.0000,0.0000,0.0000,248.9675,1.1780,5.0710,0.0000,0.0064,79420.0812,97166835.3023,0.0000,0.0000,0.0000,0.2692,0.0000,0.0000,2.3949,192606274.8853,24172.4072,23442.3222,1.3336,0.0000,122370327.6903,2820477.5230,0.0000,27227612.2849,0.0000,0.0000,0.0003,0.0005,0.0000,0.0529,0.2804,76176400.1915,180946747.8353
0.0001,0.0001,0.0007,1329.3080,0.0000,35091.4387,290030.1973,0.0000,682675.9273,0.0001,246.7856,0.0000,0.0002,637535.8730,238034.6066,485165195.4098,0.0015,0.0748,25439.7893,0.4222,0.0000,5.6192,91.3775,0.0138,0.0001,0.0000,23507.3034,0.0000,65.4587,0.0042,0.0003,0.0202,298.5089,0.0000,5039.0882,0.0000,156239.3676,130.5149,441792.6813,0.0000,0.7870,0.2633,0.0000,0.0005,0.0035,0.0000,3487.4304,168680.4263,0.4442,2889.7233,0.0000,498.5593,326272.6111,0.0000,18592023.0681,0.0001,0.0001,0.0000,0.0000,0.0000,212155.8749,21302.9623,21225.1726,1548.2970
6830.8540,6017.7617,1340712.8310,0.0000,6179.0303,0.0000,0.0000,0.3127,0.0002,297064.5749,0.0000,1.1087,6.0247,0.0000,0.0000,0.0015,485165195.4098,2.6821,0.0000,0.0228,3489.7227,0.0115,0.0000,7332.3473,417172.0809,83242.6225,0.7889,23.5480,0.0000,606701.0421,851363.4678,70914.6321,0.0061,0.0414,0.0587,20746.6528,341.1637,0.0001,0.0000,458765.3772,86322.0105,130431.2317,0.2008,1675142.2667,308595.0622,0.0885,0.0000,0.4076,0.0029,9.6188,719.1695,0.0000,0.0002,139075.7775,0.0000,976951.7534,1667866.2567,111.4907,7.8524,1792.0272,272.9093,225.7106,0.0000,0.0000
0.0854,12529.7469,2217.8709,0.2459,8140493.0630,32.0178,0.0000,0.0000,2107.1456,233.3833,0.0508,0.8012,105391262.8376,0.0005,4.1921,0.0748,2.6821,485165195.4098,1.9674,0.0000,3768.8052,0.2333,0.0012,0.0000,3680.9029,0.4422,0.0000,1203.6468,8.8801,0.0568,0.0046,72296.3287,0.0000,0.0013,0.0000,34.5383,0.0058,0.0000,0.0024,0.2206,3598.3631,1.7793,133.0286,0.1381,31.0953,84.2839,370.4048,0.0238,16318909.3712,817505.1554,0.0037,114.8458,126332.6283,0.0012,0.0013,149.8461,0.4665,1854343.7025,0.0003,8889.7739,0.0000,19673.7163,0.0025,131.6948
0.0000,0.0001,0.0000,251224.3754,0.0006,745861.6520,17347.0931,0.0415,49586.2399,0.0000,126265.9261,0.0217,0.2012,144476.3835,804295.7476,25439.7893,0.0000,1.9674,485165195.4098,22.3248,0.0001,2523.8330,23944.5201,0.0001,0.0000,0.0000,0.6895,0.0017,348330.9372,0.0000,0.0000,0.0002,39.6950,0.3116,23.8398,0.0000,0.1042,1099.1382,546216.4348,0.0000,0.0004,0.0001,0.1405,0.0000,0.0000,0.2268,460136.2883,412.4921,210.4676,5.1913,0.0000,137607.7216,57159.4662,0.0000,102921.8411,0.0000,0.0000,0.0033,0.0006,0.0001,0.0925,0.3807,223618.1076,435574.1177
0.0008,0.0000,0.0000,34833.5201,0.0000,220.4896,220191.3297,469642.8465,0.0176,0.0000,153644.3655,4896.5869,0.0000,29837.6533,353.6599,0.4222,0.0228,0.0000,22.3248,485165195.4098,0.0079,86753.0176,1879011.5827,57.0125,0.0000,1.0635,9324.5163,0.5287,7108.9956,0.0001,0.0084,0.0000,3291760.4639,1985717.1422,4353.4318,0.0240,0.0006,9349014.4614,29094.9670,0.0062,0.0000,0.0000,249.4285,0.0011,0.0000,625.3401,61.7793,62.6216,0.0028,0.0000,0.4827,550.5851,0.0011,0.7501,1922.8946,0.0000,0.0003,0.0003,33372.0539,0.0000,0.4124,0.0000,139626.6207,267.4122
20701.0462,957039.6843,59763.8501,0.0000,8968490.6380,0.0000,0.0000,1537.6407,0.0000,283956.1933,0.0001,339713.9669,443884.5455,0.0000,0.0000,0.0000,3489.7227,3768.8052,0.0001,0.0079,485165195.4098,0.0132,0.0001,3.8947,878760.7959,9069889.2572,0.0000,19693622.9822,0.0026,1969.4071,5648.9162,21294.7037,0.0000,665.1634,0.0000,140391902.8760,0.0001,0.0000,0.0000,1295563.3897,479.3954,189.2886,813827.0566,15908.0270,8773.5295,173064.7057,0.0002,0.0000,37.3135,0.6714,771611.3127,0.0004,0.0002,136249.1093,0.0000,293400.1771,58324.2003,58545152.1413,15481.6242,8573074.2535,0.0000,0.0248,0.0000,0.0003
0.0000,0.0000,0.0000,2201436.9581,0.0054,346852.3152,40056.4622,186.7911,877.0234,0.0000,3341367.0243,1754.3457,0.4337,63837.8361,186717.8129,5.6192,0.0115,0.2333,2523.8330,86753.0176,0.0132,485165195.4098,2662635.5785,0.0003,0.0000,0.0017,0.6417,25.0244,50991905.5140,0.0000,0.0000,0.0000,648.4172,8451.8047,1.7933,0.0003,0.0000,99751.7520,171800.6878,0.0000,0.0000,0.0000,1914.8534,0.0000,0.0000,8427.2444,288987.6799,23899.7004,673.0251,0.0005,0.0001,1164218.0512,110.7992,0.0001,11724.7661,0.0000,0.0000,0.0607,6.8672,0.0000,0.0022,0.0002,663716.1293,676144.9558
0.0000,0.0000,0.0000,161604057.5220,0.0000,6015591.2867,26439598.4508,3706.8169,222.9888,0.0000,306432747.9675,730.2908,0.0009,34582673.4206,7297295.3713,91.3775,0.0000,0.0012,23944.5201,1879011.5827,0.0001,2662635.5785,485165195.4098,0.0019,0.0000,0.0001,479.7538,0.4152,19344579.0186,0.0000,0.0000,0.0000,479321.4418,94870.2151,653.6285,0.0000,0.0000,73739432.5068,47666793.4242,0.0000,0.0000,0.0000,262.6259,0.0000,0.0000,1527.4456,2643638.8545,3270.1596,33.6141,0.0000,0.0004,9374771.5061,47.3053,0.0000,1577059.4930,0.0000,0.0000,0.0002,86.0853,0.0000,0.0100,0.0000,195392461.9875,7208619.7356
630827.4271,17.8713,171.3558,0.0000,0.0041,0.0000,0.1230,3747.5029,0.0000,2606.4904,0.0000,1.1691,0.0000,0.0034,0.0000,0.0138,7332.3473,0.0000,0.0001,57.0125,3.8947,0.0003,0.0019,485165195.4098,201.7811,55511.8196,161393.9420,0.0474,0.0000,1947069.0701,19049508.5376,2.8058,12112.7544,16.1851,169774.7219,2304.5824,9222.9494,7.8851,0.0006,955559.0103,32.8840,65262.0657,0.0073,1691506.3358,8610.7912,0.0018,0.0000,0.0472,0.0000,0.0002,793708.5237,0.0000,0.0000,18885637.9359,0.0042,5181.6807,837044.3535,0.0018,7315.5853,9.1179,155540.7853,0.0118,0.0004,0.0000
2738433.9534,146009039.2050,203403746.0303,0.0000,9729702.2345,0.0000,0.0000,0.0082,0.0008,257287992.5898,0.0000,0.1888,17870.1972,0.0000,0.0000,0.0001,417172.0809,3680.9029,0.0000,0.0000,878760.7959,0.0000,0.0000,201.7811,485165195.4098,407038.7043,0.0001,349.9197,0.0000,10342532.5225,3057338.0808,160251059.3037,0.0000,0.0006,0.0001,3862147.5316,309.7447,0.0000,0.0000,13926015.3069,58472057.0142,19123470.4375,0.6861,25690135.6642,129296249.6990,0.0987,0.0000,0.0000,0.2053,15252.6534,22370.5306,0.0000,0.0040,248092.6562,0.0000,332537384.1032,48075251.0323,288321.5631,0.4146,49733712.3901,1.1065,16623.1793,0.0000,0.0000
1763268.6982,137453.8232,139688.2174,0.0000,29670.4990,0.0000,0.0000,50942.9678,0.0000,1476819.7515,0.0000,83388.8908,48.4169,0.0000,0.0000,0.0000,83242.6225,0.4422,0.0000,1.0635,9069889.2572,0.0017,0.0001,55511.8196,407038.7043,485165195.4098,0.0055,595936.9190,0.0000,167751.0494,2609148.3603,1884.3756,0.0121,4716.3354,0.0048,83681782.5263,0.0125,0.0009,0.0000,69732358.0182,283.2930,4105.3797,22907.7970,1751193.1092,128930.4554,3562.0253,0.0000,0.0000,0.0022,0.0011,44027244.2083,0.0000,0.0000,57977934.2398,0.0000,1011498.1707,3277305.0351,118677.9167,1959016.5466,983589.9503,0.0077,0.0026,0.0000,0.0000
0.7915,0.0000,0.0005,12.3397,0.0000,0.7757,830600.1796,12.4509,0.0309,0.0009,23.7350,0.0010,0.0000,54541.7868,10.9844,23507.3034,0.7889,0.0000,0.6895,9324.5163,0.0000,0.6417,479.7538,161393.9420,0.0001,0.0055,485165195.4098,0.0000,0.0992,5.0658,19.8002,0.0000,32129610.9593,0.9223,50168942.5224,0.0001,34350.1806,382333.0168,8031.1015,0.0547,0.0032,1.6666,0.0000,1.1144,0.0191,0.0000,0.0345,1740.9722,0.0000,0.0002,0.2644,0.0564,0.0028,5.0929,124445.3945,0.0016,0.2678,0.0000,2.1151,0.0000,7896831.7307,0.0405,2273.4694,0.0559
18.4624,617.8132,91.4211,0.1682,289785.6450,0.0177,0.0000,58825.1136,0.0005,208.4465,0.5646,32649375.3079,218913.4496,0.0000,0.0015,0.0000,23.5480,1203.6468,0.0017,0.5287,19693622.9822,25.0244,0.4152,0.0474,349.9197,595936.9190,0.0000,485165195.4098,9.6102,0.7965,3.3704,8.8115,0.0003,213233.9332,0.0000,824978.4896,0.0000,0.0162,0.0001,2197.4517,0.0909,0.0193,118278048.5000,3.4681,2.2900,52168032.1357,0.2854,0.0001,2608.0535,0.0029,49754.9440,1.7765,0.0017,842.2772,0.0000,102.2882,19.4939,16836425.7799,485020.0311,32626.0195,0.0000,0.0001,0.0027,0.5519
0.0000,0.0000,0.0000,75044127.2634,0.0032,31217838.7309,178455.0814,21.1946,23434.5971,0.0000,73248665.1192,501.6515,3.8228,1053132.9261,14319407.5569,65.4587,0.0000,8.8801,348330.9372,7108.9956,0.0026,50991905.5140,19344579.0186,0.0000,0.0000,0.0000,0.0992,9.6102,485165195.4098,0.0000,0.0000,0.0000,138.5047,1961.9843,0.6116,0.0000,0.0000,115370.7845,3854760.9003,0.0000,0.0000,0.0000,1682.0021,0.0000,0.0000,6758.5623,37960263.8463,12966.9863,50312.7936,0.0070,0.0000,69397080.1024,17332.0554,0.0000,122901.7008,0.0000,0.0000,0.0886,0.4324,0.0000,0.0001,0.0004,11988546.3769,67002724.5972
25497153.5197,1052383.0168,9315742.7462,0.0000,818.3417,0.0000,0.0000,0.2216,0.0000,27338910.0193,0.0000,0.0149,0.1781,0.0000,0.0000,0.0042,606701.0421,0.0568,0.0000,0.0001,1969.4071,0.0000,0.0000,1947069.0701,10342532.5225,167751.0494,5.0658,0.7965,0.0000,485165195.4098,211780226.2271,1244481.7606,0.0123,0.0010,8.5253,191118.0460,145631.3674,0.0000,0.0000,40602327.5590,4005358.0357,138317652.9763,0.0019,194798162.5236,51834064.8319,0.0003,0.0000,0.0022,0.0000,57.6640,413115.7043,0.0000,0.0000,11647169.7071,0.0000,58922610.5668,239432582.0840,17.7286,3.4728,189924.0192,13030.8060,774.4821,0.0000,0.0000
49869584.7522,318722.0620,1927844.5401,0.0000,200.1826,0.0000,0.0000,17.4551,0.0000,13374551.8286,0.0000,0.4142,0.0313,0.0000,0.0000,0.0003,851363.4678,0.0046,0.0000,0.0084,5648.9162,0.0000,0.0000,19049508.5376,3057338.0808,2609148.3603,19.8002,3.3704,0.0000,211780226.2271,485165195.4098,92146.2021,0.1815,0.0901,20.9181,1019325.7674,14855.9679,0.0001,0.0000,140900660.7218,277416.2552,28773422.5859,0.0250,296909501.5200,19976050.4149,0.0034,0.0000,0.0005,0.0000,0.5905,3459134.2525,0.0000,0.0000,112442894.6114,0.0000,24528096.6175,268778611.5873,15.1208,281.0737,106869.2668,4368.0019,12.5682,0.0000,0.0000
167001.3315,81685449.3865,145001081.8493,0.0000,7967989.8665,0.0000,0.0000,0.0000,0.2273,56428712.0778,0.0000,0.0013,68146.0435,0.0000,0.0000,0.0202,70914.6321,72296.3287,0.0002,0.0000,21294.7037,0.0000,0.0000,2.8058,160251059.3037,1884.3756,0.0000,8.8115,0.0000,1244481.7606,92146.2021,485165195.4098,0.0000,0.0000,0.0000,38125.2166,3346.7236,0.0000,0.0000,189718.4603,258276920.1707,14766789.3227,0.0160,1654972.4147,56911889.7035,0.0037,0.0000,0.0005,5.6791,2431603.3059,92.0410,0.0000,1.7989,1246.8771,0.0000,68477929.5704,2887263.6781,65666.4096,0.0010,11073735.5049,3.8096,2290509.4869,0.0000,0.0000
0.0089,0.0000,0.0000,4893.0938,0.0000,36.4950,9044210.1817,21798.5716,0.0160,0.0000,20694.4475,3.9668,0.0000,872640.8604,248.9675,298.5089,0.0061,0.0000,39.6950,3291760.4639,0.0000,648.4172,479321.4418,12112.7544,0.0000,0.0121,32129610.9593,0.0003,138.5047,0.0123,0.1815,0.0000,485165195.4098,4826.8390,40590541.4301,0.0002,5.1634,77282485.6771,263845.9531,0.0046,0.0000,0.0006,0.0293,0.0050,0.0000,0.0635,3.0109,3435.4547,0.0000,0.0000,0.9492,10.1489,0.0008,1.5421,183631.8489,0.0000,0.0016,0.0000,637.8474,0.0000,7154.1199,0.0000,293705.6388,9.4764
0.1182,0.0010,0.0001,1364.1636,0.0329,3.1506,42.4084,168340766.5581,0.0001,0.0016,12255.4837,80169347.9969,0.1091,11.9310,1.1780,0.0000,0.0414,0.0013,0.3116,1985717.1422,665.1634,8451.8047,94870.2151,16.1851,0.0006,4716.3354,0.9223,213233.9332,1961.9843,0.0010,0.0901,0.0000,4826.8390,485165195.4098,3.7243,332.9505,0.0000,95493.4523,15.6520,3.7355,0.0000,0.0000,9546339.6014,0.0086,0.0001,10262590.4014,6.4973,0.0291,0.3344,0.0000,5591.3008,103.2453,0.0000,156.6705,0.0779,0.0009,0.0117,25.0936,60764616.0052,0.0619,0.0000,0.0000,463.8257,33.1412
0.5125,0.0000,0.0001,11.9268,0.0000,0.4397,230360.0004,158.2220,0.0162,0.0003,36.7163,0.0132,0.0000,30904.5618,5.0710,5039.0882,0.0587,0.0000,23.8398,4353.4318,0.0000,1.7933,653.6285,169774.7219,0.0001,0.0048,50168942.5224,0.0000,0.6116,8.5253,20.9181,0.0000,40590541.4301,3.7243,485165195.4098,0.0010,8426.5893,397951.0229,7722.8537,0.1135,0.0011,1.0198,0.0001,0.8022,0.0045,0.0001,0.0311,32288.2204,0.0000,0.0002,2.3892,0.0239,0.0015,13.0972,35154.5459,0.0013,0.2792,0.0000,2.6851,0.0000,1597333.1261,0.0028,1881.7164,0.0578
1652835.2772,2380533.6782,255939.2995,0.0000,653874.5731,0.0000,0.0000,4480.5807,0.0000,3219954.2603,0.0000,41694.4324,3089.8061,0.0000,0.0000,0.0000,20746.6528,34.5383,0.0000,0.0240,140391902.8760,0.0003,0.0000,2304.5824,3862147.5316,83681782.5263,0.0001,824978.4896,0.0000,191118.0460,1019325.7674,38125.2166,0.0002,332.9505,0.0010,485165195.4098,0.0148,0.0000,0.0000,52378039.9536,3011.4626,12897.0949,23516.6218,1544543.1646,230145.6124,3073.8064,0.0000,0.0000,0.0489,0.1199,18816386.7353,0.0000,0.0000,12630856.0552,0.0000,3749691.1212,3726798.8601,2218852.5228,53263.8782,10597173.2602,0.0012,0.0245,0.0000,0.0000
1253.7904,52.7904,1209.1203,0.0000,0.0114,0.0007,0.8334,0.0000,2.7159,623.6624,0.0000,0.0000,0.0001,0.2778,0.0064,156239.3676,341.1637,0.0058,0.1042,0.0006,0.0001,0.0000,0.0000,9222.9494,309.7447,0.0125,34350.1806,0.0000,0.0000,145631.3674,14855.9679,3346.7236,5.1634,0.0000,8426.5893,0.0148,485165195.4098,0.0053,0.0722,35.8353,211308.0320,2235593.8550,0.0000,20767.8642,31282.2043,0.0000,0.0001,66.5127,0.0000,11764.9102,0.0946,0.0000,1.4714,18.5949,26.8861,1700.9823,6885.0041,0.0000,0.0000,0.6795,86370307.2768,684206.1899,0.0023,0.0000
0.0000,0.0000,0.0000,2807358.5591,0.0000,25939.5983,62268735.2568,37911.0229,0.9985,0.0000,9398423.6786,138.9951,0.0000,17997071.5689,79420.0812,130.5149,0.0001,0.0000,1099.1382,9349014.4614,0.0000,99751.7520,73739432.5068,7.8851,0.0000,0.0009,382333.0168,0.0162,115370.7845,0.0000,0.0001,0.0000,77282485.6771,95493.4523,397951.0229,0.0000,0.0053,485165195.4098,10274969.0488,0.0000,0.0000,0.0000,5.2991,0.0000,0.0000,20.4736,4371.7733,3087.5127,0.0069,0.0000,0.0279,20475.1304,0.0880,0.0051,1198552.5776,0.0000,0.0000,0.0000,948.0122,0.0000,7.6524,0.0000,28168265.9582,14707.8292
0.0000,0.0000,0.0000,86233538.8015,0.0000,35335529.9459,186663445.2227,0.9503,60373.4555,0.0000,61981624.9266,0.0651,0.0001,413052429.6868,97166835.3023,441792.6813,0.0000,0.0024,546216.4348,29094.9670,0.0000,171800.6878,47666793.4242,0.0006,0.0000,0.0000,8031.1015,0.0001,3854760.9003,0.0000,0.0000,0.0000,263845.9531,15.6520,7722.8537,0.0000,0.0722,10274969.0488,485165195.4098,0.0000,0.0000,0.0000,0.0380,0.0000,0.0000,0.2822,6936258.4375,174901.2150,17.3026,0.0067,0.0000,6191257.5446,13497.7361,0.0000,171283364.8542,0.0000,0.0000,0.0000,0.0123,0.0000,5.9553,0.0053,332144320.0138,9940952.0995
54452426.2570,3051833.8089,4328422.5149,0.0000,20287.3196,0.0000,0.0000,274.6165,0.0000,41285877.1067,0.0000,92.9568,6.9686,0.0000,0.0000,0.0000,458765.3772,0.2206,0.0000,0.0062,1295563.3897,0.0000,0.0000,955559.0103,13926015.3069,69732358.0182,0.0547,2197.4517,0.0000,40602327.5590,140900660.7218,189718.4603,0.0046,3.7355,0.1135,52378039.9536,35.8353,0.0000,0.0000,485165195.4098,104317.4031,3135809.1735,16.2490,126429224.3718,13768110.5354,1.8541,0.0000,0.0000,0.0001,0.2413,33432801.0513,0.0000,0.0000,196606050.7661,0.0000,51492186.7919,193568522.5465,7432.7657,7797.7675,3782649.6252,4.9830,0.9549,0.0000,0.0000
190274.3085,17211268.9347,77067846.5481,0.0000,280113.8656,0.0000,0.0000,0.0000,0.3175,29053794.0531,0.0000,0.0000,1205.9542,0.0000,0.0000,0.7870,86322.0105,3598.3631,0.0004,0.0000,479.3954,0.0000,0.0000,32.8840,58472057.0142,283.2930,0.0032,0.0909,0.0000,4005358.0357,277416.2552,258276920.1707,0.0000,0.0000,0.0011,3011.4626,211308.0320,0.0000,0.0000,104317.4031,485165195.4098,71657913.7688,0.0002,3837482.8233,87908731.3135,0.0000,0.0000,0.0029,0.1780,2986293.7867,23.5990,0.0000,1.4541,1176.3751,0.0000,43238704.0158,4286404.3141,839.1165,0.0001,971556.5743,410.2414,10433778.8850,0.0000,0.0000
11904739.5599,4991251.9335,21942701.0837,0.0000,1848.1354,0.0000,0.0000,0.0007,0.0009,36789759.3976,0.0000,0.0001,1.2626,0.0000,0.0000,0.2633,130431.2317,1.7793,0.0001,0.0000,189.2886,0.0000,0.0000,65262.0657,19123470.4375,4105.3797,1.6666,0.0193,0.0000,138317652.9763,28773422.5859,14766789.3227,0.0006,0.0000,1.0198,12897.0949,2235593.8550,0.0000,0.0000,3135809.1735,71657913.7688,485165195.4098,0.0001,86463076.3978,157328821.8800,0.0000,0.0000,0.0019,0.0001,11615.6457,4612.5097,0.0000,0.0017,255637.1577,0.0000,63823491.4309,74728553.5588,12.0543,0.0151,317434.0512,28702.9105,140009.4716,0.0000,0.0000
0.1847,2.2496,0.1037,74.7948,2565.3345,2.8553,0.0068,840775.1715,0.0028,0.3987,297.7635,171239600.2993,18393.1351,0.0117,0.2692,0.0000,0.2008,133.0286,0.1405,249.4285,813827.0566,1914.8534,262.6259,0.0073,0.6861,22907.7970,0.0000,118278048.5000,1682.0021,0.0019,0.0250,0.0160,0.0293,9546339.6014,0.0001,23516.6218,0.0000,5.2991,0.0380,16.2490,0.0002,0.0001,485165195.4098,0.0175,0.0054,368338113.9624,32.8477,0.0007,4599.7272,0.0001,2537.4609,265.4412,0.0057,22.5912,0.0001,0.1747,0.0630,818918.7127,1513686.3509,187.6559,0.0000,0.0000,1.3743,89.8640
50044387.6952,3465034.1574,14989582.5488,0.0000,3604.5922,0.0000,0.0000,0.9020,0.0000,66787570.0893,0.0000,0.0925,0.7857,0.0000,0.0000,0.0005,1675142.2667,0.1381,0.0000,0.0011,15908.0270,0.0000,0.0000,1691506.3358,25690135.6642,1751193.1092,1.1144,3.4681,0.0000,194798162.5236,296909501.5200,1654972.4147,0.0050,0.0086,0.8022,1544543.1646,20767.8642,0.0000,0.0000,126429224.3718,3837482.8233,86463076.3978,0.0175,485165195.4098,113024535.8560,0.0026,0.0000,0.0002,0.0000,18.6475,638322.2888,0.0000,0.0000,31584644.1285,0.0000,114216299.1411,409199079.2900,137.0766,24.0746,845347.4811,1438.6030,262.4248,0.0000,0.0000
21526983.5264,53447840.0405,158156088.4251,0.0000,115587.8173,0.0000,0.0000,0.0029,0.0005,266380559.1945,0.0000,0.0030,92.6441,0.0000,0.0000,0.0035,308595.0622,31.0953,0.0000,0.0000,8773.5295,0.0000,0.0000,8610.7912,129296249.6990,128930.4554,0.0191,2.2900,0.0000,51834064.8319,19976050.4149,56911889.7035,0.0000,0.0001,0.0045,230145.6124,31282.2043,0.0000,0.0000,13768110.5354,87908731.3135,157328821.8800,0.0054,113024535.8560,485165195.4098,0.0010,0.0000,0.0000,0.0019,6543.5435,18637.1728,0.0000,0.0010,534805.6272,0.0000,257358654.4559,114903982.6859,1767.6962,0.2321,9434436.7986,218.2595,51669.2179,0.0000,0.0000
0.0330,0.4500,0.0214,567.6169,717.6275,23.7213,0.0437,522549.9443,0.0208,0.0587,1956.3051,109005261.7779,13241.7630,0.0847,2.3949,0.0000,0.0885,84.2839,0.2268,625.3401,173064.7057,8427.2444,1527.4456,0.0018,0.0987,3562.0253,0.0000,52168032.1357,6758.5623,0.0003,0.0034,0.0037,0.0635,10262590.4014,0.0001,3073.8064,0.0000,20.4736,0.2822,1.8541,0.0000,0.0000,368338113.9624,0.0026,0.0010,485165195.4098,241.6346,0.0025,12086.9064,0.0001,402.1445,1909.9004,0.0253,3.0235,0.0009,0.0245,0.0079,273222.6451,791512.1251,40.9028,0.0000,0.0000,10.3332,656.3128
0.0000,0.0000,0.0000,92751660.2387,0.0077,367370340.4711,135251.6754,0.0329,3643672.8928,0.0000,31933759.8729,1.6856,51.0077,1967908.9608,192606274.8853,3487.4304,0.0000,370.4048,460136.2883,61.7793,0.0002,288987.6799,2643638.8545,0.0000,0.0000,0.0000,0.0345,0.2854,37960263.8463,0.0000,0.0000,0.0000,3.0109,6.4973,0.0311,0.0000,0.0001,4371.7733,6936258.4375,0.0000,0.0000,0.0000,32.8477,0.0000,0.0000,241.6346,485165195.4098,1706.8804,1741732.0915,3.2526,0.0000,342072589.7499,5292913.0302,0.0000,578381.1954,0.0000,0.0000,0.0906,0.0023,0.0000,0.0002,0.1421,10776756.3717,449301177.0837
0.0000,0.0000,0.0000,4539.7695,0.0001,6969.1536,89462.1030,0.0231,3015.2912,0.0000,3696.0046,0.0067,0.0009,161099.5041,24172.4072,168680.4263,0.4076,0.0238,412.4921,62.6216,0.0000,23899.7004,3270.1596,0.0472,0.0000,0.0000,1740.9722,0.0001,12966.9863,0.0022,0.0005,0.0005,3435.4547,0.0291,32288.2204,0.0000,66.5127,3087.5127,174901.2150,0.0000,0.0029,0.0019,0.0007,0.0002,0.0000,0.0025,1706.8804,485165195.4098,0.6114,3.3270,0.0000,445.6218,1367.8375,0.0001,614859.8567,0.0000,0.0001,0.0000,0.0001,0.0000,2318.7812,2.2180,29898.2028,1665.9468
0.0000,2.3074,0.2490,5965.2981,18165.6190,188070.9830,0.0984,0.0018,199943.6966,0.0187,1456.0909,24.6069,11199750.1603,3.0793,23442.3222,0.4442,0.0029,16318909.3712,210.4676,0.0028,37.3135,673.0251,33.6141,0.0000,0.2053,0.0022,0.0000,2608.0535,50312.7936,0.0000,0.0000,5.6791,0.0000,0.3344,0.0000,0.0489,0.0000,0.0069,17.3026,0.0001,0.1780,0.0001,4599.7272,0.0000,0.0019,12086.9064,1741732.0915,0.6114,485165195.4098,3986.9104,0.0001,1011674.3588,2444310.7540,0.0000,1.5002,0.0078,0.0000,58104.9563,0.0033,8.5925,0.0000,39.4953,45.8321,948269.4239
2.5540,24668.0918,24231.8242,0.0019,19269.6896,1.6582,0.0003,0.0000,79654.2761,1648.5524,0.0002,0.0000,32992.5635,0.0035,1.3336,2889.7233,9.6188,817505.1554,5.1913,0.0000,0.6714,0.0005,0.0000,0.0002,15252.6534,0.0011,0.0002,0.0029,0.0070,57.6640,0.5905,2431603.3059,0.0000,0.0000,0.0002,0.1199,11764.9102,0.0000,0.0067,0.2413,2986293.7867,11615.6457,0.0001,18.6475,6543.5435,0.0001,3.2526,3.3270,3986.9104,485165195.4098,0.0002,0.1839,634691.4216,0.0013,0.2162,2296.3759,23.6234,90.1540,0.0000,1102.5996,12.7534,127721945.3777,0.0005,0.5970
8376669.3816,23833.2374,4792.3490,0.0000,194.1685,0.0000,0.0000,355411.4851,0.0000,167748.4070,0.0000,35541.3612,0.5200,0.0000,0.0000,0.0000,719.1695,0.0037,0.0000,0.4827,771611.3127,0.0001,0.0004,793708.5237,22370.5306,44027244.2083,0.2644,49754.9440,0.0000,413115.7043,3459134.2525,92.0410,0.9492,5591.3008,2.3892,18816386.7353,0.0946,0.0279,0.0000,33432801.0513,23.5990,4612.5097,2537.4609,638322.2888,18637.1728,402.1445,0.0000,0.0000,0.0001,0.0002,485165195.4098,0.0000,0.0000,92526148.3071,0.0000,130092.0015,1446178.5392,2162.6555,3055859.4336,172039.3617,0.1185,0.0002,0.0000,0.0000
0.0000,0.0000,0.0000,160530867.8160,0.0058,261855907.1061,216069.2389,0.4015,579165.3656,0.0000,73853565.1532,17.9425,27.2689,1970102.0612,122370327.6903,498.5593,0.0000,114.8458,137607.7216,550.5851,0.0004,1164218.0512,9374771.5061,0.0000,0.0000,0.0000,0.0564,1.7765,69397080.1024,0.0000,0.0000,0.0000,10.1489,103.2453,0.0239,0.0000,0.0000,20475.1304,6191257.5446,0.0000,0.0000,0.0000,265.4412,0.0000,0.0000,1909.9004,342072589.7499,445.6218,1011674.3588,0.1839,0.0000,485165195.4098,671787.6688,0.0000,333977.1212,0.0000,0.0000,0.1267,0.0437,0.0000,0.0001,0.0137,17110593.3151,403425289.4286
0.0000,0.0230,0.0107,20012.6878,2.9423,3988963.6561,146.3921,0.0000,123959651.2163,0.0004,1978.2167,0.0001,2312.4612,4191.0652,2820477.5230,326272.6111,0.0002,126332.6283,57159.4662,0.0011,0.0002,110.7992,47.3053,0.0000,0.0040,0.0000,0.0028,0.0017,17332.0554,0.0000,0.0000,1.7989,0.0008,0.0000,0.0015,0.0000,1.4714,0.0880,13497.7361,0.0000,1.4541,0.0017,0.0057,0.0000,0.0010,0.0253,5292913.0302,1367.8375,2444310.7540,634691.4216,0.0000,671787.6688,485165195.4098,0.0000,31141.7790,0.0003,0.0000,0.4073,0.0000,0.0051,0.0596,50431.3091,2906.1099,1700621.2443
18668934.7646,39977.1800,76408.2643,0.0000,141.0268,0.0000,0.0000,17894.7798,0.0000,1362977.9858,0.0000,602.2432,0.0478,0.0000,0.0000,0.0000,139075.7775,0.0012,0.0000,0.7501,136249.1093,0.0001,0.0000,18885637.9359,248092.6562,57977934.2398,5.0929,842.2772,0.0000,11647169.7071,112442894.6114,1246.8771,1.5421,156.6705,13.0972,12630856.0552,18.5949,0.0051,0.0000,196606050.7661,1176.3751,255637.1577,22.5912,31584644.1285,534805.6272,3.0235,0.0000,0.0001,0.0000,0.0013,92526148.3071,0.0000,0.0000,485165195.4098,0.0000,1924060.7059,38072948.0528,151.2455,196025.7185,74241.4377,25.2157,0.0100,0.0000,0.0000
0.0000,0.0000,0.0000,4153145.7289,0.0000,5469370.5448,145883825.7091,0.0101,162129.1606,0.0000,1929443.4616,0.0003,0.0000,229611903.3854,27227612.2849,18592023.0681,0.0000,0.0013,102921.8411,1922.8946,0.0000,11724.7661,1577059.4930,0.0042,0.0000,0.0000,124445.3945,0.0000,122901.7008,0.0000,0.0000,0.0000,183631.8489,0.0779,35154.5459,0.0000,26.8861,1198552.5776,171283364.8542,0.0000,0.0000,0.0000,0.0001,0.0000,0.0000,0.0009,578381.1954,614859.8567,1.5002,0.2162,0.0000,333977.1212,31141.7790,0.0000,485165195.4098,0.0000,0.0000,0.0000,0.0002,0.0000,1313.0034,0.8083,43810761.7438,585201.4267
17948205.9507,91323958.5328,214237237.3548,0.0000,1111820.9344,0.0000,0.0000,0.0295,0.0001,382734226.0413,0.0000,0.1232,806.1240,0.0000,0.0000,0.0001,976951.7534,149.8461,0.0000,0.0000,293400.1771,0.0000,0.0000,5181.6807,332537384.1032,1011498.1707,0.0016,102.2882,0.0000,58922610.5668,24528096.6175,68477929.5704,0.0000,0.0009,0.0013,3749691.1212,1700.9823,0.0000,0.0000,51492186.7919,43238704.0158,63823491.4309,0.1747,114216299.1411,257358654.4559,0.0245,0.0000,0.0000,0.0078,2296.3759,130092.0015,0.0000,0.0003,1924060.7059,0.0000,485165195.4098,185787176.2917,32148.8653,1.8286,28077293.6612,13.6484,6610.0180,0.0000,0.0000
57681982.3819,6781748.9526,27609646.4045,0.0000,13913.5863,0.0000,0.0000,1.2180,0.0000,112921991.2648,0.0000,0.2828,3.1211,0.0000,0.0000,0.0001,1667866.2567,0.4665,0.0000,0.0003,58324.2003,0.0000,0.0000,837044.3535,48075251.0323,3277305.0351,0.2678,19.4939,0.0000,239432582.0840,268778611.5873,2887263.6781,0.0016,0.0117,0.2792,3726798.8601,6885.0041,0.0000,0.0000,193568522.5465,4286404.3141,74728553.5588,0.0630,409199079.2900,114903982.6859,0.0079,0.0000,0.0001,0.0000,23.6234,1446178.5392,0.0000,0.0000,38072948.0528,0.0000,185787176.2917,485165195.4098,633.3476,37.9285,2122270.2902,378.4254,212.2706,0.0000,0.0000
336.3519,947710.8151,52695.6303,0.0011,114790345.6585,0.0038,0.0000,5.9740,0.0283,65942.0616,0.0011,25266.4589,65208819.6134,0.0000,0.0003,0.0000,111.4907,1854343.7025,0.0033,0.0003,58545152.1413,0.0607,0.0002,0.0018,288321.5631,118677.9167,0.0000,16836425.7799,0.0886,17.7286,15.1208,65666.4096,0.0000,25.0936,0.0000,2218852.5228,0.0000,0.0000,0.0000,7432.7657,839.1165,12.0543,818918.7127,137.0766,1767.6962,273222.6451,0.0906,0.0000,58104.9563,90.1540,2162.6555,0.1267,0.4073,151.2455,0.0000,32148.8653,633.3476,485165195.4098,141.6864,7966482.0221,0.0000,1.7559,0.0000,0.0740
488.3943,0.6103,0.1853,0.5065,0.6122,0.0011,0.1757,149359060.1186,0.0000,4.0842,5.3973,22428579.2127,0.0643,0.0191,0.0005,0.0000,7.8524,0.0003,0.0006,33372.0539,15481.6242,6.8672,86.0853,7315.5853,0.4146,1959016.5466,2.1151,485020.0311,0.4324,3.4728,281.0737,0.0010,637.8474,60764616.0052,2.6851,53263.8782,0.0000,948.0122,0.0123,7797.7675,0.0001,0.0151,1513686.3509,24.0746,0.2321,791512.1251,0.0023,0.0001,0.0033,0.0000,3055859.4336,0.0437,0.0000,196025.7185,0.0002,1.8286,37.9285,141.6864,485165195.4098,27.4329,0.0005,0.0000,0.3308,0.0101
4081870.9907,260055019.1025,18299028.6767,0.0000,15605232.2710,0.0000,0.0000,0.3227,0.0011,61180770.6621,0.0000,17.4550,300833.4616,0.0000,0.0000,0.0000,1792.0272,8889.7739,0.0001,0.0000,8573074.2535,0.0000,0.0000,9.1179,49733712.3901,983589.9503,0.0000,32626.0195,0.0000,189924.0192,106869.2668,11073735.5049,0.0000,0.0619,0.0000,10597173.2602,0.6795,0.0000,0.0000,3782649.6252,971556.5743,317434.0512,187.6559,845347.4811,9434436.7986,40.9028,0.0000,0.0000,8.5925,1102.5996,172039.3617,0.0000,0.0051,74241.4377,0.0000,28077293.6612,2122270.2902,7966482.0221,27.4329,485165195.4098,0.0017,211.7750,0.0000,0.0000
60.0165,0.0691,6.4588,0.0020,0.0000,0.0037,273.8079,0.0012,0.3494,3.8701,0.0015,0.0000,0.0000,34.3846,0.0529,212155.8749,272.9093,0.0000,0.0925,0.4124,0.0000,0.0022,0.0100,155540.7853,1.1065,0.0077,7896831.7307,0.0000,0.0001,13030.8060,4368.0019,3.8096,7154.1199,0.0000,1597333.1261,0.0012,86370307.2768,7.6524,5.9553,4.9830,410.2414,28702.9105,0.0000,1438.6030,218.2595,0.0000,0.0002,2318.7812,0.0000,12.7534,0.1185,0.0001,0.0596,25.2157,1313.0034,13.6484,378.4254,0.0000,0.0005,0.0017,485165195.4098,2152.1884,0.3262,0.0001
12.9005,9435.5300,102497.3131,0.0003,1381.6473,0.1794,0.0015,0.0000,10971.7321,5158.9953,0.0000,0.0000,346.9080,0.0056,0.2804,21302.9623,225.7106,19673.7163,0.3807,0.0000,0.0248,0.0002,0.0000,0.0118,16623.1793,0.0026,0.0405,0.0001,0.0004,774.4821,12.5682,2290509.4869,0.0000,0.0000,0.0028,0.0245,684206.1899,0.0000,0.0053,0.9549,10433778.8850,140009.4716,0.0000,262.4248,51669.2179,0.0000,0.1421,2.2180,39.4953,127721945.3777,0.0002,0.0137,50431.3091,0.0100,0.8083,6610.0180,212.2706,1.7559,0.0000,211.7750,2152.1884,485165195.4098,0.0003,0.0271
0.0000,0.0000,0.0000,222668498.3493,0.0000,39472877.3060,132634912.0075,18.0752,12912.7034,0.0000,216236191.6621,2.2663,0.0004,262189720.0492,76176400.1915,21225.1726,0.0000,0.0025,223618.1076,139626.6207,0.0000,663716.1293,195392461.9875,0.0004,0.0000,0.0000,2273.4694,0.0027,11988546.3769,0.0000,0.0000,0.0000,293705.6388,463.8257,1881.7164,0.0000,0.0023,28168265.9582,332144320.0138,0.0000,0.0000,0.0000,1.3743,0.0000,0.0000,10.3332,10776756.3717,29898.2028,45.8321,0.0005,0.0000,17110593.3151,2906.1099,0.0000,43810761.7438,0.0000,0.0000,0.0000,0.3308,0.0000,0.3262,0.0003,485165195.4098,19456047.0660
0.0000,0.0000,0.0000,157582251.7061,0.0039,350037679.6647,238169.5827,0.1711,1445507.6826,0.0000,66926113.4267,6.3423,24.9756,2860502.4770,180946747.8353,1548.2970,0.0000,131.6948,435574.1177,267.4122,0.0003,676144.9558,7208619.7356,0.0000,0.0000,0.0000,0.0559,0.5519,67002724.5972,0.0000,0.0000,0.0000,9.4764,33.1412,0.0578,0.0000,0.0000,14707.8292,9940952.0995,0.0000,0.0000,0.0000,89.8640,0.0000,0.0000,656.3128,449301177.0837,1665.9468,948269.4239,0.5970,0.0000,403425289.4286,1700621.2443,0.0000,585201.4267,0.0000,0.0000,0.0740,0.0101,0.0000,0.0001,0.0271,19456047.0660,485165195.4098
