485165195.4098,5911.7877,1587769.8553,0.0218,0.1923,0.0153,4446.5694,0.0624,0.0000,0.0062,0.0007,0.0177,0.0003,0.5113,0.3550,0.1731,4.6307,0.6222,22.8955,7616.2238,11873.3140,0.0007,251.2211,0.2511,76254.3267,19.6877,126497.2721,24131.1001,2227.3048,3.7905,0.0495,0.0089,257.3356,0.0008,503.6537,0.0000,0.0133,0.0288,2338.1499,0.5870,0.0007,9730.7459,0.0000,1335668.1259,152.5169,0.0024,0.0015,0.1713,33.8255,0.0045,0.0027,0.0000,121.7445,633.5827,13.8116,15.4749,3.8582,36265.3169,23.4574,0.7035,85.4107,228928.4611,91.2865,0.8912,0.0673,0.4550,750.9100,41219.9891,0.0007,0.0483,0.0330,437353.8019,10.9327,0.0013,0.0090,9.4257,0.0074,0.3003,0.0001,0.0135,160173.5285,4.0424,64653.5335,44.2661,0.5830,0.0005,0.0000,0.0179,0.0037,1.1843,0.0118,0.0026,0.1712,0.0003,66.5228,0.0000,0.0001,0.0048,184.3031,0.0001,0.0000,0.7137,10.1587,0.0063,0.0081,466.9243,661165.3701,0.0816,715.1412,3249.9557,1.1134,0.0031,9594.7518,606.3026,0.0029,603.4733,317.3586,2.6581,728607.7209,0.0000,1505.1403,1.5574,0.0085,0.0639,0.0047,0.0015,421.7670,0.0017
5911.7877,485165195.4098,0.7465,0.0003,41941.7241,834.0557,2351.4701,8.8604,0.2025,0.0001,0.0791,2.8822,76.6845,1675.9908,0.0572,39.3797,0.0252,5997184.8517,62133.7583,153533.7887,11.5154,0.0012,6762.8661,1.0698,47.8114,84650.5976,26162.7001,2189371.6984,434847.1593,0.0000,29.9624,39224.4842,38093.9151,728.8498,21653.8547,0.0154,92.5382,4.7370,49949.7328,0.6355,0.0000,8200.0997,0.0029,61532.8159,247039.2275,0.0007,1.5914,1402.4835,734.1057,0.0064,636.6852,0.0001,0.8253,1557959.3818,0.0076,191946.1184,0.2701,59029.9709,145041.9257,52.1535,89432.7222,12.3090,680.3405,3.1056,5.1324,18601.0695,1520.2078,23470896.5699,0.0001,2.1509,0.0002,38.3998,0.0783,0.0000,0.0001,57145.5507,0.0044,14.5643,0.0000,1.6658,24655262.7161,7542.0300,35247785.1241,58927.6471,145.2764,6.9267,0.0012,9052.6459,0.0343,194.5740,13.6013,0.0030,0.0167,1.6543,1385707.1874,0.0000,0.0000,0.0186,9362268.1420,7.2025,0.0000,7227.7593,11.1319,1.5504,0.7244,455.3830,4807.4718,476.5644,708.3798,33980011.9150,6248214.9510,0.2848,0.3673,10435004.0159,6.5680,145.0338,0.6556,105.1776,514727.5821,0.0001,31989021.6692,0.0142,616.5814,9615.1664,0.0000,16.4102,9881.7303,0.0020
1587769.8553,0.7465,485165195.4098,0.0557,0.0001,0.0000,224.2393,0.0001,0.0000,0.0236,0.0000,0.0001,0.0000,0.0011,0.0056,0.0004,552.5520,0.0004,0.0373,0.5261,16.0062,0.0001,17.6448,0.3729,31051.2082,0.0269,616.5448,214.2061,6.1978,275.2888,0.0004,0.0000,0.4943,0.0000,44.7604,0.0000,0.0039,0.0022,10.2113,0.0005,0.0372,7.9444,0.0000,738.6129,0.1503,0.0002,0.0000,0.0005,1.1777,0.0019,0.0083,0.0683,1.3399,0.0313,393.4712,0.0065,0.0800,0.7271,2.4763,0.0014,0.0442,192.0141,0.1457,2.4453,0.0000,0.0006,3.4004,1.7535,0.0002,0.0003,13.7965,187997.6457,1.6611,0.0737,0.0116,0.0089,0.0001,0.0471,1.7294,0.0001,109.8055,0.0019,88.7356,0.0239,0.0003,0.0018,0.0000,0.0000,0.0007,6.3920,0.0003,0.0158,0.0196,0.0000,0.0620,0.0009,66.0560,19.4829,0.0086,0.0000,0.0000,0.0690,0.0051,0.0000,0.0000,43.4682,3173.8205,0.0000,0.9437,1.7956,0.0041,0.0009,6139360.2308,0.0095,0.0000,0.9733,367.3745,0.0011,10678.9209,0.0000,0.3928,0.3155,0.0000,0.0000,0.0182,0.0176,2.3068,0.6075
0.0218,0.0003,0.0557,485165195.4098,3.8678,35.1674,0.9312,4.6959,3314.2940,1749371.5134,209.2901,147.8137,26.5918,21.6047,184365.4297,9.6732,143.2777,0.1506,0.0745,1.2215,520.9081,945636.5491,0.0260,6.7336,71.0597,0.0045,0.1011,0.0001,0.0195,1.1267,889.0325,0.0256,4.2952,10.6575,0.0012,19232.2938,0.0002,88602.9786,0.0068,254.0177,5763563.6922,0.0337,1100870.0745,0.0005,1.7227,1035207.5997,16602.0645,3053.0935,15.5221,198.9100,0.0000,365.4536,181.2096,0.1437,2.7537,0.0004,3923.6511,25.4850,0.0085,8171.6675,0.0981,16.8186,1099.3461,2051.6019,569.3782,5.1051,0.0008,0.0001,610.9070,28619.1946,0.0007,0.0004,385.1404,1350732.0233,7331.1215,0.0013,1582719.9470,2976.2205,0.4560,19.3737,0.0000,788.2299,0.0009,5.4147,1.0112,415.6508,292256.6436,0.0010,3663723.3246,0.0004,175621.5167,196474.4927,32043.2619,51537.8047,0.0000,121459.4141,4.4892,0.0001,0.0111,159.2373,780.1603,1.3766,70.6242,325062.9056,0.8800,4.3557,3.8425,2.3069,0.0001,0.0007,0.0001,14.6046,0.1095,0.4407,0.1880,23257.9726,6.0882,1093.5455,0.0005,1045.3292,0.0223,3613.5443,23.5548,723.5897,258305.7662,0.0744,39.9296,132111.7394
0.1923,41941.7241,0.0001,3.8678,485165195.4098,1704.5212,6270.5332,357230.4370,15210.0034,0.1226,14211.4545,5382.3225,109561.9726,128.7215,342.1765,8650792.4591,0.1583,452232.4477,550266.6340,341591.2504,127.7602,4946.0645,4.0016,100.6285,165.9094,953.6277,16.0095,957.1179,15.2378,0.0000,73.5852,687588.3629,2521735.3135,2714.3588,44136.7038,130818.2565,12.6853,11777.7672,51.2405,174628.3870,0.0324,292227.2264,216.4058,44.6256,6040.2085,18.8599,1963704.5608,15777.1129,42695.1648,9892.5158,3693.2701,0.0140,14024.2990,2438292.2838,0.0051,11927.1775,2972.6977,14220.8023,90712.2549,13652796.9820,7826.3001,699.7325,39806.3915,7396.9283,130649.4075,2050148.5175,173.7826,62894.7085,4.6311,266179.3015,0.0000,0.0004,31.4709,0.5801,1.4389,3.7667,778.1047,326.2106,0.0000,1594924.4916,24.1365,618.7758,7366.4119,1122693.0609,154222.2743,33474.1172,8156.5299,57.0995,299.3701,0.4660,183949.9680,4.5004,0.2565,14827.6968,59179.9123,2.9881,0.0008,0.0000,15699845.9457,760544.4797,0.3441,147445.1469,15009.0499,323001.4784,183739.2779,4396.9077,69.7005,408215.8811,786.7740,4902.6759,40240.0928,64.0846,0.0006,1975633.8979,15105.1304,24238.0419,0.0270,4372424.9213,5.3634,381.7967,116301.1380,1371.9430,39312749.9708,1150053.5681,0.1972,15.1476,5.7344,21.3708
0.0153,834.0557,0.0000,35.1674,1704.5212,485165195.4098,0.2453,33.3788,80.4240,162.5780,38.2682,19684.6343,417.0333,3287.5352,53.6463,8.1689,0.0142,3456.5041,1.1886,1019.2291,0.5500,201.9497,95.1097,0.1586,0.1049,1374.2295,0.8087,0.6570,90.2015,0.0033,10562.3499,25694.3438,119.9429,2811.6144,0.0407,26.7187,3.5273,330.6607,2.4333,23.2555,3.9765,0.1687,10993.4530,0.0384,31487.8640,1666.9368,8130.8894,860.0252,3.1795,0.2023,0.0345,1.9026,0.0275,4460.6008,0.1769,698.2638,0.0519,239.0192,28.4042,365.2831,20.1344,0.0171,3525.0291,0.2405,18303.5549,351.2848,7.5767,46.1023,8.0317,306.1113,0.0031,0.2454,0.0482,0.0736,0.3583,9660.7775,7220.0463,368.7592,0.0015,8.7917,6.7415,51301.9475,2.3451,181.7914,2364.5122,147.2818,328.3782,84400.1768,1055.4903,0.8812,153.4474,0.3615,18.7486,40982.1118,1.4027,9.5546,0.0000,0.0152,1391.0792,584.6347,15.2201,1.9397,45.6388,1847.5385,5.9568,0.7065,6.0939,27447.5459,0.1309,32.2825,2622.7856,0.0310,0.0000,8877.0327,859.4643,712.2655,0.1450,799.5640,2.7218,0.2674,8218.2221,1.1747,95.2367,66834.1011,18.1236,0.0430,1118.3043,0.4559
4446.5694,2351.4701,224.2393,0.9312,6270.5332,0.2453,485165195.4098,11716.8987,22.6790,0.0264,62.0901,0.4939,28.8692,49.9907,7.8382,36128.0123,475483.5664,790.4832,447882.9818,66814.2499,104263.7619,9.2988,0.0854,0.0012,122513.2097,1.1126,4.3996,717687.2977,3025.0835,0.0000,2.1110,0.2159,656065.3334,2.4987,8746.6447,381.7310,0.0001,668.9635,46.1702,4559.8764,0.0170,185554.1410,0.2525,562.5164,685.6035,0.0006,20.2103,40.1037,816.3887,43.6044,1105.5770,0.0166,85630.4451,11081.3285,0.0011,4939.8605,1425.4375,1046.6759,3720673.1342,450.9755,515014.0990,34021.9308,36327.3153,8247.9601,11.9448,3608.5619,0.3778,66246.5144,0.0081,120.7274,0.0007,0.0247,170825.2678,0.0615,0.0874,0.0017,0.0274,0.3068,0.0001,5383.8044,21.3384,0.4064,77461.1943,36058.6516,6.6177,13740.5989,5.6671,0.0004,10.8346,398.9843,641.0828,498.3027,1.3068,4.6928,3298.6970,0.0088,0.1187,0.0000,24260.4627,1.2357,0.0056,101903.1063,19715.5745,18.0632,29.7189,32421536.4623,5289773.9591,205.3755,240.7890,30704.8760,6.6103,0.4586,44326.8217,630.5926,24.3205,153011.3818,0.0292,1577.6935,76.9851,1.8712,43700.5655,61561.8519,7693.7614,2.3269,1.6189,0.0632,19.4996,213.2202
0.0624,8.8604,0.0001,4.6959,357230.4370,33.3788,11716.8987,485165195.4098,187813.2024,7.6388,324809.8967,59127.4980,115134.7003,791.6533,6631.1168,16065342.2269,43.0520,817.2857,33145.5208,75491.2671,1454.8863,186212.8242,0.0234,1.0649,16.2164,48.9841,0.3734,174.6569,0.3744,0.0000,550.9490,20496.3242,127623.1116,3206.4762,1143.9384,500386.1680,0.3790,28517.3120,22.3090,9847768.8756,12.5632,65176.9710,254.9963,12.9375,766.5229,13.9940,926119.5529,1162.7086,820.3492,36654.6383,804.4108,5.5449,1784504.1969,3248.7521,0.0026,4095.8906,25379.6435,1096.6688,364.0146,169302.8381,8260.6814,7089.4140,103175.7180,977.5250,2986023.0832,513571.3224,157.1227,1327.5136,89.7413,103649.3806,0.0000,0.0001,112221.6903,1.1617,6678.9402,0.0199,392.4596,0.1152,0.0002,26908350.1571,0.0983,23.1470,24.3457,3841.7282,530310.8428,7507.8894,54783.9627,0.0883,600.5466,0.9197,39042.8618,181.3092,235.3341,2369.3931,9607.4882,7.3092,0.0107,0.0000,95737.9355,239806.3175,28.5044,22873.8413,10796504.4577,19624.2419,3316224.5546,7209.8282,512.0582,966246.9211,182041.8667,131.6333,25.4530,2782.5644,0.0017,4287.5511,1420438.9076,10359.9216,0.1053,216383.1629,0.1062,22413.1348,884.2088,475494.8535,7165977.8262,477.6925,420.6217,0.2638,0.3977,69.5859
0.0000,0.2025,0.0000,3314.2940,15210.0034,80.4240,22.6790,187813.2024,485165195.4098,2756.4223,5882080.5351,55642.4856,5214539.2984,17721.9340,3041.7758,51441.0279,45.2030,16012.5022,2818.7394,30.6909,61.7834,275055.5317,0.0001,0.2876,0.3067,8.5740,0.0011,0.0871,11.1324,0.0000,5308.7895,628.5649,371.4335,695981.4055,3.4401,2795335.2605,0.3039,1030502.5455,1.8628,17453.7482,154.9457,9.0040,2620048.5523,0.0100,12.9567,734.3529,29099.7950,1368289.5379,354.3785,65643.5881,466.1190,502.7627,1164.3348,11.1797,0.0001,4.7521,4673.3001,6.3139,9.4802,5801.8929,1130.2103,1.8330,376.4766,15.4093,5766.4363,13983.5821,0.0059,0.4816,126.5141,320673.0869,0.0014,0.0000,123.1129,2766.4505,8823.7431,0.0031,5369.2876,160.8128,0.1493,170443.3854,0.0001,801.1781,0.4595,1024.8266,437.6704,118360.6996,403080.7075,1.2390,3089524.9703,0.0684,2000449.3903,551344.8121,21488.0937,8172572.9734,34.3738,34195.4922,3.5192,0.0010,25.8882,1274536.5258,63644.7171,28480.6619,9713.9333,1816149.9772,8879.5105,15.9180,0.6276,9456.0598,0.1462,3.0845,1.7418,205831.9372,0.0006,14.1095,1018.3412,195.5250,0.0027,18151.9821,0.0001,3727467.5353,20.8490,154.9227,1313989.7574,3512.2351,36707.9711,342.2234,1.6317,1872.5555
0.0062,0.0001,0.0236,1749371.5134,0.1226,162.5780,0.0264,7.6388,2756.4223,485165195.4098,14571.4209,23828.7726,1206.5394,579.0574,1903507.9564,0.6268,18.8973,0.0274,0.0012,10.4931,187.6829,1846690.2021,0.0003,0.3156,148.7071,0.0017,0.0052,0.0000,0.3661,6.8044,63284.4067,0.1708,0.2140,348.1867,0.0014,1059.1017,0.0004,221163.8585,0.0113,8.7927,1705141.1954,0.0041,1724630.7521,0.0016,34.3182,908155.3537,313.5864,2729.3029,41.9984,4.5707,0.0000,20669.5428,15.4602,0.0027,0.1271,0.0012,3096.5007,2.3864,0.0039,21.9011,0.0746,1.5012,5763.5933,4.8074,103.2876,1.7678,0.0014,0.0002,6897.4820,1998.5911,0.0450,0.0024,4.9254,118721.8441,270675.2238,0.0008,961245.4405,1.7194,13.8203,11.8269,0.0000,338.5228,0.0003,0.0021,0.2919,404.7588,2153.1222,0.0851,7375754.3056,0.0000,10322.4907,125998.3360,583872.5070,858023.4096,0.0003,1044701.3795,4.7041,0.0798,0.0026,793.8290,6525.8661,0.1199,3557.4078,846.5653,1.1251,0.2861,0.4304,12.8609,0.0004,0.0004,0.0003,1122.0194,0.0073,0.0207,110.1595,10233.7040,0.5453,46.5576,0.0004,1659.7424,0.0772,73.8630,1.1120,94.4813,3708092.9243,0.3229,0.0808,173.4279
0.0007,0.0791,0.0000,209.2901,14211.4545,38.2682,62.0901,324809.8967,5882080.5351,14571.4209,485165195.4098,109852.5079,460779.5500,541.7414,7649.1203,447343.6685,30.9864,127.5900,2984.7599,835.0209,1122.6401,1242778.0269,0.0000,0.5150,307.1635,0.4427,0.0015,0.0336,3.5046,0.0026,132.7714,168.1487,495.5155,6842.1523,240.8522,540027.3471,0.4793,81427.3104,0.2078,58154.0143,416.6529,1855.6646,404067.2773,3.1926,10.2121,6668.0014,16631.5170,38366.5228,4122.9400,885280.4077,106.4677,150.6170,71951.5507,5.8354,0.0003,4.5266,43991.7972,46.9472,13.3859,12787.4996,24.9914,744.4424,821.3863,2.7342,2264.7238,642.5946,0.1147,1.7922,10076.8338,151878.8629,0.0043,0.0000,29.3572,17002.9957,33201.4878,0.0001,32337.1845,5.1487,0.0109,822253.2962,0.0002,4.5048,0.2557,86.9706,261.5139,8558.9967,39035.8614,0.5540,1431662.2802,0.0003,161445.9702,29554.2308,810.9466,1949560.2127,68.4011,227809.8539,3.1426,0.0016,39.9350,1069682.0274,1423.2441,340.1980,189361.3765,90102.0596,142839.8771,18.2228,1.3046,51131.4289,3.9851,0.0847,0.1093,156411.0507,0.0010,1.8056,8179.9009,1740.4886,0.0018,467217.7545,0.0002,1107598.9882,10.7082,168.1267,1014400.0810,807.8561,13307.3216,194.2486,0.0025,3.1631
0.0177,2.8822,0.0001,147.8137,5382.3225,19684.6343,0.4939,59127.4980,55642.4856,23828.7726,109852.5079,485165195.4098,45202.5363,99311.8174,70233.2763,420.6475,0.0221,1203.1220,8.9493,4091.3905,0.8959,59650.1511,0.8324,150.4228,18.2042,28282.5707,28.3455,0.2961,3.6905,0.0001,97209.3377,22564.0401,8130.9390,37160.9739,228.9173,13902.4771,114.7128,518649.6059,10580.9640,577.7493,21.1503,16.8940,2125.5502,1.9906,24394.8818,929.7513,32885.0363,244880.7403,157419.1389,1450.2863,0.1330,5682.1413,341.9659,13.3998,7.9168,0.2522,530.1491,103.3338,0.1277,11620.4860,6.0277,65.6322,31236.8343,9.6401,134388.3512,221424.8953,1847.8226,14.4017,1.9079,7790.8620,0.0000,0.0603,0.7238,8.3324,546373.9431,0.7613,28261.4116,5.6138,0.0006,642.3958,0.1262,302838.1793,3.9618,4.3641,742100.1489,23.6133,212.9121,3.0985,84877.5142,0.0003,19383.3517,11.9824,183730.8718,817355.8478,192.1145,2487.4129,0.0117,0.1887,946.2192,45111.5044,2.9902,4785.3649,66525.3201,54634.1865,130.7367,0.6080,10.7376,3014.5260,272.2474,6.8455,133.8210,21020.0362,0.0000,2799.8602,6904.4207,668.6059,366.9505,8520.9013,19.7574,950.4883,536.6815,96.2775,3427.0677,824.3673,19489.3455,7.7026,3.9903,2.7443
0.0003,76.6845,0.0000,26.5918,109561.9726,417.0333,28.8692,115134.7003,5214539.2984,1206.5394,460779.5500,45202.5363,485165195.4098,235772.0166,91810.2745,41841.5296,2.4320,85297.8778,416.9073,14363.3375,62.9653,106911.8452,0.0022,0.7266,5.2820,4.1847,0.0323,13.5477,466.1693,0.0000,154604.8043,46097.8372,202.9676,8285953.6984,47.3893,32881.1977,0.4956,2697708.3957,9.5164,796.0610,1.8406,22.0855,123029.6629,0.0958,7110.6063,177.3646,9041.0611,544710.3579,3392.9443,30.9347,160.9212,20.7081,167.4921,228.8625,0.0000,325.2135,52196.9393,358.8739,281.7022,2565.2378,34869.6865,0.2228,39851.9191,17.4382,1387.2701,184455.7189,0.0302,253.6994,242.4954,270878.1409,0.0003,0.0000,56.3349,7.2318,1818.0600,0.0597,945.9737,0.2882,0.0169,112467.6539,0.3665,3879.3582,176.4081,73.6589,185.9954,896962.0892,1085.1014,131.0849,109952.2196,0.0274,1301953.8494,51535.6648,6294.7208,4206115.2765,3812.8739,434.2908,0.0384,0.0053,2543.6417,7369563.5423,2597.0311,24073.6546,82705.4986,10515.9174,17449.6973,34.6192,0.6110,8522.5863,1.9187,951.8827,460.3917,49532.1851,0.0002,2284.7913,168847.0417,5990.7576,0.0002,2144.0180,0.0088,50970.8170,6151.3124,12.4623,1013604.5736,59210.3460,331.1741,998.6524,0.1595,55.7498
0.5113,1675.9908,0.0011,21.6047,128.7215,3287.5352,49.9907,791.6533,17721.9340,579.0574,541.7414,99311.8174,235772.0166,485165195.4098,21795.3074,8.2043,9.7184,316833.6146,150.9604,2136.4415,3.6860,191.0845,3.1867,0.8308,3.4369,2188.1337,215.2797,120.7815,37323.4575,0.0000,22389610.0700,2777.3190,174.4785,26593846.8538,7.2885,14.4878,2.2617,1588270.4806,46840.3059,0.4401,0.0895,1.6456,395.9334,27.2410,218224.0255,1.2478,21.1237,3290529.2549,11320.9821,0.0633,1.9201,1144.7966,12.7788,5.2029,0.0006,24.0769,596.7747,2443.9644,8.7321,5.6219,37696.0102,0.7328,91034.9410,19.5932,102.4615,215065.7958,1.6013,186.4956,0.0251,129.6508,0.0001,0.0027,35.1836,0.0212,2458.4571,8.9267,3.9534,0.0860,0.0545,8.2010,47.7903,1073433.4841,7510.4531,2.7846,61.7292,303.0555,0.3752,14.4644,17257.8272,0.1115,169949.6752,8601.8495,1107390.9845,99297.0701,20673.5035,1.3164,0.0013,0.0317,893.4027,2952.2464,1.6776,60811.0839,31953.7182,102.1227,0.6803,114.9299,111.2453,25.6370,7.3789,96039.2485,1155.2128,30750.0911,0.0067,11657.7339,944.4267,1748.2297,5.1760,5.1135,64.1539,16.0771,56750.4158,3.3732,432.7771,886.1174,35.7223,1276.9312,1297.2259,5.8875
0.3550,0.0572,0.0056,184365.4297,342.1765,53.6463,7.8382,6631.1168,3041.7758,1903507.9564,7649.1203,70233.2763,91810.2745,21795.3074,485165195.4098,1187.6119,2.0501,2.6577,0.7517,5418.8491,688.3443,12844994.4689,0.0781,73.0837,1416.5772,0.0201,11.4545,0.0279,0.2734,0.0195,845984.0379,160.6874,33.7194,16010.1462,0.7680,13069.0359,0.0093,5737272.5337,1.5940,592.9213,48889.5384,6.6138,27839.5948,0.3079,1764.9641,128280.6966,54581.7310,8932.9465,15640.5441,6.3992,0.0002,323.0103,11401.1062,0.7094,0.0502,0.0521,10242145.0970,5340.4980,0.1220,16080.1774,23.2048,246.0425,2475276.0921,13520.9501,18978.3102,11884.2190,0.2857,0.4558,7939.3097,143949.9999,0.0000,0.0002,8599.4571,2041.5175,1808270.8120,0.0041,380073.3423,0.0185,0.0157,3494.9586,0.0048,4538.2355,1.0768,0.0597,130.9660,1669.3173,923.9397,0.0218,281390.8809,0.0000,1353056.4642,54973.7486,345939.8098,128429.8267,3.1044,8143.3833,0.0273,0.0003,29.0973,191042.9339,40.5109,50.6922,1358827.0232,2549.9611,784.0651,92.4712,3.7546,60.6380,2.6061,0.7937,0.0424,3078.3384,0.0015,418.6642,24827.8703,1490310.5764,3.1589,1484.3171,0.0286,1749.5104,12.0207,22649.2072,990.6311,6194.4123,10450.8806,4.5077,0.0571,364.7195
0.1731,39.3797,0.0004,9.6732,8650792.4591,8.1689,36128.0123,16065342.2269,51441.0279,0.6268,447343.6685,420.6475,41841.5296,8.2043,1187.6119,485165195.4098,11.9905,591.9973,593935.1540,81069.0394,11092.5795,215875.3027,0.0052,11.9590,511.3370,1.3955,0.4333,31.1561,0.1605,0.0001,2.4928,4513.8763,54437.6434,120.8761,9211.2947,495558.5805,0.4087,2899.7794,0.2335,19785698.9265,14.5431,3259892.5251,488.0112,80.3200,17.4436,139.4400,2413019.1331,330.9905,1026.1184,373560.9483,2377.1224,0.0395,7702909.2616,59764.3919,0.0007,2867.7374,133944.2663,20246.5046,3775.9708,7237805.3526,889.7177,35674.6821,14771.6788,3528.0641,166639.7081,19692.8684,30.0644,1086.5882,1994.0973,2405848.3298,0.0001,0.0000,28487.1787,67.7681,117.0255,0.0038,1764.8424,6.7019,0.0000,113740928.4822,0.0879,0.6271,102.1313,175227.5382,49842.5499,20777.3603,195715.5989,0.2081,517.4125,0.1177,96935.4197,129.6336,0.2852,1553.3297,4381.3137,30.7147,0.0212,0.0000,110894.6557,583516.3186,3.9309,3432.9911,418251.3876,145916.3591,20552731.4122,9853.0815,71.8909,408785.1377,6195.6878,25.4220,6.2586,144.6360,0.0061,4761.2928,47429.9956,31511.9839,0.0022,11626283.7873,0.0112,15443.8380,540.0693,135760.0094,72165549.2221,4487.6400,4.2131,2.3125,0.0306,89.4016
4.6307,0.0252,552.5520,143.2777,0.1583,0.0142,475483.5664,43.0520,45.2030,18.8973,30.9864,0.0221,2.4320,9.7184,2.0501,11.9905,485165195.4098,0.6500,18.3799,6.5303,2510.5018,18.2329,0.0003,0.0001,801.2861,0.0020,0.0012,515.9036,100.0423,0.0166,4.0733,0.0000,85.3924,0.4469,0.5221,52.1852,0.0000,422.1633,0.1246,17.7309,24.7698,5.8956,36.7041,0.0674,1.9779,0.0034,0.1225,4.2884,1.0980,9.7042,45.1560,68.8005,427.4649,0.1778,0.0004,9.4149,21.9794,0.1127,2900.7548,0.1144,4024.8884,23.0573,103.0120,75.8194,0.0213,1.5873,0.0000,0.5128,0.0297,1.7245,1.8045,0.0010,23288.5384,5.2967,1.6105,0.0000,0.0138,0.1747,33.6678,43.1972,0.0015,0.0040,1.7050,12.2058,0.0007,18943.4309,27.7040,0.0000,207.4279,1217.6019,124.6384,295385.2060,315.1730,10.0428,0.2686,1.4739,1551.2791,0.0011,0.0853,0.0193,33.2541,425.7313,143.0575,0.9133,0.1027,316145.6190,21122.6702,0.3433,0.0284,9.6138,0.0022,3.4606,964024.2350,0.0036,0.9157,630.1579,0.0043,0.3817,0.0318,89.1272,2.9188,2347.5119,7.8678,0.0041,1615.7486,0.0747,20.4617,13253.3474
0.6222,5997184.8517,0.0004,0.1506,452232.4477,3456.5041,790.4832,817.2857,16012.5022,0.0274,127.5900,1203.1220,85297.8778,316833.6146,2.6577,591.9973,0.6500,485165195.4098,238903.8957,26945.7168,3.8023,0.9957,29.6568,1.5134,2.3112,162977.9626,124.6068,61622.8854,256343.7628,0.0000,9126.5397,310492.7441,175280.7747,1268580.0923,3494.5430,49.6949,42.2943,12251.2243,36097.7386,8.2119,0.0000,574.4799,28.8452,286.3473,184808.1590,0.0199,184.8225,3717896.5746,6972.4104,1.7163,11473.2205,0.1349,3.5010,131487.5748,0.0002,27402.7471,3.7973,3772.3247,53244.4450,713.1631,444703.1439,0.9171,3297.2779,21.7237,144.7470,1325872.1847,28.6044,217639.5630,0.0005,227.7709,0.0000,0.0032,0.1582,0.0008,0.0308,1394.8075,0.2470,390.6478,0.0000,139.2157,7505.4273,185898.5560,998872.1217,158677.7405,482.5015,4088.1573,2.4866,3266.4939,248.0554,86.7676,40373.6716,14.5760,32.8017,13484.7382,1178584.2452,0.0064,0.0002,0.0087,2099536.8913,8154.4985,0.0635,1851753.8558,199.5168,2179.3543,6.8018,547.0264,307.1890,5533.1403,19.5006,6971873.4631,3647594.0005,1598.4460,0.0093,2492354.3984,107.3256,190.5318,0.1465,1206.2781,1003.3163,1.9721,9654972.4002,0.1058,124036.0215,178826.2052,0.0151,1449.0674,27618.8971,0.7764
22.8955,62133.7583,0.0373,0.0745,550266.6340,1.1886,447882.9818,33145.5208,2818.7394,0.0012,2984.7599,8.9493,416.9073,150.9604,0.7517,593935.1540,18.3799,238903.8957,485165195.4098,6682.9490,2187.7808,5.6906,0.4621,0.4077,340.8065,591.9771,192.4339,5177.7309,606.2076,0.0000,1.0142,2221.6469,181136.5083,216.1667,116868.4806,1594.5989,13.6601,133.1038,506.3852,10957.3306,0.0007,2207458.1105,0.8038,39292.9448,139.0214,0.0238,475.8479,7385.0349,5951.8451,9525.9219,119028.8990,0.0160,65810.3757,23914.7097,0.0017,8095.8701,423.1130,5349.6833,96038.3062,9885.5181,12181.4131,15440.0052,206.3707,870.4189,119.4027,61723.8569,196.8736,22726.2527,0.0376,1954.9678,0.0001,0.0130,760.3910,0.1762,0.1427,1.1491,0.7003,196.5821,0.0000,33739.8509,91.7883,20.6787,77223.2480,810376.7392,2920.8118,196.9090,43.9659,1.0611,19.9073,16.2425,2820.3720,12.6785,0.0532,34.8136,194532.0214,0.0629,0.0053,0.0000,503053.0962,733.4047,0.0105,302743.7479,3033.8605,2413.1744,1333.4216,36553.6090,3513.1338,17148.4378,4691.7966,21477.6018,987.6290,422.0249,0.9019,16647.5551,28.8511,345.5154,0.3338,155742.9212,33.9011,36.2195,35754.6357,415.5849,1706995.3365,1390.6916,0.0068,203.5468,22.8488,3.2646
7616.2238,153533.7887,0.5261,1.2215,341591.2504,1019.2291,66814.2499,75491.2671,30.6909,10.4931,835.0209,4091.3905,14363.3375,2136.4415,5418.8491,81069.0394,6.5303,26945.7168,6682.9490,485165195.4098,239117.8367,838.6989,2.6148,0.2433,139357.9745,163.2909,207.6917,94813.6274,12452.8369,0.0000,1360.7129,7673.7378,995688.3340,362.7316,15289.4511,26.2723,0.0086,13479.6117,400.5544,20996.8350,0.0191,391024.1424,8.4001,11199.3866,2392981.7083,5.8144,4181.9315,10094.1650,16583.7679,1.7735,0.6268,0.0015,24082.9061,3159949.3481,0.0006,107903.6459,3483.5780,3216546.3481,59785.6648,61918.0198,138989.4558,29808.0597,10677744.2215,51.8169,11447.7069,75295.9221,532.1456,4454297.1557,1.1024,22894.0905,0.0000,0.4097,111.9491,0.0113,1.9619,5.0530,155.1522,1.8057,0.0000,25989.7423,5100.1100,2902.3023,228738.4006,35154.9756,4198.5101,3039.5028,6.5275,22.5904,338.9166,0.4065,5872.6155,3.5292,24.8249,2392.8299,24798.9880,0.0067,0.0000,0.0000,4929744.4008,1449.1402,0.0008,2550.1384,1006313.7944,508.4119,1663.5777,22168.8221,309050.8110,216849.0594,4161.5327,139383.5836,2720.3369,10.6387,0.0804,2132753.2095,19487.3846,5258288.0897,0.0487,268938.2404,1591.3664,0.0315,10825548.6909,368.7912,55870.4079,37717.6924,2.4558,0.0247,91.9210,0.1334
11873.3140,11.5154,16.0062,520.9081,127.7602,0.5500,104263.7619,1454.8863,61.7834,187.6829,1122.6401,0.8959,62.9653,3.6860,688.3443,11092.5795,2510.5018,3.8023,2187.7808,239117.8367,485165195.4098,976.8144,0.0004,0.0001,60343.8592,0.0094,0.3262,60.7338,1354.2895,0.2001,3.0771,0.0687,1313.9335,0.4567,2.5516,42.1917,0.0000,215.4860,0.0771,248752.4635,42.2103,20503.1954,215.8095,450.7492,82.4064,160.7024,42.4982,166.2812,4.6071,44.9935,0.0097,0.0002,87799.4332,9741.3087,0.0002,1318.7707,10215.6157,126280.4286,638.1786,1109.5189,13459.9771,521471.3677,16305.1352,1.7957,223.1382,3.1541,0.0323,1166.3186,155.4221,29593.5845,0.0470,0.0774,16512.4750,70.6156,1.0559,0.0098,1008.0253,38.2642,0.0001,11569.6759,0.4759,3.3109,43.1531,23313.0931,1.8966,288.1345,332.2849,0.0715,4003.3168,0.2529,362.7098,2509.7264,18.1513,175.6043,0.5493,0.3064,0.0002,0.0000,97.5830,3.3579,0.1589,2.0500,76466.2460,929.3931,651.0978,16998.0619,479004.7537,7772.6545,3.0368,19.6487,0.0038,0.9284,47.1427,31.6769,6.2746,1669065.0809,0.0011,77177.2414,0.1187,0.1314,630.0551,3408.5485,977.4443,200.9632,863.0414,0.0002,22.3883,2.2550
0.0007,0.0012,0.0001,945636.5491,4946.0645,201.9497,9.2988,186212.8242,275055.5317,1846690.2021,1242778.0269,59650.1511,106911.8452,191.0845,12844994.4689,215875.3027,18.2329,0.9957,5.6906,838.6989,976.8144,485165195.4098,0.0007,32.4884,335.0166,0.0044,0.0158,0.0008,0.0027,0.0149,8992.3524,97.4850,78.2934,1426.1133,0.6891,2864082.0621,0.0065,1921913.6053,0.0042,172464.7766,2375949.7202,45.9132,3047796.7638,0.0104,30.1513,2338743.3669,6754366.7188,3569.2248,663.2695,10604.9244,0.0137,960.1362,142651.0868,2.6639,0.0146,0.1642,1042637.5613,319.7893,0.4257,630219.3944,1.2371,161.0019,167174.3407,6626.7273,173674.7024,1370.5226,0.0690,0.0128,295406.9012,3959637.0320,0.0001,0.0000,8258.5378,214636.7564,947344.9408,0.0001,7643475.0109,2.4314,0.0236,765266.4104,0.0000,43.6160,0.0063,4.5036,763.0143,56903.0712,3592985.3877,0.0170,3249500.3478,0.0000,3044649.4493,125204.6753,7863.6888,1174107.6264,0.1539,824734.3990,1.2462,0.0001,8.3998,2003829.0215,6799.9087,20.3711,600366.4951,405574.5222,70788.6755,44.8232,0.6010,6640.4889,0.6363,0.0045,0.0041,2191.5904,0.0003,11.2639,56572.1861,293969.1368,0.0521,205545.6637,0.0000,617283.3710,0.7879,161025.4950,109148.9827,6425.3533,112502.0086,1.3832,0.0081,10270.3446
251.2211,6762.8661,17.6448,0.0260,4.0016,95.1097,0.0854,0.0234,0.0001,0.0003,0.0000,0.8324,0.0022,3.1867,0.0781,0.0052,0.0003,29.6568,0.4621,2.6148,0.0004,0.0007,485165195.4098,632.1142,0.0185,23663.9069,501983.8327,135.3792,0.1813,0.0309,8.9089,991.2237,10.6395,0.1738,2.6230,0.0026,2380.8206,0.0370,5717.7202,0.0056,0.0010,0.2156,0.0000,10.0968,1799.6640,0.0058,1.9988,0.1192,1.6760,0.0002,0.0728,0.1803,0.0039,68.8880,25772.9762,7.8161,0.0011,14.9408,0.7316,1.6787,0.2251,0.0453,3.2461,162.5836,8.9637,200.2253,113839.5253,77.9877,0.0001,0.0056,0.0013,21012.5575,0.1461,0.0000,0.0075,641158.7305,0.0178,2.5628,0.0120,0.0007,53114.8616,3561.7169,368.6468,1.8452,1234.5834,0.0012,0.0019,36.1445,0.0001,197.4651,0.0102,0.0000,0.0180,0.0004,22.6540,0.0000,0.0004,19.4888,1324.8071,0.0065,0.0001,7.7152,0.0154,0.0367,0.0012,0.4720,7.3383,0.0709,506.5781,1853.1857,32622.2353,0.0021,0.0465,23199.4918,0.3302,0.0949,124620.9629,0.0158,684346.3505,0.0000,252.4798,0.8032,0.0110,7.0246,0.0001,0.0671,5335.2991,1.0739
0.2511,1.0698,0.3729,6.7336,100.6285,0.1586,0.0012,1.0649,0.2876,0.3156,0.5150,150.4228,0.7266,0.8308,73.0837,11.9590,0.0001,1.5134,0.4077,0.2433,0.0001,32.4884,632.1142,485165195.4098,3.8416,85.1756,24367.6047,0.0154,0.0001,0.5501,0.8719,180.2086,2.1953,3.0584,3236.1354,2.9804,222550.8118,7.8858,104.4039,0.0897,3.4089,39.6911,0.0512,45.4221,0.1028,68.2176,963.2029,8.4953,17203.9439,60.2517,0.7297,72.5978,52.6103,0.1417,5908.3817,0.0001,136.0276,28.9212,0.0008,3719.5611,0.0001,6.7652,0.7308,2553.3805,6.8173,104.6404,11420.7963,0.0300,1.0058,18.6533,0.0001,3.5313,0.0207,52.3112,1875.7975,0.5742,26.4366,2.6629,0.0223,0.8224,2.0649,18.3490,8.6438,0.0858,381.8130,0.0080,0.8361,0.0615,0.4254,0.0000,204.4783,0.0065,0.7166,0.5736,115.1170,37.6481,16.3488,123.2657,8.9935,645.2560,0.0028,15.4873,0.0929,34.3893,6.0887,0.0043,0.0002,0.0111,64.4025,0.1185,8.7026,140.8508,0.0011,264.5756,0.5955,0.0913,24711.6208,16.7026,48.4296,29.3993,0.0462,0.4344,21.2129,18.3403,0.0020,18421.1595,0.0431,3.5224
76254.3267,47.8114,31051.2082,71.0597,165.9094,0.1049,122513.2097,16.2164,0.3067,148.7071,307.1635,18.2042,5.2820,3.4369,1416.5772,511.3370,801.2861,2.3112,340.8065,139357.9745,60343.8592,335.0166,0.0185,3.8416,485165195.4098,0.0964,307.0637,371.7534,172.2093,0.0208,0.8706,0.0152,10104.3569,0.0781,112841.8827,9.2031,0.0015,2107.5062,23.7377,36.4783,2.1535,134426.6684,0.6177,11066.0477,792.3214,4.3021,8.3265,147.8634,150073.9836,23.7870,0.0384,0.1545,95690.0936,96.5588,0.3027,0.2189,22026.5799,9994.5939,1143.2970,2651.9072,10.8356,263529.6053,31431.7073,698.3237,0.1983,39.5995,5.0248,527.6075,0.4998,580.2753,0.0001,9.6219,70.9181,137.0521,32.6392,0.0000,45.2944,1.2295,0.0000,31.7406,7.1304,2.0992,8284.9983,38.4771,0.9164,96.3326,0.1663,0.0001,815.2239,0.0008,828.1128,50.5425,7.4152,63.3570,31.4866,6.6642,0.4820,0.0011,155.1604,2.0647,0.0000,153.5032,2129.4065,22.4261,0.5576,4402.3824,76735.1216,3.1644,5.2428,23.1600,0.0494,3.1098,1850.4189,81.0864,0.5319,615225.0838,2.7596,8114.5997,443.6827,0.2165,1666.8796,109.4796,86.9192,4.3680,6.0338,1.3287,0.1209,5.9666
19.6877,84650.5976,0.0269,0.0045,953.6277,1374.2295,1.1126,48.9841,8.5740,0.0017,0.4427,28282.5707,4.1847,2188.1337,0.0201,1.3955,0.0020,162977.9626,591.9771,163.2909,0.0094,0.0044,23663.9069,85.1756,0.0964,485165195.4098,36271.7475,1881.6055,421.6040,0.0000,35.0852,18333.0264,13924.5242,155.8236,4225.5630,0.2348,38496.6568,9.2766,13249889.3545,1.5839,0.0000,113.9367,0.0061,1011.2997,10255.1859,0.0029,5.1570,5875.5396,1492.6065,10.5046,100.4686,1.5276,0.4350,2048.9914,159.0803,32.4022,0.0027,53.5320,2.3740,40.4543,53.0338,7.2883,4.0926,0.1279,140.6150,42713.6229,333239.9079,7804.7686,0.0000,0.8699,0.0001,607.9297,0.0042,0.0001,0.7637,16086.0272,0.1055,943.8649,0.0001,0.2392,18799.8697,167026.3207,8499.3573,2765.1520,436421.3157,0.0066,0.0230,157.2082,0.2691,42.1674,1.7808,0.0003,21.9659,10.3022,12933.8531,0.0013,0.0004,6.1592,27527.8291,0.9399,0.0002,19933.9576,1.6883,241.5479,0.0886,0.1571,218.4262,57.7018,5611.0212,35618.8544,437170.0166,18.4508,0.0013,108417.4945,0.4963,0.0517,11335.9367,31.1950,766451.0955,0.0072,22742.5569,0.0274,41.4110,19.4969,0.0685,6.3312,54461.8235,0.0519
126497.2721,26162.7001,616.5448,0.1011,16.0095,0.8087,4.3996,0.3734,0.0011,0.0052,0.0015,28.3455,0.0323,215.2797,11.4545,0.4333,0.0012,124.6068,192.4339,207.6917,0.3262,0.0158,501983.8327,24367.6047,307.0637,36271.7475,485165195.4098,271.3484,8.9440,0.0378,11.5209,102.3920,198.1328,2.3358,6707.6642,0.0052,7374.3080,3.9620,1278729.3816,0.0380,0.0011,1059.9949,0.0000,274654.3362,1765.4964,0.0450,1.1592,75.5613,19324.0077,0.0713,0.0562,0.2787,43.1083,16.9990,4145.4226,0.0839,20.8819,40487.0361,0.0961,61.9503,0.5636,2297.5137,69.0566,302.8614,1.4876,1913.5597,949691.9626,438.8791,0.0002,1.6757,0.0000,35512.8674,2.6194,0.0017,9.2888,953.2958,0.1445,2.5553,0.0001,0.0077,113445.3131,13889.6651,87995.9643,5.7275,2067.8380,0.0002,0.0001,0.2024,0.0191,0.0102,4.4876,0.0006,2.2110,0.0090,3873.6192,0.0005,0.0003,0.8982,2312.4061,0.1004,0.0000,228.4356,3.9823,0.8208,0.0066,3.6218,276.9569,0.0167,12617.1481,4843.1876,463.8652,3.5699,0.2035,96556.8617,0.0223,11.9072,1363381.6143,4.1403,5320744.3553,0.0001,1201.5586,0.8731,0.9482,5.9376,0.0001,49.2136,956.5261,0.0657
24131.1001,2189371.6984,214.2061,0.0001,957.1179,0.6570,717687.2977,174.6569,0.0871,0.0000,0.0336,0.2961,13.5477,120.7815,0.0279,31.1561,515.9036,61622.8854,5177.7309,94813.6274,60.7338,0.0008,135.3792,0.0154,371.7534,1881.6055,271.3484,485165195.4098,124000.3377,0.0000,6.2335,43.6560,237430.1817,20.4540,29010.3906,0.0566,0.0783,6.5515,38577.0971,2.3854,0.0000,6310.9024,0.0001,3745.7288,40907.0422,0.0000,0.0738,17.6629,243.2475,0.0090,7615.9366,0.0012,13.6759,69808.3497,0.0031,140797.9016,0.6825,245.6821,1713654.4506,1.3750,2532874.8052,77.0310,1727.2530,24.3060,0.7865,12550.0493,67.8724,20188215.0047,0.0000,0.1023,0.0027,7.9019,23.7200,0.0000,0.0004,30.3378,0.0000,0.0244,0.0001,9.3801,818104.6336,10.1724,8737403.4288,3618.7298,6.3836,148.5831,0.0006,1.2202,0.0034,34367.4080,2.0011,0.0876,0.3656,0.0537,700815.9539,0.0000,0.0022,0.0167,561591.1023,0.1122,0.0001,101114.4986,112.8439,0.0205,0.4959,159835.8922,379707.1840,26.9086,5407.5354,25471656.1808,160736.9015,0.3528,4109.1554,58057.1457,26.0693,206.4711,0.2173,1.2645,267701.7842,0.0010,2319935.7510,2.6584,87.1221,1.9957,0.0014,0.3840,1187.9260,0.1026
2227.3048,434847.1593,6.1978,0.0195,15.2378,90.2015,3025.0835,0.3744,11.1324,0.3661,3.5046,3.6905,466.1693,37323.4575,0.2734,0.1605,100.0423,256343.7628,606.2076,12452.8369,1354.2895,0.0027,0.1813,0.0001,172.2093,421.6040,8.9440,124000.3377,485165195.4098,0.0007,368.0745,3.6785,599.1910,2466.9455,40.9211,0.0042,0.0086,88.2540,4154.0876,0.0354,0.0000,15.8505,1.7058,1360.3666,15150.0099,0.0012,0.0010,18049.7780,116.9640,0.0022,9.7500,0.0045,0.0569,2747.1359,0.0000,4371.7688,0.5767,687.9991,21955.9338,0.0290,1069372.6952,2.9778,317.9866,0.0044,0.0223,71.6050,0.0535,225113.6660,0.0002,0.5790,0.1615,2.9729,0.0489,0.0005,0.0011,68.5426,0.0072,8.6009,0.0029,0.0851,33367.5642,2390.6139,467419.3308,820.3359,0.0246,45.6039,0.0005,532.1287,48.1770,65.0663,14.0761,38.2973,78.6841,323.3242,3047.4298,0.0006,0.0003,0.0429,820.4985,0.1755,0.0047,1348.4437,14.2178,0.4647,0.0065,458.2283,26529.0973,17.6539,0.1205,1122003.8357,2902.7413,3.8091,102.5626,1116.5064,0.2066,301.8748,0.0065,1.6743,2421.7041,0.0007,1193631.9240,0.0016,3.0655,112.2569,0.4692,4.6385,10726.2301,0.0052
3.7905,0.0000,275.2888,1.1267,0.0000,0.0033,0.0000,0.0000,0.0000,6.8044,0.0026,0.0001,0.0000,0.0000,0.0195,0.0001,0.0166,0.0000,0.0000,0.0000,0.2001,0.0149,0.0309,0.5501,0.0208,0.0000,0.0378,0.0000,0.0007,485165195.4098,0.0001,0.0000,0.0000,0.0000,0.0000,0.0000,0.5378,0.0000,0.0000,0.0016,1716.5172,0.0003,0.0809,0.1495,0.0000,346.8170,0.0002,0.0000,0.0000,0.0095,0.0000,0.0899,0.0028,0.0000,143.7804,0.0003,0.0139,0.0173,0.0000,0.0001,0.0000,0.0804,0.0000,0.0001,0.0005,0.0000,0.0188,0.0000,4885.3497,0.0007,849451.7938,1275.8623,0.0145,285.2050,0.2766,0.6238,1.5113,0.0343,27960.4228,0.0001,0.0196,0.0001,0.0000,0.0000,0.0000,0.0000,0.0152,0.9143,0.0051,0.0036,0.0000,0.0155,0.0068,0.0001,0.0000,5.2926,24.9717,631.7232,0.0000,0.0002,2.4998,0.0000,0.0001,0.0001,0.0221,0.0000,0.0002,0.0002,0.0018,0.0000,0.0000,0.0014,3.8101,0.0000,0.0003,0.0005,0.8333,0.0004,0.0013,0.0043,0.0000,0.0012,0.0000,0.0004,0.2722,0.0278,0.0024,0.0007
0.0495,29.9624,0.0004,889.0325,73.5852,10562.3499,2.1110,550.9490,5308.7895,63284.4067,132.7714,97209.3377,154604.8043,22389610.0700,845984.0379,2.4928,4.0733,9126.5397,1.0142,1360.7129,3.0771,8992.3524,8.9089,0.8719,0.8706,35.0852,11.5209,6.2335,368.0745,0.0001,485165195.4098,8792.1567,73.0944,10600962.8770,0.0458,108.7256,0.0650,5168286.8033,491.2870,1.1906,11.2572,0.0671,6390.8401,0.2056,405053.7572,62.3460,499.3807,374807.8002,897.8215,0.0067,0.0191,3580.4335,3.5911,2.0117,0.0010,29.1486,759.3223,243.0450,3.8966,12.7976,7326.9855,0.0936,777569.1835,262.0196,2451.8834,187473.0821,0.2227,9.2433,0.8873,235.7356,0.0001,0.0006,47.5359,0.0770,5332.5612,17.0769,195.0041,0.0458,0.3090,38.7806,1.3127,479547.4911,37.6789,0.1305,37.9113,3978.0567,14.1389,34.8800,30790.6491,0.0599,231654.7238,18253.6902,2123008.2176,273447.1573,275.8107,11.9946,0.0018,0.0193,374.1926,14839.2678,142.9385,2783.0022,151360.8160,88.6719,1.7373,130.9289,11.5516,169.9570,1.6138,3240.3079,654.0356,14331.8669,0.0011,4810.4208,51383.7066,13299.8579,2.8592,2.7173,2.4600,42.6381,5401.0099,59.7836,81.7185,8970.8458,483.0474,25.9952,324.9668,72.4027
0.0089,39224.4842,0.0000,0.0256,687588.3629,25694.3438,0.2159,20496.3242,628.5649,0.1708,168.1487,22564.0401,46097.8372,2777.3190,160.6874,4513.8763,0.0000,310492.7441,2221.6469,7673.7378,0.0687,97.4850,991.2237,180.2086,0.0152,18333.0264,102.3920,43.6560,3.6785,0.0000,8792.1567,485165195.4098,1466.0204,129152.6897,184.0316,240.3621,13362.7912,295.5550,288.2974,285.6838,0.0043,175.5998,14.9323,27.5048,48131.2438,20.0024,71088.5149,3582.2521,319.8461,2.9892,270.1305,0.3771,5.0083,15132.4599,0.0341,25606.9089,8.1622,765.3552,118.6709,7636.5641,221.7527,0.3266,1898.4427,42.8980,180022.8622,985784.4814,14198.9262,7575.1103,5.7516,432.4044,0.0001,0.0156,0.1645,0.0014,2.7974,43679.1762,103.5362,2.9757,0.0001,5218.2636,1275.3212,16644.0867,443.3423,295.3223,358561.2626,77.8036,52.6130,173708.4057,2.9457,0.7585,894.8815,0.0188,1.0330,826.8662,115099.8889,0.1432,0.0000,0.0978,3053046.5337,870027.7232,2.3126,1151.7281,3133.7703,421.9216,14285.9130,1.3612,0.1020,295085.4511,10829.1978,5370.1975,3283717.0777,672.9611,0.0000,1902483.1723,568638.4925,23.6258,1.1947,2823.3057,29.1079,14.4711,31472.5476,3.1594,90229.1220,984099.9950,0.0061,90.1269,7.6486,0.0351
257.3356,38093.9151,0.4943,4.2952,2521735.3135,119.9429,656065.3334,127623.1116,371.4335,0.2140,495.5155,8130.9390,202.9676,174.4785,33.7194,54437.6434,85.3924,175280.7747,181136.5083,995688.3340,1313.9335,78.2934,10.6395,2.1953,10104.3569,13924.5242,198.1328,237430.1817,599.1910,0.0000,73.0944,1466.0204,485165195.4098,89.1863,130143.6205,8776.7092,0.1330,10289.4316,12016.9233,21849.2481,0.0046,249841.5347,1.7217,846.0546,72355.6038,0.0365,15764.6682,16278.8906,131505.5686,1521.0532,302.7630,0.0989,21073.6477,653527.9371,0.2086,3099.4753,169.9943,3328.7948,285206.9787,249921.9969,46314.1027,61133.1235,230971.4571,8793.4150,25632.9616,1367283.6508,1075.7008,358050.1494,0.0010,1544.5001,0.0000,0.2541,65.0170,0.0235,0.8463,1.4487,5.9532,162.3144,0.0000,14145.2972,70.4405,1450.6413,45983.4304,666446.8633,33852.0465,2100.5184,102.7077,0.1055,137.8844,13.4931,10099.1979,2.0633,12.6205,703.8232,35356.3220,0.0423,0.0017,0.0000,6820848.5127,255.0233,0.0016,1540582.5663,35362.1720,12406.7855,101.3605,381763.3982,588121.4153,31842.7114,3759.5597,44944.0337,11550.3282,41.4767,2.0155,501233.5387,241.3043,70800.5294,15.8343,227984.6715,4644.8515,2.4031,816387.5439,6616.3069,161276.9257,2605.2463,4.9477,0.0931,1632.7542,13.4720
0.0008,728.8498,0.0000,10.6575,2714.3588,2811.6144,2.4987,3206.4762,695981.4055,348.1867,6842.1523,37160.9739,8285953.6984,26593846.8538,16010.1462,120.8761,0.4469,1268580.0923,216.1667,362.7316,0.4567,1426.1133,0.1738,3.0584,0.0781,155.8236,2.3358,20.4540,2466.9455,0.0000,10600962.8770,129152.6897,89.1863,485165195.4098,3.2513,738.1359,19.0471,1170149.4027,598.3758,1.8155,0.1536,0.6091,11257.5010,0.6971,14596.7878,10.6052,509.6763,2910499.9391,2232.1083,0.3747,94.3602,484.9014,2.9708,9.1277,0.0000,89.1135,1475.1676,185.8803,28.3070,30.8286,29054.1317,0.0250,18280.2828,32.0897,629.8143,345492.7561,0.1347,72.5219,2.3246,817.5466,0.0002,0.0000,5.9331,0.1780,728.1798,17.1095,14.5925,0.1224,0.1343,326.2929,4.8087,118513.4729,718.8336,4.4893,42.9088,12111.4807,18.0963,716.2710,22069.9782,0.0537,969441.3369,15851.9037,59967.7980,556353.2529,37644.1979,22.6437,0.0085,0.0798,2027.2979,1135789.4063,399.6833,41813.3322,13991.0909,410.5541,73.4036,28.5743,0.3154,509.1616,1.9316,12690.6192,7954.2093,219783.6793,0.0002,8403.7738,19756.9666,319.2007,0.0455,19.6621,0.2519,2493.3638,11714.3171,0.9702,17033.0450,40926.5726,9.4925,22976.3494,29.4755,4.7210
503.6537,21653.8547,44.7604,0.0012,44136.7038,0.0407,8746.6447,1143.9384,3.4401,0.0014,240.8522,228.9173,47.3893,7.2885,0.7680,9211.2947,0.5221,3494.5430,116868.4806,15289.4511,2.5516,0.6891,2.6230,3236.1354,112841.8827,4225.5630,6707.6642,29010.3906,40.9211,0.0000,0.0458,184.0316,130143.6205,3.2513,485165195.4098,8.6063,1395.7530,42.6099,37654.2157,17.7473,0.0001,2438323.3933,0.0011,226870.3271,242.7652,0.0020,21.1986,227.2269,1991451.7654,912.6192,13309.3586,0.1864,16911.8864,1165.3270,2.1712,5.0706,212.1077,530.4188,2914.5691,4165.8273,19.4627,8889.0072,96.5565,277.3867,0.7821,18401.6351,29750.1912,43522.5631,0.0013,32.7064,0.0000,8.1168,0.6512,0.0890,5.2414,0.0174,0.0400,1.0383,0.0000,165.0391,3821.7944,3.5777,806165.5505,787.7807,1774.1529,4.8390,0.0163,0.0179,0.4554,0.0929,93.7601,0.0161,0.0635,2.0378,937896.4582,0.0732,0.9504,0.7986,90880.9888,78.8517,0.0000,133536.2520,72.6828,14.7382,24.8818,112.9861,265.8949,19.5887,34633.5746,4777.3113,1793.1789,171.4130,6.0527,9949.8043,5.3176,21.5951,52.5904,3626.5405,34688.2525,3.3729,10515.5346,1.6629,12866.8294,4.3478,0.0016,2747.6726,0.0803,0.1453
