485165195.4098,1579.2335,0.4838,0.0105,68537.6305,0.0371,11.8428,404.3387,0.0071,0.0006,0.0378,0.0037,25.1748,2073.7242,63.7213,0.0524,0.0051,0.4106,0.0278,0.0352,0.0765,59.4915,0.0085,191.2733,1.8759,0.0216,84734.7714,0.0235,0.0271,0.0000,2.5530,2.2225,0.0636,2.1904,0.0567,1.1089,6.8862,0.0004,0.0131,0.0039,100.1829,40.2416,0.0507,31.4881,30.5300,0.0082,5.2241,0.0059,11.1996,0.1945,6.7351,0.5181,0.0067,0.0505,0.0208,31.8602,0.4689,0.0498,0.0002,30.4292,244.3814,4.8412,0.1378,0.0358,14.1636,0.0712,0.0289,0.0029,65.0210,44.0748,1.2292,0.0314,0.0071,26.6089,12.0309,0.0089,0.1121,0.1408,2.2721,0.5113,0.9383,48.3109,97.6185,0.3123,0.0074,4489.2332,967.0459,87.3040,1220.9183,0.5756,14.6098,0.4457,28.3066,0.2852,0.0120,229.5592,106.8135,13856.6495,0.0985,17.6351,0.0048,0.0002,6.1672,253.3089,2821.8439,332.8344,34.8863,2.2078,0.5030,7.1540,0.0277,0.0010,2.2348,5.9955,0.0193,0.0219,1064.2165,0.0000,169.3733,48.5890,31.6542,0.8035,1.4339,0.0032,21.4337,10739.3624,65.2765,0.2779
1579.2335,485165195.4098,131.5076,5.9628,1794.1890,0.5636,1819.7769,23.7590,87.8868,0.0262,0.0039,6628.5818,41236.6423,421.9629,887.3430,0.7803,7.6124,0.0617,0.1189,0.3370,0.0000,0.0522,0.5375,729329.1100,14.5868,14.0799,17.5992,0.0736,0.0487,0.0007,3927.8465,0.2709,11.9390,1570.1838,2.6191,6982.4782,0.0006,0.6925,5.7200,1.5620,8.6914,2.2740,0.0023,125.3456,0.2222,0.0265,1.2637,0.0099,84.2332,42901.3505,0.9717,0.0034,0.0142,1.7726,0.4016,14170.1181,0.4197,0.0334,0.4442,141.1616,0.4005,8.1405,571.1132,0.0676,181.6217,0.5096,28848.0267,0.3857,243.1287,1423.2321,316.0981,574.7712,0.0857,0.1113,0.2301,0.0001,0.0305,2.2538,3515.5313,0.1621,37.2063,21.3440,0.0303,0.1077,0.7597,2357.5742,633.2056,269.8754,24960.0134,0.0999,0.0094,0.0038,4474.9741,44.8491,0.0253,7697.8067,2076.5057,192.4985,0.0283,21.4630,7804.1345,0.0212,40.5374,513.6153,660.9719,0.1186,1.3936,87.0979,41.2846,1459.6020,0.0988,0.0000,3482.1534,2.9352,0.4024,0.2516,5391.5816,2.2996,9944.7266,983.7687,10059.7034,35.2913,4.3842,40.9437,571.8502,87.8467,2.5332,0.0049
0.4838,131.5076,485165195.4098,1657.4972,363.8210,8.8547,0.8613,0.0050,24.5425,69.0543,0.2030,7833.1552,236473.3076,0.3021,0.0217,0.5450,113829.8333,0.0000,0.0007,1.9054,0.0040,0.0016,160.3685,0.0699,0.0796,0.7372,0.0001,4.0971,0.0299,0.3805,628523.2842,0.7648,591000.8823,0.0004,0.0010,0.0009,0.0000,6.7460,0.8038,5.7452,0.0275,1.5939,8.0976,0.3876,0.2337,0.0301,5.5863,0.4126,3457.6532,7310.8021,1.4228,0.0244,0.5817,0.3026,3.4221,0.1441,0.0046,1.1665,0.0806,0.0550,0.0030,13.0441,0.2728,6120.2358,3.9717,0.2415,34.8462,15.8659,12.2347,0.0191,39691.4920,1.8322,254.4691,0.0079,0.0044,0.0882,3031.3529,0.0000,83.3945,0.4135,0.6512,451.1651,0.7104,0.0123,7.8970,0.0157,0.0250,0.0000,2.0808,0.8119,0.0396,0.4125,18162.6904,6.9305,0.0027,80564.6791,10.1782,0.0000,0.0008,473.3263,632.3413,1.2997,26.8378,0.0006,0.0321,0.4180,0.0002,404.8488,10806.1669,3.2911,0.1084,0.0027,0.5604,39.2171,0.1394,0.7624,0.0638,1463.9400,1.4035,0.2616,0.8676,2.1005,4.5069,5.8014,0.0014,15.4480,427.6886,0.0015
0.0105,5.9628,1657.4972,485165195.4098,0.0048,124835.1795,1178.0235,0.0000,228984.6505,170002.4172,0.6685,1730.8707,43.0997,25.6846,0.6247,2.4093,67538.7289,66.1116,17586.3166,0.0334,0.0349,0.0000,731.8412,0.0841,1.2269,284.4920,0.0000,517.8282,0.0063,41.5789,83027.7714,0.0000,9.3280,0.0934,0.2671,469.5111,0.0007,51617.7936,6.6384,174007.2071,0.0006,3.9478,0.7369,0.2318,0.0000,15.9153,250.3156,394781.9268,0.0511,20.1969,691.6022,2183.4783,237189.7962,0.0033,65449.1802,0.0003,44.7431,845.5531,14.6528,0.0543,0.8510,0.0058,3.0817,18728.5500,0.0140,31.7186,36090.4193,15466360.6889,0.0088,12.3940,6510.5817,38653.1638,2.9332,0.0000,0.2092,0.0053,107.2824,0.1150,15911.9179,2.5652,0.9820,0.1260,1.8297,0.0021,0.0015,0.0058,0.0002,1.2816,0.0001,1.3998,0.0019,0.0004,85.1744,1.5933,0.0704,727.3903,0.6997,0.0014,176.7517,2.8008,4349.1983,3319215.0601,0.0025,0.0281,0.0017,9.6699,0.0001,319.0063,63.3096,25079.3771,0.1299,0.0083,13252.7272,0.0002,0.1400,0.0051,0.0000,1759675.3225,0.0000,3.0561,0.0628,1.5675,0.0035,827.5583,64.0969,61.0647,7.3078,4.0860
68537.6305,1794.1890,363.8210,0.0048,485165195.4098,0.2345,1.5569,33.0795,0.0263,0.0000,0.0029,0.1259,3064.8563,0.0430,5.3513,7.9115,0.7521,0.0009,0.0001,0.0029,0.0001,95.3564,0.0010,2.2196,4.2984,0.0009,4590.0092,0.0003,6.3371,0.0000,35.5033,11.5920,4.9334,0.0007,0.0057,0.3605,0.0005,0.0001,0.0018,0.0002,36.9354,44.2196,0.0082,12.0145,35.6468,0.0769,0.2069,0.0006,30.0631,6126.8656,0.0106,0.2760,0.0000,11.9893,0.0196,0.4253,0.2310,0.0001,0.0004,120.0715,1532.7638,2891.7032,4.3004,0.0974,0.0743,0.0177,0.2728,0.0180,5.0133,0.6064,0.2080,0.0167,0.0032,1.8283,0.5281,0.0006,119.5390,0.0002,3.7410,0.0001,0.0016,251417.5469,18.3887,0.0027,2.8322,0.7974,180.1982,0.1631,448.0018,7.1222,0.2784,0.2830,2.4105,22.6177,0.0297,44.7252,51.2816,376.1181,0.0257,1411.0925,0.0344,0.0000,4.8221,11.4590,204.6595,19.2896,0.0750,10.6381,0.8296,0.0211,0.0062,0.0009,2.2870,688.7781,0.0011,0.0144,53.8750,0.0002,76445.0699,0.9349,65.5915,1151.5172,1.8760,0.0267,1.2825,20.6353,98.7071,0.0007
0.0371,0.5636,8.8547,124835.1795,0.2345,485165195.4098,1.7054,0.0000,48851.2146,61903.8092,0.0055,22.3819,0.8784,0.0015,861.4000,4968.6799,176.4546,22046.5334,282.3363,0.0001,0.0048,0.0000,3.0540,0.0028,3895.2074,0.0755,0.1154,1368.0583,6.7406,1.4600,80908.6584,0.0000,0.0023,0.0837,0.0008,326.1392,0.0002,30470.9624,0.2672,8316.7061,0.0028,0.0007,0.0254,0.0000,0.0000,307.9349,0.0059,14190309.8571,0.0033,42.9139,0.4669,8652.6959,1215612.3427,1.6045,317670.0650,0.0000,2230.3256,979.7300,0.0586,26.0397,3.0585,0.0004,88.9446,118197.5094,0.0071,0.0996,669.8575,568978.9355,0.0019,0.2150,3.5688,1611.5608,1.0631,0.0001,0.0058,0.2166,25151.8190,0.7994,871.5490,0.0034,0.4167,2.7942,58.2951,0.0001,0.0016,0.2248,0.0065,1.8978,0.0029,0.0601,0.0020,0.0000,0.1766,91404.5081,0.0185,0.7113,1.0774,0.0431,591.1061,48.9898,372.1970,3240.2713,0.0001,1.5375,0.0002,2.1841,0.0001,76.2265,1.4796,9905.5065,0.0055,1.5084,2413560.9889,0.0000,0.0091,0.0001,0.0001,126155.5083,0.0000,0.0558,0.1068,223.7800,0.0000,100.5038,1058.6343,74817.6495,0.3841,1220.5568
11.8428,1819.7769,0.8613,1178.0235,1.5569,1.7054,485165195.4098,0.0003,416.8618,61.8358,0.1064,3189.0289,1.0186,348994.3694,0.0124,4.6403,1.0553,17.5547,14776.8409,0.0985,0.0052,0.0049,475.3551,842.1307,1.2801,60327.0986,15.4247,21.0914,0.0015,0.0189,1.1035,2.8533,0.6977,1.3867,410.3015,257236.3843,0.0029,98.8820,1.2415,27.6443,0.1333,13.5567,0.0003,73676.9838,0.0003,1.9616,4375.1921,4.0669,30.7359,34.6237,3.8009,2.7312,0.1669,0.5356,1169.7552,1.8833,5.0645,263.1716,174.9663,234.4578,76.8882,0.4799,1.1250,0.0019,0.0035,83.0821,5538.9213,68.0912,3.0209,31552.3115,62.3805,1567.3035,0.0717,0.0265,23.8752,0.0000,0.0010,151.2634,307098.2329,0.1427,0.2682,15.3132,0.0002,7.5707,0.0008,64.9435,2.3464,139.9136,0.2681,0.0036,0.1768,0.0000,403.8006,10.7325,207.2345,110.4047,214790.4796,310.2134,17934.3711,0.0012,993.1275,2804.3417,0.0721,0.1155,1201.3267,6845.8140,56.2329,5093.4012,6.1270,206.1453,5.9005,0.0001,577.0138,0.1196,0.0045,49.8711,0.2295,144.0351,0.9981,533.9897,57.0912,0.0069,2.1367,871031.4884,2.9820,0.0965,21.6974,0.1007
404.3387,23.7590,0.0050,0.0000,33.0795,0.0000,0.0003,485165195.4098,0.0000,0.0000,42.8217,0.0016,2.3845,0.0533,1244.6713,2.2342,0.0007,0.0300,0.0000,566.2221,865.9781,1320818.1188,0.0026,2761.1972,0.0106,0.0171,2536.7953,0.0089,37.8513,0.2144,0.0009,4204.8067,0.5881,1347.3698,0.3011,0.0044,1942.9265,0.0000,5.3310,0.0003,43971.3216,2.3845,70.4532,0.1723,2998719.5860,0.0148,0.0436,0.0000,5.5412,0.5422,0.0534,0.0000,0.0002,1.9558,0.0000,276712.9110,0.3566,0.0002,0.1770,1.6211,0.1313,2125.2477,2.1458,0.0020,49706.7880,3.1232,0.0002,0.0000,2971.1428,4.3732,0.0097,0.0006,12.2817,6127.2501,0.6553,4428.2409,0.0029,51.9745,0.0006,409.3812,4.4197,0.1521,9.6812,577.1961,1606.4200,1153.1715,8474.3479,12.0637,410651.5875,44.0049,423.5783,28410.7790,2.3155,0.5540,0.1881,0.0316,0.0090,112.9207,0.0000,4.1376,0.0019,0.0000,6306.0750,1295.9388,1886.1127,0.0150,5771.9613,0.0010,0.0055,0.0190,4.2526,14.8389,0.0038,276.2980,154.9420,45.4855,2829912.2405,0.0000,127780.2608,0.6009,24.1009,0.2681,423.1008,0.0001,16.3177,0.0529,23.6787,0.0393
0.0071,87.8868,24.5425,228984.6505,0.0263,48851.2146,416.8618,0.0000,485165195.4098,12386.6740,0.0001,44693.8155,0.0308,0.4928,1.8781,0.2146,19.4072,25784.4757,722.2107,0.0081,0.0004,0.0000,13.9994,41.7596,58136.0893,0.6355,0.0159,254.5640,0.0655,0.7744,7774.2282,0.0000,0.0047,76.1246,0.1323,14156.6808,0.0688,3542486.0856,5.4697,64074.6228,0.0001,0.0003,0.0001,1.6244,0.0000,7433.0932,0.0248,78850.2975,0.0487,11.9834,39.3483,2586.7625,186.2931,0.9238,18044.8939,0.0617,0.0139,20122.3169,0.0609,6.7149,0.3285,0.0001,7.7246,2204.1249,0.0092,0.0054,1899696.9173,905748.4334,0.0001,27.5693,9.2790,18678.3541,0.0048,0.0000,0.0014,0.0010,238.4169,4.2756,193.8469,0.0043,36.8484,0.0118,3.9141,0.0000,0.0002,4.6278,4.1816,74.1700,0.0024,0.0002,0.0002,0.0000,1.2124,7.9058,0.5467,27.8822,29.2843,0.0201,202.3201,8.1821,567.6966,10811.8338,0.0000,6.4435,0.0025,6.9951,0.0007,342.8993,131.5861,45.5297,0.0004,0.0039,221986.5055,0.0000,5.5015,0.0154,0.0006,74840.8827,0.0007,7.4056,0.0537,107.2583,0.0296,8938.8980,1141.0619,86.4213,0.0121,813.0220
0.0006,0.0262,69.0543,170002.4172,0.0000,61903.8092,61.8358,0.0000,12386.6740,485165195.4098,5.2540,2590.1165,0.4193,8.1891,0.1139,26.4900,1656.8384,3287.3627,9808.3096,4.0352,90.8985,0.0000,57924.8915,0.0139,3.9403,408.3777,0.0011,505970.7963,0.2805,1420.4868,1312.7446,0.0257,5.0388,0.9677,0.2822,16.2593,0.1310,481777.4785,335.6303,137578.6161,0.0238,0.0035,3.8161,0.0046,0.0000,2.2911,8.5342,629224.0917,11.0116,0.6703,7.8693,13.1777,321422.6681,1.8298,98372.8275,0.0173,3.4170,1595149.7145,43.9459,0.7276,0.0086,0.0001,0.7527,2468.3469,0.1414,5.5988,81.6649,13130.0269,0.1443,7.4411,1481.5099,11513.5447,2041.2681,0.0047,0.0380,10.7646,22.3620,179.1472,389.9180,133.0701,23.4156,0.1829,0.1161,1.4656,0.0086,1.5589,0.0008,0.0238,0.0005,0.0064,2.8519,0.0002,845.7869,409.6865,3.3408,98.2832,27.3104,0.0003,250.0939,0.0176,2565.1277,1132548.7059,0.0250,0.0279,0.0005,20.3364,0.0518,6819.2451,257.9552,1142.5980,9.1221,48.0712,1588.0377,0.0000,2.7532,14.1011,0.0010,2483559.0323,0.0000,0.0911,0.1320,0.0037,0.0474,12151.7387,0.1588,204.6172,4.1491,757.0616
0.0378,0.0039,0.2030,0.6685,0.0029,0.0055,0.1064,42.8217,0.0001,5.2540,485165195.4098,0.0004,323.8569,27.1701,0.0047,19.5291,4145.0675,0.0002,119.1963,2904125.3737,202010.6422,3031.8872,2719.7190,0.0510,0.0000,5030.6483,0.1722,31.7055,4101.4615,1349.0895,0.0513,736.2381,2925.3442,0.0130,544.0198,0.0610,29.4477,0.0001,3389.1087,0.6037,349186.6005,513679.0328,25631237.9620,1.3881,23908.9056,0.0000,507.2317,0.0869,41.0158,1.3970,0.0034,0.0000,21.6579,1.9692,0.1100,124.8740,102.1032,0.0020,199041.7414,0.0019,4.9818,734.1263,19.8312,0.0324,36.8105,70138.8244,0.0000,0.0200,71.7712,0.0318,42.1029,196.4765,478877.7230,786129.5931,4203.0135,17146.4824,0.2396,0.9904,0.0027,2064142.6128,2.6272,12.5927,0.0004,3102239.8221,251701.8119,0.0038,0.0000,0.0120,0.0034,2265418.4213,1540687.9577,5799.5664,394.7832,0.3393,17939.8754,5.1443,0.0041,0.5399,0.0128,0.0000,1.4405,16.2803,33236.6180,1.5311,0.0678,7.7987,1.2242,13.7907,0.1414,797.9103,9727075.2866,8683.7969,0.0033,8463.7025,73.3864,1782.0222,867.0870,0.2145,0.8643,0.0677,1.3135,0.0002,9839.0083,0.0660,0.0006,0.0009,283.6063,0.0000
0.0037,6628.5818,7833.1552,1730.8707,0.1259,22.3819,3189.0289,0.0016,44693.8155,2590.1165,0.0004,485165195.4098,14.0166,20.0776,0.6451,1.4603,17.2264,9.8028,1.0947,0.0411,0.0025,0.0001,81.1604,48.3742,9.4503,462.8207,0.0024,56.7639,0.0001,11.2033,359.4428,0.2841,231.9248,40.2937,6.9926,204.8031,0.0010,138403.0168,24.2492,201.6469,0.0001,0.0009,0.0003,10.1380,0.0003,58.5670,63.6300,4.2150,45.7244,307.7651,166.1435,2.2236,3.0367,0.1745,16.4795,1.0740,0.0335,5824.0205,5.2407,8.0623,0.0007,0.0962,0.2328,8.7768,0.4764,2.0923,1147366.6952,243.9542,59.9762,836.4094,1749.1903,24.2279,0.9148,0.0000,0.0003,0.0035,0.0986,56.3602,38140.1525,0.0390,1.4165,0.5570,0.0219,0.0145,0.0048,90.8986,121.1738,0.0707,74.7105,0.0000,0.0001,0.0006,855.9600,9.2453,0.0798,1637.6889,1141.8997,0.0013,11.6851,44.7066,90003.3655,358.5995,0.1125,0.0011,6.0593,0.1640,3.7002,646.6476,2905.0699,2.4477,0.0058,0.0009,289.5090,0.0041,0.8059,5.1880,0.0527,34695.0844,0.4387,313.1202,5.8426,0.9957,0.0729,164620.3087,9.3995,1.7024,0.8685,10.5205
25.1748,41236.6423,236473.3076,43.0997,3064.8563,0.8784,1.0186,2.3845,0.0308,0.4193,323.8569,14.0166,485165195.4098,2.2451,2.6915,83.1683,507044.1124,0.0000,0.0087,70.8720,0.0100,0.4047,161.8575,4.2444,0.0009,15.8894,0.0205,0.3080,12.4583,0.0353,159326.5332,3.3499,373433.3216,0.0035,0.1056,0.2871,0.0000,0.0004,6.9199,0.2410,1378.9986,3749.9406,2546.7846,0.3312,89.8849,0.0000,20.1829,0.0095,3146.4926,701604.2677,0.0080,0.0001,0.7699,1.8584,0.5321,48.3146,10.3957,0.0001,23.0004,0.2359,1.1034,1947.6985,334.3947,17.8846,228.2156,43.7438,0.5799,0.1915,1231.7707,0.0480,29420.5537,251.5094,2976.9574,28.5075,2.5635,0.5267,43.5077,0.0002,56.9374,15.9094,0.4950,12327.8123,0.0071,12.1930,6455.6212,0.0365,0.0007,0.0028,37.1863,7897.3506,12.8693,6.8838,68442.7308,127.0569,0.0871,47898.4476,2.7633,0.1074,0.0002,3.2254,3004.2139,0.0488,14042.1124,1.8113,0.6771,0.1677,0.0015,266.3142,60.5542,7711.0277,204.9129,0.0037,5.0901,17565.5797,0.0551,0.3552,363.6299,19.9718,661.5787,1.2627,197.7537,3.4742,29.2570,0.2045,0.0214,8.6468,915.5911,0.0000
2073.7242,421.9629,0.3021,25.6846,0.0430,0.0015,348994.3694,0.0533,0.4928,8.1891,27.1701,20.0776,2.2451,485165195.4098,0.0040,0.0051,0.7707,0.2635,18357.2672,130.5567,7.6300,0.0766,1561.1413,2224.5014,0.0324,156974.8588,4.5388,12.6103,0.0006,3.6272,0.1120,138.4265,37.5224,57.2166,8947.7696,675.6082,14.5827,0.8651,36.2902,35.1646,10.0010,429.0030,0.9731,205611.5201,0.0859,0.0009,20880.0646,0.0518,1555.6780,0.0081,49.9349,0.0149,0.4237,0.1157,19.2652,467.5471,0.1307,274.7886,193.7790,0.7384,5.2301,0.1061,0.0782,0.0004,5.4918,124.6436,6.1814,0.1204,323.0371,1820.2224,2841.9712,213.8011,3.6078,252.3204,6207.2852,0.0010,0.0000,120.7696,541.8039,970.0918,219.7844,0.8603,0.0003,6881.7039,0.0085,737.5296,0.6364,76.1908,0.6887,0.0669,167.1064,0.0172,15614.8092,0.0067,58.1225,7793.3375,18803.2769,262.4457,298.2917,0.0000,78.0978,559.7258,147.0021,0.6818,683.7067,714.2245,2038.2658,1089.5519,195.3753,328.6805,991.8445,0.0026,0.1866,5.4839,0.3894,2109.8179,72.8064,1.2448,0.0892,407.4784,585.8104,0.0000,443.1698,690.4608,0.0283,1.6735,5.1154,0.1462
63.7213,887.3430,0.0217,0.6247,5.3513,861.4000,0.0124,1244.6713,1.8781,0.1139,0.0047,0.6451,2.6915,0.0040,485165195.4098,1265.2769,0.1159,1626.7317,0.0307,0.0008,0.5653,1.1793,0.0005,40.7779,8.3288,0.0766,17.1293,0.8617,0.1682,1.2470,12.7522,0.0017,0.0014,7104.7127,0.0221,27.8935,0.1358,6.5036,2.1939,3.1026,4.9508,0.0216,0.0171,0.0001,6.0189,14.8137,0.0753,5.3934,0.0007,31.7209,46.4263,39.8784,295.0192,0.2871,0.0476,11.7897,17542.0285,0.2949,0.1616,6.0589,0.3138,3.5749,237.8655,9.1372,723.5274,1.0117,39.6003,1.5425,245.9536,691.3087,0.4289,0.2310,0.1994,0.0179,0.0060,7.4197,0.0252,316.3375,522.2953,0.4350,0.5515,0.0223,1913.9485,0.0109,0.0413,933.7887,3139.7181,4435.2995,193969.2335,0.6682,0.0044,1.8329,0.5111,206.0845,0.0001,0.0071,0.0264,144.4818,0.2396,14562.6554,3.8951,0.0054,1.4059,2271.6756,114.5507,0.0008,19.4809,0.0052,0.0353,205.8437,0.0016,0.0369,11065.7097,0.0018,0.1990,0.0007,54.0434,0.2307,19.9471,1.3144,302.7946,518.9551,0.0001,0.0051,652522.3413,1906.7044,8.5802,920.6780
0.0524,0.7803,0.5450,2.4093,7.9115,4968.6799,4.6403,2.2342,0.2146,26.4900,19.5291,1.4603,83.1683,0.0051,1265.2769,485165195.4098,64.7887,4.6595,3.3736,0.0810,7.2635,0.4687,68.5782,0.0575,0.0665,165.5796,29.2278,143.9763,67.3535,10.6355,3.7419,8.4052,3.2003,0.0064,0.2740,86.1737,0.0001,0.5267,0.7414,6.1825,1059.5350,0.3272,10.3364,0.0008,0.8161,0.0838,3.6762,9.1086,1.4278,5053.2387,0.0009,0.1574,1158.1924,30.7228,103.7029,0.0364,327266.7297,0.8281,1396.4187,35.6402,112.1868,216.1770,181.1375,1.9006,0.9493,693.8244,0.0781,0.3233,881.2383,2.1244,5.6276,17.6091,3627.6136,1.6067,1.5677,65.6808,0.8439,17.8306,4445.1114,0.3612,0.0060,2321.8058,0.0077,52.5709,5.9473,6.3795,0.0312,1.0748,38.4560,16.8490,11.7358,0.0539,15.2547,1250404.5053,12.4738,0.0462,2.6544,8.7741,2.3359,0.0664,1719.9359,3.7372,15.2685,3.5574,5.4298,15.7067,17.3345,170.3894,0.1737,1784.5765,78.9709,46.7585,3056.0348,2.9385,0.0005,0.7754,9.4000,128.9755,1.5426,0.0070,442.3515,0.3856,0.0025,119.5862,24.6164,4.7617,459.3316,0.0536
0.0051,7.6124,113829.8333,67538.7289,0.7521,176.4546,1.0553,0.0007,19.4072,1656.8384,4145.0675,17.2264,507044.1124,0.7707,0.1159,64.7887,485165195.4098,0.0002,27.1391,1507.9100,1.6050,0.0124,33453.1510,0.0132,0.0016,630.2349,0.0000,503.6259,102.9741,143.1977,181315.5043,0.1799,133554.5014,0.0013,2.8647,1.1763,0.0005,1.8608,3120.4349,2015.4340,90.3515,5289.8021,21095.6522,0.3878,0.9022,0.0001,79.5887,20.1513,147.7939,51721.6160,0.0535,0.0060,1098.8087,16.2132,50.0212,0.7005,2.3136,0.0905,5649.6297,0.0004,1.3572,52.6548,1380.2556,518.8308,1.7425,159.4613,1.9334,923.1685,2.7583,0.0150,122547.8967,55722.6142,72562.9322,4.5845,1.8340,9.3914,492.8733,0.0004,57.0941,1067.2359,7.1848,798.1789,0.0165,18.1561,4249.2820,0.0002,0.0000,0.0046,0.0032,16184.2878,90.4277,0.5100,9518.8089,6.6616,13.4581,5799.0269,0.1816,0.0023,0.0589,0.0339,10317.8977,206.2970,195.0370,1.2514,0.0004,0.6170,0.0000,19691.5197,3939.5891,17895.7175,3177.3414,0.8621,21.5827,92.4099,8.3222,2.0604,0.6194,15177.2298,0.0460,0.2057,6.9589,3.6597,74.1554,5.9330,0.0034,1.7105,90.6526,0.0001
0.4106,0.0617,0.0000,66.1116,0.0009,22046.5334,17.5547,0.0300,25784.4757,3287.3627,0.0002,9.8028,0.0000,0.2635,1626.7317,4.6595,0.0002,485165195.4098,2051.5633,0.0005,6.7347,0.0098,0.0459,2.5282,8105.9705,0.3123,76.1212,252.0490,0.0525,12.1712,0.0500,0.0002,0.0000,5649.0126,0.4208,3998.8652,357.6394,573978.7999,1.2941,1601.4201,0.0008,0.0000,0.0000,0.0139,0.0001,231335.7526,0.0921,183929.9782,0.0001,0.0010,550.6694,101281.4381,2964.7669,0.3779,487.0671,0.0195,30.6951,164326.1568,0.0320,343.2446,2.4821,0.0001,0.4346,11.7600,0.0138,0.0871,2247.0112,3731.3736,0.0027,2838.5936,0.0073,14.3728,0.0027,0.0001,0.0155,0.1714,0.1416,108164.8893,57.5274,0.0573,1.5065,0.0004,1269.8421,0.0009,0.0000,994.2850,1385.3049,26301.9426,0.3482,0.0000,0.0023,0.0002,0.0023,22.7193,0.3587,0.0018,2.3491,26.1107,8186.8977,9.4532,0.3907,654.0533,0.0000,49.9732,0.8473,10.1374,60.6645,0.4421,0.0596,2.1698,0.0003,8.8613,34259.5650,0.0000,4.5400,0.0260,0.0070,38.4737,0.0001,2.3125,0.0753,4.5988,0.0001,171.5676,148056.9407,396.8218,0.0329,6408668.0028
0.0278,0.1189,0.0007,17586.3166,0.0001,282.3363,14776.8409,0.0000,722.2107,9808.3096,119.1963,1.0947,0.0087,18357.2672,0.0307,3.3736,27.1391,2051.5633,485165195.4098,7.1787,18.4964,0.0012,684.5390,6.5913,8.5382,42165.4684,0.3212,92.5398,10.1669,536.4053,0.1260,0.1262,0.0275,3.4722,11282.5656,151035.3873,14.1581,1588.0353,539.2562,62582.3000,1.3675,57.1411,1.2316,389.2140,0.0001,1.0407,103.4343,6789.1731,0.6311,0.0622,0.4585,121.0386,5139.6850,28.8522,294290.8897,0.1211,80.7378,1081.4909,16950.4353,4.1183,1233.1491,0.0016,343.2649,0.0529,0.0006,273.6089,74.4478,18067.9933,0.0105,39.6408,5.3797,345041.2223,1.9129,7.1412,24318.8046,0.0064,0.0354,1243.3468,201.1381,51.8713,27.6536,1.0273,0.0022,287.5189,0.0353,0.0546,0.0002,1254.3353,0.0000,0.4732,43.8032,0.0002,2.6166,0.4782,11269.8024,0.8229,202.1719,208.3354,156292.5479,0.0000,356.1713,2179135.5326,0.2199,38.5121,0.0139,941.0797,1.8139,5200.6560,9.7713,3484.4984,5322.4347,0.8408,200.8456,0.0079,3.3588,111.1088,0.0470,3443.0745,0.0000,0.1268,23.1886,0.0094,2.3932,27529.7927,1.6970,0.6718,0.0053,15.4847
0.0352,0.3370,1.9054,0.0334,0.0029,0.0001,0.0985,566.2221,0.0081,4.0352,2904125.3737,0.0411,70.8720,130.5567,0.0008,0.0810,1507.9100,0.0005,7.1787,485165195.4098,67024.0064,3168.0806,24700.0918,29.3511,0.0002,1701.9683,0.1588,169.7243,2754.5692,2328.3030,0.2133,10887.9604,10061.1673,10.3652,1761.7183,0.0698,1267.0528,0.0043,172798.1211,17.7622,69661.2957,3289.0417,352853.3542,111.6810,6253.4995,0.0000,13.9061,0.0064,1781.3038,1.2430,0.0062,0.0000,0.1561,102.0821,0.0202,231680.2856,0.0037,0.0418,25204.3669,0.0011,0.0549,68.7392,28.2641,0.0186,950.3914,341.2719,0.0009,0.0010,28.1425,0.1379,870.2029,1224.2336,513741.4373,661869.0940,585.9482,3922.4814,0.1938,0.9262,0.0004,2829683.4428,2393.3692,1.2598,0.0003,967898.8145,321137.8281,0.2957,0.0013,0.1624,0.0789,7964.1232,1357292.9660,608.6774,2833.5258,0.0535,28450.7057,138.5912,0.0968,0.1500,0.0007,0.0000,9.1140,1.1955,26894.0079,42.6600,0.0593,0.4506,4.6938,210.9447,157.0452,14.8253,1267555.9197,2045.6588,0.0013,2120.1236,30704.3609,136579.0869,35167.9167,0.1824,3.7898,2.3115,14.9283,0.0001,3227623.4139,0.3411,0.0002,0.0018,32.7937,0.0000
0.0765,0.0000,0.0040,0.0349,0.0001,0.0048,0.0052,865.9781,0.0004,90.8985,202010.6422,0.0025,0.0100,7.6300,0.5653,7.2635,1.6050,6.7347,18.4964,67024.0064,485165195.4098,11100.3544,108.6273,0.0201,0.0000,780.0548,1.5579,140.1240,34.0972,34355.7804,0.0002,1871.1286,78.8520,4.4172,226.7778,0.0046,121162.4506,0.2362,7291.4762,27.0487,2936.5526,65.8258,84266.0488,0.2329,18909.5534,0.0373,591.4602,0.4838,3.6743,0.0005,15.2695,0.0054,109.0035,0.3979,0.0123,82.2420,14.7166,10.7980,1922.5336,0.0022,0.6999,33.6634,0.1754,0.1335,127.7455,13754.3191,0.0000,0.0051,522.3730,20.3225,9.9614,0.6800,88658.6523,12713.1105,106.3032,741735.0933,0.0031,2758.7449,0.0101,1272123.6673,10.9499,0.0409,2.4845,89502.4264,160.7473,3.1192,0.0673,0.4972,0.7378,436.0963,67448.5408,3687.4753,32.0146,0.0167,296.0855,0.0713,0.0055,0.0963,0.0211,0.0007,0.1431,12.2209,4691.5136,1.5907,3.7250,9.9237,7239.3745,0.7576,1.7432,0.4179,13726.3758,86340.2263,0.0025,0.6925,2845.0513,13635.9375,691.4313,0.0653,0.0108,0.0445,0.7167,0.0000,771.2628,0.0307,0.0289,0.0290,304.6604,2.8343
59.4915,0.0522,0.0016,0.0000,95.3564,0.0000,0.0049,1320818.1188,0.0000,0.0000,3031.8872,0.0001,0.4047,0.0766,1.1793,0.4687,0.0124,0.0098,0.0012,3168.0806,11100.3544,485165195.4098,0.0027,0.9771,0.0000,1.3003,9348.5139,0.0015,300.0506,0.1646,0.0000,7789.6105,3.5019,1.2545,352.3844,0.0278,13982.7680,0.0000,19.8290,0.0000,57852.5936,10003.0849,207.1964,108.0817,22859989.9653,0.0893,76.8314,0.0000,0.1390,0.5279,0.2551,0.0013,0.0001,1.4764,0.0000,2597.7989,1.9794,0.0000,21.5471,0.1130,98.9802,722493.6093,0.4212,0.0000,7.3121,421.4423,0.0001,0.0000,127.2440,30.4382,0.0019,0.0031,6.0699,18969.7017,20.1889,743.9594,0.0015,6.2065,0.0002,353.9240,0.0131,10.0155,9.4532,830.7067,8373.9025,3.3470,68.6392,7.9903,301.9941,20229.4961,1490.7671,168814.6167,0.0675,0.0019,1119.3101,0.0058,0.0032,398.6167,0.0006,0.1482,0.0003,0.0000,1350.0869,51.8646,6906.4824,4.4473,3126.9830,0.0066,0.0067,0.0010,80.9409,400.0944,0.0004,1308.6036,312.5224,120.9427,142410.3760,0.0000,183189.2659,4.3080,1.6901,0.5388,11346.6504,0.0002,0.4869,0.0001,169.8223,0.0011
0.0085,0.5375,160.3685,731.8412,0.0010,3.0540,475.3551,0.0026,13.9994,57924.8915,2719.7190,81.1604,161.8575,1561.1413,0.0005,68.5782,33453.1510,0.0459,684.5390,24700.0918,108.6273,0.0027,485165195.4098,0.7743,0.0365,26757.1935,0.0023,3011660.3478,0.6966,623.7917,240.5475,99.3708,3181.3709,0.1953,13.0240,5.2047,0.0221,31.4723,152.5052,7370.6872,169.9210,3.6136,1429.2952,2.7624,0.0168,0.0000,83.7525,17.9754,10213.8518,4.3926,0.0820,0.0003,288.7172,18.8462,1468.8292,35.9365,0.0992,3633.8042,10844.4831,0.0210,0.0614,0.0200,0.5550,2.2313,111.2545,8.3300,0.1640,0.5779,13.6236,0.1874,904381.4267,38586.9454,601080.1155,81.7808,55.9538,12.9788,1.0185,0.9892,47.2284,7392.8069,342.9536,4.7878,0.0000,15762.6638,4.3487,3.4601,0.0001,0.0233,0.0025,1.8916,19087.6438,0.0044,159023.5448,207.3811,384.7506,11626.0161,76.6088,0.0056,6.7149,0.0000,8553.3457,29353.5396,14.0905,0.1432,0.0052,16.1793,0.3528,59798.7296,1629.8507,3300.1929,25538.9757,205.8727,3.0912,13.1956,0.2115,3739.6540,0.8502,33288.7379,0.0002,10.4647,43.6556,0.0000,201.6281,5871.8209,0.0003,2.1127,372.4194,0.0029
191.2733,729329.1100,0.0699,0.0841,2.2196,0.0028,842.1307,2761.1972,41.7596,0.0139,0.0510,48.3742,4.2444,2224.5014,40.7779,0.0575,0.0132,2.5282,6.5913,29.3511,0.0201,0.9771,0.7743,485165195.4098,362.7655,4.0375,68.0115,0.0411,0.8179,0.0400,0.9301,47.6469,0.0997,51088.2570,4.4213,1234.9965,12.4837,2.3229,53.4523,27.6860,37.9892,0.2634,0.0068,1674.8991,0.4083,0.0930,0.0207,0.0006,777.9047,24.4221,0.0386,0.0022,0.0007,44.7087,1.6496,848478.0544,0.0029,0.2731,1.3799,176.2121,1.0742,0.1214,527.9142,0.0049,139.9125,0.1944,260.1467,0.0040,8.3507,271.4952,1.4197,85.0075,0.0293,7.9760,22.6693,0.0030,0.0025,203.9360,7.7582,5.7698,4233.8122,0.1170,0.0105,52.6225,1.3426,1926.7279,3635.8753,6362.5066,3800.4027,0.0024,3.2144,0.0051,181.4886,1.2845,0.9059,18.7477,950.3518,2369.7332,0.0232,0.0405,16.3732,0.1237,41.0891,17964.9777,46.6119,0.7924,83.4352,18.1995,4.5173,11.4135,2.9350,0.0000,11.6784,1.8404,78.0993,480.3790,24843.5248,0.4090,649.3254,3.9083,1221.2364,0.4396,463.8368,79.7748,115.1557,0.7442,0.0206,0.2035
1.8759,14.5868,0.0796,1.2269,4.2984,3895.2074,1.2801,0.0106,58136.0893,3.9403,0.0000,9.4503,0.0009,0.0324,8.3288,0.0665,0.0016,8105.9705,8.5382,0.0002,0.0000,0.0000,0.0365,362.7655,485165195.4098,0.0000,6.4891,0.6615,7.6865,0.0032,82.1971,0.0058,0.0000,45.7710,0.0006,34.4320,0.5010,14758.2996,0.0143,570.3986,0.0003,0.0000,0.0000,0.0942,0.0000,913.3532,0.0000,350.8620,1.9472,0.3371,0.0155,814.1507,0.4012,1853.7623,36134.8027,0.1387,0.0006,647.7316,0.0001,850.5369,2.4239,0.0000,71.0960,280.9978,0.0354,0.0000,853.3815,46.6219,0.0000,0.0087,0.0041,8.8277,0.0000,0.0025,0.0913,0.0018,2471.0913,1.1346,0.3642,0.0000,1607.6108,0.1339,11.8121,0.0001,0.0010,7.0277,333.1405,147.5981,0.1515,0.0000,0.0068,0.0000,0.0029,193.2113,0.0170,0.0372,426.6432,28.6397,195.9456,16.8883,0.6170,3.4842,0.0000,934.9252,0.0003,0.4026,0.0030,3.3618,7.6336,0.0535,0.0004,0.0034,627.8572,0.0009,0.3853,0.0301,0.0017,86.6659,0.0028,0.0311,0.9789,1079.7911,0.0096,38.2258,21.6360,8613.5983,0.0000,16698.2983
0.0216,14.0799,0.7372,284.4920,0.0009,0.0755,60327.0986,0.0171,0.6355,408.3777,5030.6483,462.8207,15.8894,156974.8588,0.0766,165.5796,630.2349,0.3123,42165.4684,1701.9683,780.0548,1.3003,26757.1935,4.0375,0.0000,485165195.4098,0.2198,416.4551,0.0244,12550.3474,0.0357,212.1783,2794.0162,6.0885,2050022.3089,11767.6566,0.2325,6.4669,4237.4483,64.8201,163.9258,5183.8264,39.0597,6378.8971,2.6752,0.0115,2981173.8907,0.8239,13.1098,7.5823,11.5304,0.0090,93.3119,0.4731,3.8433,45.6416,1079.1985,50.3323,9961287.6034,0.2012,2.4042,610.2528,3.1968,0.0001,0.5264,863492.6574,30.9010,5.3277,18819.2917,24717.0022,12743.1166,3707.1228,14052.5402,55.0637,1634.8001,0.1117,0.0000,830.8518,24162.8009,10758.9874,0.2753,8.6234,0.0000,66402.0835,2.2984,10.3182,0.0067,25.2864,0.7176,45.2705,41.9487,0.7908,6800.2535,0.3586,14597.7562,105.5976,153.6309,3.4717,279.9292,0.0000,64635.0951,7413.4690,1237.3110,0.0361,1233.3843,41.7958,8731.5982,4495.4913,145.0535,3042.4766,52761.3142,2.8697,3.3374,6.7343,0.7730,7480.8388,80.5542,129.4312,0.6117,199.2792,3149.9018,0.0000,55.9234,28812.0163,0.2112,0.0011,242.7224,0.0067
84734.7714,17.5992,0.0001,0.0000,4590.0092,0.1154,15.4247,2536.7953,0.0159,0.0011,0.1722,0.0024,0.0205,4.5388,17.1293,29.2278,0.0000,76.1212,0.3212,0.1588,1.5579,9348.5139,0.0023,68.0115,6.4891,0.2198,485165195.4098,0.0279,64.5852,0.0001,0.0011,199.2010,0.0006,0.7909,12.2657,508.4722,44.4147,0.0030,0.0483,0.0003,2962.3654,3.1112,0.0072,40.0436,35.8472,3.9761,0.2723,0.0389,0.5326,1.1997,0.0076,0.4600,0.0024,13.5601,0.0471,29.0330,20.2485,0.0514,0.0379,26643.7274,7885.3995,87.1865,3.4771,0.0001,0.1172,7.8940,0.0137,0.0022,19.6015,792.7846,0.0003,0.2022,0.0092,74.0704,23.4850,0.1080,0.0332,98.3155,0.2271,0.0733,0.0175,614.7277,1.3119,2.6969,0.2488,8462.6855,4175.2824,454.0017,242.7623,0.7130,30.6590,0.0949,0.0348,51.8206,435.7543,0.0189,721.6432,86572.6004,0.8827,0.0820,0.0655,0.0003,2.8943,413.0952,7280.0861,6797.6782,5763.2467,6.2891,0.0082,0.1876,0.7503,0.8778,60.3928,0.4410,0.1804,1.3033,7104.7568,0.0000,1784.6304,12.4986,43.7793,4.1951,2.0419,1.2870,78.0448,15.9078,7.0874,0.6743
0.0235,0.0736,4.0971,517.8282,0.0003,1368.0583,21.0914,0.0089,254.5640,505970.7963,31.7055,56.7639,0.3080,12.6103,0.8617,143.9763,503.6259,252.0490,92.5398,169.7243,140.1240,0.0015,3011660.3478,0.0411,0.6615,416.4551,0.0279,485165195.4098,0.0680,1019.9873,486.6667,0.1929,0.7792,26.0698,0.4256,5.0955,0.2167,1024.0103,50.6659,3552.9338,5.3193,0.0131,15.1142,0.0021,0.0053,0.0130,7.2581,5515.9752,3.0614,0.2140,6.8728,0.0706,16054.6125,0.9123,171.1894,1.9944,1.4235,153779.3629,77.7883,0.0312,0.0010,0.0009,0.0692,27.5131,260.7430,0.3840,0.6557,8.5700,3.8815,3.4705,21888.5474,1686.8220,42645.4771,0.5236,0.0167,99.9494,2.3893,35.6410,56.8897,1750.2562,48.2571,0.0199,0.0065,43.4965,0.0182,199.6055,0.0148,0.1286,0.0147,0.1163,401.1145,0.0031,1713.2164,1869.9360,3.4983,213.7282,2.3127,0.0044,86.0369,0.0009,173.4468,2916.4383,0.0147,0.2732,0.0106,0.5887,0.3677,1680.0680,33.0821,3808.0359,13.7165,6707.6267,629.3618,0.0030,0.1002,3.5108,0.0408,9913.2195,0.0000,175.4934,2.0457,0.0004,0.1872,464.6594,0.4546,234.6629,771.9814,10.7768
0.0271,0.0487,0.0299,0.0063,6.3371,6.7406,0.0015,37.8513,0.0655,0.2805,4101.4615,0.0001,12.4583,0.0006,0.1682,67.3535,102.9741,0.0525,10.1669,2754.5692,34.0972,300.0506,0.6966,0.8179,7.6865,0.0244,64.5852,0.0680,485165195.4098,0.2757,1.5971,148.1671,1.9602,0.0070,1.0681,0.9440,10.7577,0.0058,1361.2486,4.3981,13026.4628,34.6492,5092.6380,0.2165,27.4634,0.0213,0.0001,1.2613,47.0039,644.5844,0.0000,0.0008,0.3078,158274.4026,17.4614,51.9042,0.8536,0.0002,17.9754,12.6350,3344.2824,8.1705,612091.5729,3.0468,0.0658,1.9084,0.0004,0.1702,0.0049,0.0003,0.0025,1641.9918,214.6167,31400.3609,300.2922,555.7578,7088.9421,0.3084,0.0002,8.8212,163.6514,3923.4902,0.3417,168.2681,2348504.3035,0.0009,0.0005,1.0023,0.0055,3483.3499,20909.2179,1.0715,0.1858,213.7091,18800.0342,0.0162,0.8765,27.7035,0.0038,0.0006,1.3765,0.0344,497.9373,28499.9594,0.0003,31.5254,0.0023,67.8871,1.4472,6.8081,37933.9482,112.6041,2.7192,406.5163,3541.6821,89.1326,1161.8567,0.4273,5.1006,0.0001,2.7921,126.0126,5359.8811,0.1870,0.0044,0.2493,0.0062,0.0012
0.0000,0.0007,0.3805,41.5789,0.0000,1.4600,0.0189,0.2144,0.7744,1420.4868,1349.0895,11.2033,0.0353,3.6272,1.2470,10.6355,143.1977,12.1712,536.4053,2328.3030,34355.7804,0.1646,623.7917,0.0400,0.0032,12550.3474,0.0001,1019.9873,0.2757,485165195.4098,0.0278,1.8579,77.2756,100.0908,1408.5455,0.1193,201.2484,292.0746,13621.3107,2292.1966,0.3297,0.7268,653.3534,0.1088,2.3961,0.6436,279.8375,18.5069,0.0845,0.0049,26.0624,0.3324,11362.5233,0.6233,1.8005,1.3212,10.9692,342.0465,81976.6116,0.0008,0.0008,0.6931,1.1472,1.8084,2.5468,418.5148,1.3786,6.4319,56.5795,0.3375,213.9348,4.4705,24717.9365,6.1199,12.4801,3238.1220,0.0072,29.8421,1.7414,15950.7902,20.6979,0.0013,0.1224,2240.6109,8.6313,0.0601,0.0040,2.3757,0.1462,5.3272,10.9470,461.6644,2.9392,0.0288,19.1038,0.3147,0.0013,0.0034,5.3416,0.0055,35.2136,2199.8801,12.0008,0.0851,0.0209,0.0022,47.3758,2.0601,123.5510,16.7250,502.3118,6421.8168,0.0098,0.4296,294.1733,229.5742,0.2868,441.0921,0.0007,0.1228,1.9026,0.0023,0.9464,7.9401,0.3031,0.0113,0.1811,47.9409
2.5530,3927.8465,628523.2842,83027.7714,35.5033,80908.6584,1.1035,0.0009,7774.2282,1312.7446,0.0513,359.4428,159326.5332,0.1120,12.7522,3.7419,181315.5043,0.0500,0.1260,0.2133,0.0002,0.0000,240.5475,0.9301,82.1971,0.0357,0.0011,486.6667,1.5971,0.0278,485165195.4098,0.0001,111.6270,0.1336,0.0001,1.1723,0.0000,86.8619,1.6441,1037.5046,0.0543,0.0901,4.1167,0.0011,0.0006,0.0309,0.0083,2563.7588,35.2436,7747.7092,0.4829,0.1775,754.3026,0.4076,1637.8974,0.1829,0.2665,4.0482,0.0054,0.2974,0.0132,0.0074,57.0922,528745.4273,42.0024,0.0082,295.7670,2195.7480,0.0656,0.0166,23792.8373,3900.4476,47.7848,0.0023,0.0025,0.0666,173157.6002,0.0002,174.2823,0.1991,75.4363,12.0877,3.0027,0.0004,0.8121,0.2589,0.0042,0.0084,0.0923,1.6581,0.0346,0.0012,3601.9254,3007.2261,0.0004,45538.0882,3.9489,0.0004,0.0157,123.2736,2643.0928,22.6190,0.1643,1.2674,0.0004,0.1409,0.0000,287.6444,259.8832,27554.5452,0.0325,0.0026,22457.6593,0.0703,0.0597,0.0008,0.0199,53275.1054,0.0129,2.2894,0.8921,56.5796,0.0549,2.9112,1.4498,71762.0873,16.9764,0.0450
2.2225,0.2709,0.7648,0.0000,11.5920,0.0000,2.8533,4204.8067,0.0000,0.0257,736.2381,0.2841,3.3499,138.4265,0.0017,8.4052,0.1799,0.0002,0.1262,10887.9604,1871.1286,7789.6105,99.3708,47.6469,0.0058,212.1783,199.2010,0.1929,148.1671,1.8579,0.0001,485165195.4098,3649.7193,0.0286,379.9829,0.0183,49.8251,0.0011,93.0069,0.0095,25423.2792,43.5916,129.1203,2692.4509,3674.8360,0.0002,7.9455,0.0000,1205830.0431,5.8491,0.0001,0.0000,0.0000,19469.0418,0.0097,16310.2390,0.0058,0.1252,871.8742,10.8051,26.1295,579.2116,4.5439,0.0000,8.1290,41.2562,0.0000,0.0000,12100.7658,0.8825,1.1975,0.0676,1528.3363,674162.4449,1158.8087,48.5146,0.0014,40.4863,0.0674,268.2974,6.7231,7876.6372,0.0001,2021905.2560,9308.3028,6.8573,5.0677,0.0276,299.0848,0.5919,265619.2137,11.5081,934.6985,1.0553,7281.0589,1.1779,5169.3353,106.2880,0.0191,0.0001,1.8779,0.0040,544927.7107,1.9099,99.4742,162.2386,25827.7004,582.6727,164.6230,0.0023,136071.5649,7.4298,0.0000,131782.9836,22.3043,9001851.9837,62410.5758,0.0036,310.8515,0.0182,1747.6261,0.0003,265025.9442,36.2141,0.0000,0.0006,5.5538,0.0008
0.0636,11.9390,591000.8823,9.3280,4.9334,0.0023,0.6977,0.5881,0.0047,5.0388,2925.3442,231.9248,373433.3216,37.5224,0.0014,3.2003,133554.5014,0.0000,0.0275,10061.1673,78.8520,3.5019,3181.3709,0.0997,0.0000,2794.0162,0.0006,0.7792,1.9602,77.2756,111.6270,3649.7193,485165195.4098,0.0007,33.8984,0.0017,0.0047,0.0336,991.8424,5.5267,36.9662,2056.0674,31177.3153,65.1450,756.9958,0.0001,2618.3407,0.0012,84262.3783,802.3549,0.8374,0.0000,0.3304,0.7081,0.0980,23.5427,0.1039,0.0260,1008.4840,0.0014,0.1011,5057.2867,1.5784,5.3769,41.8513,3355.9568,0.1019,0.0393,27693.0603,0.2356,176914.5382,6.6522,121196.9685,331.4392,37.3362,44.9228,1.7664,0.0025,16.5630,561.0364,6.5847,2093.3030,0.0030,911.6923,14301.3725,0.0130,0.0015,0.0001,5.5566,906.9262,93.6272,266.9341,165972.4368,0.0901,7.7136,29290.3898,7.4471,0.0002,0.0002,0.0823,5520.4898,2.2498,846651.8073,0.0013,1.2169,1.5360,0.7895,336.1288,35006.4119,2.6611,5846.2739,0.2316,0.0019,26923.1807,12.2600,3978.4651,144.4041,53.3624,14.4589,0.3707,76.9299,0.0051,7299.1572,2.5835,0.0000,0.0306,533.4649,0.0000
2.1904,1570.1838,0.0004,0.0934,0.0007,0.0837,1.3867,1347.3698,76.1246,0.9677,0.0130,40.2937,0.0035,57.2166,7104.7127,0.0064,0.0013,5649.0126,3.4722,10.3652,4.4172,1.2545,0.1953,51088.2570,45.7710,6.0885,0.7909,26.0698,0.0070,100.0908,0.1336,0.0286,0.0007,485165195.4098,33.1069,286.9869,2208.4680,161.1420,139.7742,32.1619,0.3037,0.0026,0.0052,1.0311,1.0728,19.4604,0.1927,1.2661,0.0076,0.0033,1080.7688,0.2404,1.7343,0.0969,0.0148,44252.9748,0.1902,86.0543,0.5538,0.4519,0.0003,0.0069,0.9820,0.0304,3511.7032,0.0450,1168.1968,0.0897,3.6641,3080.1754,1.9259,4.3375,0.1539,0.2552,0.0826,0.6402,0.0001,13411.9125,1.4557,57.2139,1796.5062,0.0000,7.7192,1.1193,0.0089,59125.1575,21099.8958,42153.9508,1751.2042,0.0036,0.0465,2.6358,1.2977,0.1104,0.0166,0.8288,0.1019,14.7745,1.4199,2.4372,1.2611,0.4100,0.1097,998.8620,127.5947,0.0002,1054.2005,0.0072,0.1741,6.1528,0.0168,0.8057,23.0487,0.0006,203.6727,1.6842,273.6623,0.2014,2.7008,1491.9228,32.5651,0.1483,0.7277,0.5235,19440.9954,6.8883,0.0258,4509.1746
0.0567,2.6191,0.0010,0.2671,0.0057,0.0008,410.3015,0.3011,0.1323,0.2822,544.0198,6.9926,0.1056,8947.7696,0.0221,0.2740,2.8647,0.4208,11282.5656,1761.7183,226.7778,352.3844,13.0240,4.4213,0.0006,2050022.3089,12.2657,0.4256,1.0681,1408.5455,0.0001,379.9829,33.8984,33.1069,485165195.4098,8032.1533,519.1682,0.5382,6034.5209,1.4888,75.3260,15686.0854,3.3244,354201.2064,30.6922,0.2164,78036.0212,0.0275,0.3106,0.6154,9.1728,0.0728,0.3979,4.9740,0.0310,97.6196,15.5663,0.4929,1592397.3191,0.0958,23.8531,1230.6999,14.5944,0.0000,0.0215,30398.9255,25.6138,1.8811,411.3164,4210.8490,3.3324,251.3046,7.2569,929.8450,5538.4180,0.2195,0.0000,561.8065,6.8704,365.3290,1.3307,4.8625,0.0004,12238.0481,48.8185,1.4079,0.2564,481.4338,0.5471,104.0350,17.2884,14.0022,0.5640,0.0003,540079.9700,0.4422,15.4383,287.9265,514.8772,0.0000,437.8521,27.6209,276.3710,2.2107,889.2242,2.0582,13766.9630,102.2165,94.0394,2.6297,12383.3221,6.3024,0.0701,25.5026,154.1295,1838.0193,272.3657,0.0411,29.7387,1240.1949,1026.6555,0.0322,571.3197,162.9345,0.3353,0.0001,0.0816,0.0257
1.1089,6982.4782,0.0009,469.5111,0.3605,326.1392,257236.3843,0.0044,14156.6808,16.2593,0.0610,204.8031,0.2871,675.6082,27.8935,86.1737,1.1763,3998.8652,151035.3873,0.0698,0.0046,0.0278,5.2047,1234.9965,34.4320,11767.6566,508.4722,5.0955,0.9440,0.1193,1.1723,0.0183,0.0017,286.9869,8032.1533,485165195.4098,0.0731,292.7832,11.5561,68.3750,3.6236,3.9598,0.0005,827.1886,0.0004,21.0139,36.5650,277.7430,0.0272,115.1654,0.3666,33.8728,29.8047,8.8479,564.6989,6.0092,470.6339,11.2729,633.8238,1464.3483,1715.7279,1.1159,644.4703,0.0010,0.0024,252.9913,46434.6829,2292.1542,0.4304,24748.4366,0.6787,155517.7152,0.0279,0.0182,28.7972,0.0000,0.0028,1521.2993,9660.0025,0.1080,0.2378,6.5248,0.0028,0.4478,0.0066,170.2744,2.3599,128853.6274,0.1800,0.1851,0.0170,0.0000,1.1910,51.1808,2103.5640,2.0664,1298.9155,4276.5448,9591.1101,0.0034,9585.2600,443.3042,0.0193,184.3960,76.3930,348.1307,20.4846,1382.9153,0.3249,7179.7195,2.9225,0.0090,459459.1598,0.0015,0.4188,0.4462,9.3603,74.2054,4.5587,435.0188,118.7007,7.9881,0.0706,114312.5567,12262.7511,0.7591,0.1116,1.4575
6.8862,0.0006,0.0000,0.0007,0.0005,0.0002,0.0029,1942.9265,0.0688,0.1310,29.4477,0.0010,0.0000,14.5827,0.1358,0.0001,0.0005,357.6394,14.1581,1267.0528,121162.4506,13982.7680,0.0221,12.4837,0.5010,0.2325,44.4147,0.2167,10.7577,201.2484,0.0000,49.8251,0.0047,2208.4680,519.1682,0.0731,485165195.4098,0.8340,354.2655,1.2750,8.6572,1.7297,15.1798,79.7977,677.7330,9.6239,0.9236,0.0726,0.0733,0.0000,33.4642,1.5461,0.0962,1.1483,0.0011,412.8519,0.0013,5.1489,0.8080,0.0335,1.9269,0.1765,0.0834,0.0050,1.3613,1.2799,0.0051,0.0137,0.1139,3.7352,0.0010,0.0548,0.1905,433.1755,13.9901,2004.7609,0.0028,1308.9023,0.0000,4071.9862,251.4770,0.0006,278.2863,132.3590,3.4959,19.2144,76.7785,245.0230,0.3695,0.6185,325.3357,196.5531,0.0033,0.0000,268.6333,0.0103,0.0131,34.3062,0.1934,0.0163,0.0001,0.1148,1.5696,311.0421,1.6495,3.6925,951.2218,0.0350,0.5511,0.0016,7.8847,1081.3023,0.0006,0.0384,330139.2182,179.5634,319.0904,0.0001,0.2299,1.2216,0.0095,0.1002,937.1399,0.0047,1.4029,0.0414,0.0028,453.4279
0.0004,0.6925,6.7460,51617.7936,0.0001,30470.9624,98.8820,0.0000,3542486.0856,481777.4785,0.0001,138403.0168,0.0004,0.8651,6.5036,0.5267,1.8608,573978.7999,1588.0353,0.0043,0.2362,0.0000,31.4723,2.3229,14758.2996,6.4669,0.0030,1024.0103,0.0058,292.0746,86.8619,0.0011,0.0336,161.1420,0.5382,292.7832,0.8340,485165195.4098,29.3536,811383.3576,0.0000,0.0000,0.0001,0.2298,0.0000,46898.2268,0.1682,121807.5946,0.1415,0.1939,878.7968,8569.2600,7127.3187,1.7533,28119.8076,0.0106,0.0713,2924116.9794,0.5816,4.8936,0.0223,0.0000,1.3053,2544.2164,0.0156,0.0704,469136.4292,155935.3888,0.0063,183.9329,19.7920,355.4804,0.0902,0.0000,0.0067,0.0340,4.2140,501.0593,3240.1622,0.0572,108.1077,0.0035,15.5303,0.0005,0.0001,11.0217,33.4709,36.9443,0.0699,0.0000,0.0002,0.0000,0.8186,5.3115,0.1245,0.7957,113.6709,0.0038,777.1763,12.0536,2946.7698,205112.1889,0.0003,0.1567,0.0041,1.2509,0.3122,72.4221,1394.1517,1.1603,0.0016,0.0420,7893.7876,0.0000,23.5048,1.7907,0.0001,615778.6712,0.0000,0.9877,0.3433,4.4322,0.0032,31374.8882,122.1773,258.7566,0.0058,261152.2435
