485165195.4098,2439.7334,788574.1049,0.0567,0.0836,0.0559,1177.7189,0.0410,0.0000,0.0617,0.0020,0.0334,0.0007,0.9376,2.3533,0.1020,3.3816,0.1633,5.5471,7546.6155,21283.8966,0.0015,173.2000,0.1495,74889.8742,4.0151,81795.2222,5949.6637,2175.9323,37.1700,0.1473,0.0089,73.2573,0.0017,57.4740,0.0000,0.0114,0.0358,710.7273,0.4884,0.0029,2412.6184,0.0000,675130.3234,228.7381,0.0198,0.0010,0.1829,19.7665,0.0041,0.0003,0.0001,106.1701,190.1425,9.9935,13.5006,13.9851,49859.9615,5.8460,0.3790,38.5791,307380.9153,168.9245,0.2884,0.1141,0.1526,368.2027,17645.3825,0.0063,0.0621,0.0692,350322.3335,7.8155,0.0021,0.0229,20.8130,0.0345,0.1222,0.0001,0.0102,106450.0560,5.2615,13620.1474,8.1700,0.2676,0.0003,0.0000,0.0797,0.0115,0.1175,0.0134,0.0054,0.3952,0.0009,24.3012,0.0000,0.0001,0.0047,83.8058,0.0001,0.0000,0.0729,27.2870,0.0047,0.0122,452.3147,442124.2288,0.1088,392.4556,886.3035,0.3474,0.0070,1995.5831,268.3326,0.0075,1608.0132,185.4336,3.0783,358264.9366,0.0000,692.9719,2.0073,0.0051,0.1697,0.0138,0.0012,283.3091,0.0005
2439.7334,485165195.4098,0.1453,0.0008,115139.3210,1923.2585,893.3170,17.4072,0.8267,0.0003,1.2219,8.7006,386.3132,2310.8210,0.2766,178.3477,0.0156,4841257.5966,47705.4367,259782.8976,22.5304,0.0072,1227.4513,4.5379,134.3275,30732.5942,13264.9520,746500.1311,453774.4337,0.0001,37.0845,60993.4457,30172.9271,1741.6219,27527.8506,0.0228,126.4934,13.4855,20980.5928,1.1654,0.0000,18336.6509,0.0295,72464.5505,191770.2033,0.0093,6.4677,2895.5378,2376.2084,0.0326,353.5555,0.0001,2.4111,1632236.6973,0.0031,113341.8272,1.7812,148331.2152,69947.6773,225.4015,39191.7943,19.5761,978.1174,1.1791,7.5609,10541.9600,669.1414,16722949.2010,0.0009,15.9045,0.0001,8.7950,0.0435,0.0000,0.0003,25152.9881,0.0325,17.0717,0.0000,5.6228,19925584.7919,6984.0032,31155133.8178,45808.2321,87.1859,12.1079,0.0034,22479.5042,0.3375,11.6041,76.3407,0.0114,0.0312,12.3799,1891651.5130,0.0000,0.0000,0.0156,12358205.7057,63.7703,0.0000,2863.9858,19.9999,6.3156,3.7113,166.5166,1522.9321,881.3538,311.0081,21264846.8321,3551964.3879,1.1037,0.0551,12943602.8940,12.9426,370.3022,0.1744,572.4440,195503.3960,0.0004,24366272.5713,0.0043,2399.7115,67628.8703,0.0000,58.3795,3937.9134,0.0017
788574.1049,0.1453,485165195.4098,0.0975,0.0000,0.0000,57.5811,0.0000,0.0000,0.1136,0.0000,0.0001,0.0000,0.0009,0.0180,0.0001,345.3753,0.0001,0.0042,0.1945,8.6923,0.0001,26.1500,0.2385,12781.7353,0.0027,245.3125,66.8490,2.2448,1851.9815,0.0009,0.0000,0.0912,0.0000,4.2213,0.0000,0.0030,0.0015,1.6228,0.0002,0.1797,0.4533,0.0000,98.3228,0.1316,0.0002,0.0000,0.0002,0.3115,0.0005,0.0016,0.2419,0.2772,0.0047,597.8162,0.0030,0.1301,0.2321,1.0790,0.0003,0.0150,58.3156,0.1615,3.5742,0.0000,0.0002,1.3772,0.4148,0.0007,0.0001,46.4203,132741.5222,1.1573,0.1406,0.0126,0.0176,0.0001,0.0102,8.5896,0.0000,45.4699,0.0018,14.4336,0.0021,0.0001,0.0016,0.0000,0.0001,0.0006,2.3016,0.0002,0.0183,0.0266,0.0000,0.0134,0.0016,67.1553,50.7939,0.0020,0.0000,0.0000,0.0098,0.0049,0.0000,0.0000,40.0469,999.6924,0.0000,0.3652,0.3080,0.0015,0.0009,4138245.7236,0.0022,0.0001,1.0699,354.9893,0.0003,4629.7764,0.0000,0.0882,0.6838,0.0000,0.0000,0.0276,0.0120,0.6919,0.3052
0.0567,0.0008,0.0975,485165195.4098,2.2474,29.6212,3.0277,3.3797,3392.8914,730778.5431,108.0924,174.6873,21.4771,130.7703,97488.2650,4.4606,383.9612,0.7770,0.1982,0.9043,319.3912,632004.7029,0.0459,3.5933,71.9643,0.0363,0.5153,0.0003,0.1108,0.2681,1330.0050,0.0136,7.8666,25.4503,0.0020,14036.4340,0.0003,98759.3281,0.1141,98.1726,3648628.6225,0.0344,586922.0618,0.0014,3.3397,361693.7259,7020.1366,6833.7115,25.1215,137.4735,0.0001,637.7286,163.7639,0.1107,2.8159,0.0003,2646.9271,37.2648,0.0084,4531.9076,0.4249,20.8266,895.3813,1886.9732,269.7286,13.0278,0.0013,0.0002,58.8603,17391.2516,0.0004,0.0009,457.4174,739121.2450,8933.8949,0.0015,536659.5142,3077.2447,0.4671,5.7733,0.0000,2752.7103,0.0043,10.1352,1.2576,198.9733,93374.4531,0.0005,2717978.8441,0.0009,150169.2748,215377.4858,80292.7689,31898.7138,0.0001,63126.7781,3.9071,0.0001,0.0097,53.2943,222.8476,9.8249,56.5943,166133.6191,0.1621,7.6640,22.8282,0.5183,0.0000,0.0042,0.0001,25.0608,0.3526,0.7757,0.0301,16028.6273,16.8869,417.9196,0.0022,543.5194,0.0735,2864.3801,17.6462,225.1677,166492.4443,0.1879,330.1703,88677.3451
0.0836,115139.3210,0.0000,2.2474,485165195.4098,2300.1875,1992.7501,254473.0723,33096.8291,0.0404,35387.6319,6010.1961,118995.4909,143.0077,56.1795,9995917.3853,0.1189,1657164.4097,751797.2148,157508.8041,58.2359,3428.4157,1.4563,202.9769,77.1757,6541.3906,13.6862,1440.6669,51.1103,0.0000,29.6608,831103.7802,2324064.2144,3577.6181,86161.5827,66704.4880,50.3608,5758.6448,204.4689,123686.8614,0.0046,502154.1458,409.2879,70.8496,3455.5352,26.0593,2155612.8074,36029.2461,52091.1642,26270.3906,12861.8107,0.0068,10122.5335,3099471.8201,0.0026,10315.9527,853.7054,9193.9406,39918.2537,15100886.4648,8119.7479,353.2689,4677.8654,474.2603,66369.5749,1308824.2555,130.2911,91941.1962,1.9053,342688.7576,0.0000,0.0003,4.3406,0.5021,1.0823,4.4113,966.0879,1483.9897,0.0000,1408429.3501,56.1391,820.2474,13825.9397,2345386.8320,103906.8068,12386.1977,8695.5989,215.4965,514.0458,0.4964,151553.7239,3.6495,0.4280,25536.1835,113864.7144,1.9599,0.0011,0.0001,16553539.5781,1119643.5727,0.3847,168807.2093,2855.3614,494797.8015,207857.3163,492.3044,33.0204,288584.7032,395.2839,10781.4319,93293.8769,160.2230,0.0002,2748698.7312,3740.2063,4166.0625,0.0136,4415038.1329,7.4040,491.0937,116296.2025,54.0031,53225053.9286,1885346.0577,0.1570,65.7946,20.4018,8.6699
0.0559,1923.2585,0.0000,29.6212,2300.1875,485165195.4098,0.3663,34.9560,87.8487,163.7578,98.2177,26856.2136,304.8669,5234.9624,44.9494,16.0923,0.0176,5248.1727,2.2909,2473.0244,1.8353,312.2171,38.9702,0.1663,0.2797,2268.3608,1.5394,0.7459,364.3485,0.0038,6916.0320,15915.6754,205.1254,2618.6553,0.0574,10.8071,3.1471,324.6658,5.1855,31.4212,2.6391,0.8281,21718.4889,0.2660,25169.3764,4027.1344,9661.3299,1138.0179,7.9945,0.5014,0.0357,0.8688,0.0684,10964.2714,0.0918,1042.1758,0.0646,1198.7681,29.2645,598.4901,35.8339,0.0842,5299.4382,0.0609,18913.6413,171.8048,10.7956,97.5973,7.2693,728.7001,0.0029,0.4813,0.0377,0.0485,0.4386,11051.5523,11516.7504,685.5639,0.0006,13.2494,13.4585,40992.8025,6.8881,499.6802,2000.7657,91.8915,311.9802,110807.4626,2140.4438,0.4296,214.5699,0.4953,19.4012,55940.4048,3.1014,7.2777,0.0000,0.0066,2096.5299,457.1438,4.8904,2.3273,69.0759,2419.2549,7.4896,1.1738,17.4731,22248.9134,0.1553,63.6372,2367.5814,0.0419,0.0000,13973.1013,469.3602,1190.4847,0.1049,1886.9936,4.9330,0.1402,23276.5770,0.5933,134.9003,84753.4359,16.5239,0.0616,2489.7317,0.1780
1177.7189,893.3170,57.5811,3.0277,1992.7501,0.3663,485165195.4098,10382.8633,37.4998,0.0906,80.3144,0.2609,72.3996,66.8360,26.4241,25617.4543,1155117.5941,403.1699,115370.2246,27035.0173,90931.1115,26.7615,0.0239,0.0010,57481.9327,0.1618,0.9974,623187.1081,3527.8886,0.0000,4.4179,0.1200,171768.8856,5.9911,1383.5423,590.1633,0.0000,808.0511,12.6165,3023.0387,0.0479,26235.2996,1.3359,68.9244,469.1179,0.0013,19.9425,33.4500,396.5917,16.3234,450.1445,0.0251,54979.9962,2642.1239,0.0005,2986.8885,4636.9881,524.4339,2028218.7562,160.8244,651554.0798,8291.4803,28813.9678,6072.9177,10.9437,1883.2759,0.0411,27501.7233,0.0317,145.0104,0.0022,0.0047,228981.8129,0.1700,0.1587,0.0009,0.0498,0.1468,0.0004,4428.7693,8.6531,0.4339,30983.1269,6449.4936,1.2363,23935.3142,8.7440,0.0006,28.5090,237.6286,954.9287,2147.8306,4.4500,7.8084,1079.7225,0.0173,0.1715,0.0000,7337.2687,2.5904,0.0551,35840.1440,15504.6578,10.1510,42.7346,24316614.6993,2496387.7026,136.5454,47.3563,20618.8044,1.8322,0.6522,35597.8874,293.2020,43.7566,217770.3635,0.0080,613.2567,12.5458,5.5032,13840.5048,65504.0099,4674.5130,4.8202,4.6777,0.1012,9.5553,230.6593
0.0410,17.4072,0.0000,3.3797,254473.0723,34.9560,10382.8633,485165195.4098,350919.2819,5.2039,348918.5470,62676.3145,147643.2401,1477.1253,3140.5713,12978402.0234,50.5287,2737.0919,42088.6041,50507.1810,1151.5927,199590.6050,0.0117,0.7721,6.4827,235.5686,0.2985,496.1371,1.9107,0.0000,667.4524,24698.1973,142941.8258,5914.1463,1324.8241,318214.3183,0.4345,25461.1165,111.6660,8105969.5738,3.0479,54530.7723,415.6231,12.8794,791.3567,8.4812,743819.8142,2841.1840,966.1325,23464.1393,1334.7648,3.5382,1381326.4443,4260.3005,0.0012,5122.6457,10805.7792,607.5844,246.8363,95287.4562,27338.3716,3242.7280,43410.2354,189.6197,3002708.2283,725697.8991,81.5293,2494.3048,27.6637,101925.9491,0.0001,0.0001,44483.8156,0.5928,6718.9190,0.0235,441.0377,0.4259,0.0002,26115226.9715,0.1732,53.7841,48.1766,5619.9112,429460.9656,5541.3312,51349.4060,0.2109,896.8287,2.4865,30121.0995,256.1729,713.8848,4202.0205,14577.8731,4.0512,0.0102,0.0000,94701.0714,251276.2396,57.9146,50643.7816,5102629.8358,19756.6000,2850966.0966,2148.3621,560.8505,834297.1131,122774.7518,518.2490,55.5947,5367.2929,0.0014,7130.3075,989471.4292,4095.7198,0.0611,114694.2506,0.1364,22002.3412,1341.2950,99109.6731,4913923.3968,660.2802,764.8172,0.5153,1.2356,57.5293
0.0000,0.8267,0.0000,3392.8914,33096.8291,87.8487,37.4998,350919.2819,485165195.4098,1003.9985,4575846.1808,54135.3646,6650156.2676,20578.0091,1924.1264,104463.4025,49.2230,68710.6227,5659.9014,57.3715,52.0362,562415.3689,0.0001,0.8092,0.3774,47.1233,0.0025,0.3074,29.3474,0.0000,4756.4989,1021.9873,919.0090,730331.2449,15.0353,3147594.3173,0.3904,1275795.1480,11.1580,24734.0790,49.0295,27.5958,2884487.7175,0.0171,25.5887,679.2546,72900.2359,1969866.6498,816.5407,46233.3276,917.0191,177.1867,2031.8658,40.3871,0.0001,5.9537,3610.0628,11.9094,13.9273,15019.0522,3173.6498,1.2310,297.8727,11.3607,6434.4765,41421.7950,0.0081,1.4761,31.5058,1025587.5209,0.0004,0.0000,101.7657,2449.2098,9260.2851,0.0020,7556.5890,473.0939,0.0588,258521.3646,0.0003,1992.6956,2.4644,3758.8192,886.5749,144072.5151,616717.4031,1.1779,2998165.6456,0.1670,2810178.6249,376296.4235,22609.2477,8646918.8555,81.2874,21921.1975,2.6664,0.0008,62.8859,2029432.3301,50813.9614,126468.2880,5407.2905,2568840.0650,8135.1676,6.5700,1.0393,10741.4139,0.1635,20.3769,4.6892,178068.6689,0.0006,75.0832,593.2227,178.1458,0.0027,22767.9121,0.0003,3831058.0726,69.0223,46.9052,2296620.9783,6673.8451,22843.4646,497.5109,5.8782,4048.5175
0.0617,0.0003,0.1136,730778.5431,0.0404,163.7578,0.0906,5.2039,1003.9985,485165195.4098,5542.3261,22570.8937,684.2070,2407.2455,1978349.9961,0.1495,44.9332,0.0938,0.0019,32.3451,438.8276,1112955.0010,0.0005,0.0517,347.8782,0.0060,0.0290,0.0003,5.7368,2.7773,152473.4399,0.1225,0.5318,616.0704,0.0015,293.6984,0.0002,199140.9252,0.1295,3.0664,714202.5077,0.0043,627459.3214,0.0093,242.0450,324196.2404,53.9078,3975.0352,60.9527,0.6488,0.0000,13706.9611,10.9246,0.0035,0.0853,0.0030,2209.6369,7.1384,0.0085,4.5954,0.5611,3.0084,16639.3906,2.2667,56.5792,2.9909,0.0029,0.0014,1258.7882,1006.4651,0.0378,0.0140,6.1809,21238.6637,183429.2212,0.0021,349527.8319,1.2749,9.4862,3.2989,0.0000,1140.5751,0.0022,0.0029,0.2710,221.7981,239.5573,0.0994,3748676.5713,0.0000,4195.3272,87998.2277,918156.4187,388740.9404,0.0009,325937.8186,1.0524,0.0629,0.0040,165.5059,1311.8071,0.3421,8634.0919,163.7108,0.1408,1.0130,6.4116,6.9269,0.0008,0.0039,0.0008,1232.1312,0.0320,0.0471,70.4068,21121.4055,1.2915,15.5058,0.0032,182.9956,0.7911,56.9469,0.3755,42.6935,2369424.3128,0.1986,0.5605,47.3721
0.0020,1.2219,0.0000,108.0924,35387.6319,98.2177,80.3144,348918.5470,4575846.1808,5542.3261,485165195.4098,104667.9827,508531.5297,770.0843,4192.1490,608146.5240,12.2161,1124.1015,13136.3857,3215.6445,2271.4270,1255743.2920,0.0000,0.5302,453.8102,3.7470,0.0057,0.1529,38.2599,0.0008,179.0248,643.9181,1994.8155,10709.1057,676.0824,343357.6220,0.7886,61939.8834,1.5923,78447.1228,47.2445,7649.6793,356824.0354,17.9649,49.4772,10908.5719,19819.0052,111729.2157,8665.7669,375362.0316,123.9625,15.3269,99624.5549,45.2593,0.0001,19.4904,23945.3613,169.3195,29.7793,20156.4813,132.1053,1103.0148,692.0236,0.5738,3651.7084,1598.8832,0.2115,20.8317,5623.7516,352577.3098,0.0020,0.0000,9.7194,8717.8035,10571.0030,0.0004,77895.0287,27.8112,0.0016,936205.6583,0.0019,28.1798,2.0511,464.4368,518.9265,4593.9166,22502.1631,3.9677,1261377.7936,0.0004,133997.2847,10876.4084,668.9237,2449859.3653,227.3800,91766.3189,0.3170,0.0009,243.2001,1582592.3198,583.5384,762.2963,161765.9342,107628.8348,131353.1222,7.6043,3.6570,178610.9288,6.0185,0.9069,0.6995,167479.4029,0.0005,18.1437,5832.5351,2309.5038,0.0017,925464.7979,0.0008,257705.1058,91.2865,21.7554,1381700.9637,4924.5216,4644.4093,185.4153,0.0137,1.0697
0.0334,8.7006,0.0001,174.6873,6010.1961,26856.2136,0.2609,62676.3145,54135.3646,22570.8937,104667.9827,485165195.4098,37522.3057,96517.1827,53444.6756,409.3676,0.0149,3245.2511,11.4595,7569.0462,1.9746,104125.9815,0.9707,150.6757,17.2264,112342.2372,71.7738,0.5937,12.6915,0.0000,101869.5303,32632.7771,17967.6680,41865.8039,225.7335,8294.3868,110.2607,414672.4682,55463.6215,803.9040,10.1226,31.2463,3147.5319,4.9871,47839.9119,2167.0812,57139.7134,392465.2787,181762.3867,1186.7416,0.0967,1910.3273,457.2430,44.1410,4.3762,0.4396,338.0037,313.9386,0.0854,19874.1914,14.2218,101.5436,35155.2066,2.6007,266810.5829,255646.0307,2756.9878,33.2898,0.6287,21112.5870,0.0000,0.1073,0.3783,4.1220,506085.8316,2.1820,71310.0234,25.8119,0.0003,741.1616,0.3085,750765.3039,9.2016,17.0065,1039430.6262,15.7213,261.6255,9.0936,115572.7143,0.0003,18837.2756,9.4200,181650.7144,944057.9422,268.2488,1339.1497,0.0036,0.1495,1712.6144,44268.5283,1.6536,6283.3980,59131.8498,69728.6137,93.6744,0.3325,24.4828,4409.5594,341.8383,22.1706,302.9864,28001.4500,0.0000,9589.9810,3976.9554,805.0335,308.2344,12278.7235,71.9740,371.6517,1634.6303,29.9858,3950.0246,1953.6747,18676.2487,5.4978,29.2853,1.7584
0.0007,386.3132,0.0000,21.4771,118995.4909,304.8669,72.3996,147643.2401,6650156.2676,684.2070,508531.5297,37522.3057,485165195.4098,379964.8620,67923.5241,48277.2654,5.3479,368811.3623,671.5153,28499.0755,105.3852,140924.7654,0.0010,0.7612,13.0828,14.6266,0.0569,96.6255,3599.5361,0.0000,125839.4417,30068.5026,519.4901,11282481.8530,169.3508,19917.8437,0.3394,3573495.7208,61.3624,639.7208,0.3188,55.7788,130852.9271,0.2256,14547.5828,106.2032,6870.3041,1091145.4090,8323.1051,17.0589,268.9117,5.7011,231.5220,594.1903,0.0000,350.6303,59643.3288,725.3554,442.6078,2777.8337,160052.9036,0.2221,41430.1552,6.6705,694.1117,294234.3306,0.0187,1234.0006,57.4192,530799.2906,0.0002,0.0000,52.1510,4.2274,1820.5464,0.0277,665.9950,0.6626,0.0076,102663.8355,1.4957,8369.3095,1613.6152,221.9631,133.8637,1043819.9178,595.5007,94.1668,153677.8083,0.0467,1667673.4753,72449.6875,10963.9000,4919518.0272,11292.9781,193.6960,0.0316,0.0046,4483.2421,7110878.6322,1473.8475,83170.3347,56310.4900,11107.6924,9259.8190,21.5875,2.0709,4807.7545,1.3640,9927.7725,889.8847,54761.9881,0.0005,7824.8194,68069.6857,8007.1444,0.0001,1834.6795,0.0240,31655.2907,25548.6979,2.0208,1117105.3772,68780.6769,361.9332,1454.1735,0.6367,74.7357
0.9376,2310.8210,0.0009,130.7703,143.0077,5234.9624,66.8360,1477.1253,20578.0091,2407.2455,770.0843,96517.1827,379964.8620,485165195.4098,166746.6652,13.0954,14.2093,251879.6098,97.5655,4937.4150,15.4770,1615.1107,2.0309,1.4630,9.8038,1019.6767,419.8488,142.1359,68535.6295,0.0000,39742553.1318,1903.2638,213.2060,35959196.6065,4.8769,17.3337,0.7365,4165807.3630,69059.8594,0.8232,0.2316,2.3128,1744.9861,28.0482,385907.9209,8.5808,72.7969,3485630.8227,21306.9336,0.0432,0.3814,547.6019,40.5690,8.7560,0.0005,15.0572,4555.9285,13411.9673,4.8642,15.7023,68568.7359,1.3987,383516.4455,29.8150,227.0822,278428.7112,0.6802,198.0881,0.0324,1038.5760,0.0000,0.0015,113.6640,0.0364,9127.5044,5.4269,21.0884,0.1649,0.0312,13.3514,48.2275,2414539.9881,14411.5046,4.4278,54.8459,573.4555,0.8454,10.4233,67689.1343,0.0268,551002.3086,25903.8178,1936369.7078,196269.6319,14963.4880,1.7579,0.0007,0.0094,933.9881,6069.3301,1.9212,54084.1736,68557.8140,205.6099,0.7535,128.4960,248.8252,30.5032,4.3669,209619.9907,475.6164,26026.1533,0.0052,35055.6438,1016.0476,13480.5401,3.3708,10.4628,63.6693,16.5863,96167.2151,4.4459,652.4188,3303.5831,90.0338,797.5970,2956.4913,15.1163
2.3533,0.2766,0.0180,97488.2650,56.1795,44.9494,26.4241,3140.5713,1924.1264,1978349.9961,4192.1490,53444.6756,67923.5241,166746.6652,485165195.4098,163.3226,10.7729,10.2631,1.0106,6547.2830,1202.1732,6137462.5189,0.0646,6.5084,2384.9389,0.0816,42.8338,0.2670,9.3398,0.0104,2162620.7187,55.4206,43.2906,47967.9066,0.6300,2626.7957,0.0051,6024614.1063,37.0280,98.1131,11489.5089,3.4252,12895.5244,1.0044,9348.4198,31978.9774,4586.4353,22213.3392,18960.4803,0.9890,0.0002,302.8898,5920.7055,0.3556,0.0228,0.0670,9786742.7153,7338.6530,0.1240,1494.2354,277.7514,283.5265,3562674.4877,3277.4962,4887.5823,19047.9186,0.1558,2.1166,990.6059,37342.1287,0.0000,0.0008,10155.0562,293.7938,1900530.4074,0.0062,85144.6676,0.0126,0.0274,531.4267,0.0288,18069.9655,8.1446,0.0477,41.2067,723.0527,58.5197,0.0211,239777.6843,0.0000,564906.4375,107149.9088,1791691.8652,82352.3601,9.1426,2063.7428,0.0118,0.0004,22.6716,36042.5957,13.2649,159.8222,1906908.7986,405.8367,69.6917,198.5925,48.7932,12.9121,2.3124,11.2006,0.0630,6425.5946,0.0087,575.3432,7971.8334,2038953.2123,4.5619,200.1030,0.2142,284.4376,67.2205,6686.3822,236.6431,2166.5590,14197.8275,5.9230,0.5081,106.1757
0.1020,178.3477,0.0001,4.4606,9995917.3853,16.0923,25617.4543,12978402.0234,104463.4025,0.1495,608146.5240,409.3676,48277.2654,13.0954,163.3226,485165195.4098,11.2424,4226.4639,1432542.1930,49643.0607,5646.0619,108233.8720,0.0028,10.9054,162.4153,15.9647,0.3458,97.9060,1.1770,0.0000,1.7056,8180.8381,70145.7617,197.4975,16966.1894,256176.0453,1.0769,1460.6945,1.3760,15949396.8100,1.4632,4656979.6630,663.3350,119.5940,17.6787,97.8012,1972927.6916,1142.9035,1085.2693,486556.2296,9249.9192,0.0143,4832753.0433,129036.5029,0.0003,5376.4212,25152.0471,10244.8862,3355.5776,5296879.6182,2687.7381,14594.0737,2190.4005,281.5984,116235.5707,26206.0263,20.6014,3235.9671,650.4660,1854638.6501,0.0001,0.0000,4264.9674,37.4789,45.0528,0.0070,1854.7315,46.2026,0.0000,94897331.9412,0.2787,1.6625,284.2334,528661.5768,43955.6158,8955.1685,174114.8703,1.1221,639.2808,0.4045,60311.2214,88.2131,0.6394,2623.1204,9568.7092,12.0476,0.0151,0.0000,174948.2100,627590.1621,5.1093,7634.2770,88377.5897,196766.0422,20625526.3989,1719.8233,62.0407,511209.9618,3641.9745,118.4982,23.8462,277.0671,0.0034,10662.4132,16062.4323,6428.1334,0.0012,9319722.4389,0.0173,12345.7384,949.4650,8470.1671,78104293.7001,10414.1653,3.4159,6.8264,0.1570,37.9138
3.3816,0.0156,345.3753,383.9612,0.1189,0.0176,1155117.5941,50.5287,49.2230,44.9332,12.2161,0.0149,5.3479,14.2093,10.7729,11.2424,485165195.4098,0.4908,7.9679,6.2638,2777.8485,51.9438,0.0002,0.0001,605.6930,0.0005,0.0009,777.2142,97.6148,0.0126,11.9478,0.0000,57.1560,1.1439,0.1709,116.6646,0.0000,726.1224,0.0594,17.8294,74.1119,1.5767,76.9073,0.0150,1.9220,0.0034,0.1598,3.4307,1.1268,1.7286,14.3534,75.8563,369.5007,0.1279,0.0004,6.1380,102.2577,0.1338,3721.1783,0.0882,8651.8284,10.3434,270.3447,322.3046,0.0380,2.3424,0.0000,0.4532,0.0535,3.3310,1.8942,0.0004,66484.4467,12.9877,2.5873,0.0000,0.0191,0.0891,51.3932,45.9979,0.0008,0.0089,2.0646,4.6054,0.0005,41528.2398,36.0701,0.0000,270.5904,1095.8804,210.6058,589429.7175,582.7409,11.8286,0.1425,2.7454,1087.1762,0.0005,0.0533,0.0348,132.7323,457.5633,206.9445,0.7225,0.1364,576929.3482,19295.5777,0.2902,0.0123,12.0839,0.0012,1.9587,1329467.9563,0.0052,1.9321,1946.9624,0.0028,0.2326,0.0103,150.7147,2.4994,9867.6024,5.4534,0.0067,2786.1945,0.0645,9.2406,23019.3072
0.1633,4841257.5966,0.0001,0.7770,1657164.4097,5248.1727,403.1699,2737.0919,68710.6227,0.0938,1124.1015,3245.2511,368811.3623,251879.6098,10.2631,4226.4639,0.4908,485165195.4098,227785.3637,40276.8660,5.6388,14.1401,6.6320,15.2235,6.0515,110102.6430,82.9063,24064.8328,152967.9201,0.0000,8058.3177,450327.9555,208869.7380,1832533.0463,9127.6062,147.2155,51.5289,41084.2966,25991.4494,25.1970,0.0000,1919.4650,327.7742,240.9154,112069.6417,0.2382,2164.6633,5938822.7552,31277.5675,9.2314,8631.3940,0.1391,16.1801,204433.8192,0.0001,9856.9194,20.3085,8256.7228,28187.8550,7254.0366,193447.4194,0.9760,3993.8431,19.4370,268.9503,1463482.8402,16.4922,111320.1976,0.0012,3890.2264,0.0000,0.0006,0.1395,0.0059,0.1892,271.2596,2.6099,1050.9986,0.0000,726.9712,3344.0353,202161.7533,1157524.3089,253868.7150,642.3010,10681.8629,20.6636,3088.4652,2272.1904,11.4973,274640.9588,46.6141,51.3257,84231.4754,1268451.9909,0.0280,0.0004,0.0060,2649821.0646,83871.3745,0.1573,2068573.4868,228.1912,14531.7161,30.2655,137.6980,96.8376,10219.4523,8.7517,5654292.6709,2175235.5755,4050.0568,0.0019,4953214.2918,142.9845,396.5026,0.0567,7623.1316,388.8232,15.7393,7610494.1179,0.0452,654172.3324,1024682.4534,0.0371,4561.7367,15633.2685,2.7697
5.5471,47705.4367,0.0042,0.1982,751797.2148,2.2909,115370.2246,42088.6041,5659.9014,0.0019,13136.3857,11.4595,671.5153,97.5655,1.0106,1432542.1930,7.9679,227785.3637,485165195.4098,3586.1990,1534.3886,20.5841,0.1792,1.7843,212.4170,516.6498,95.5402,1243.2434,358.5780,0.0000,0.9804,5073.0770,83843.5299,260.3681,109317.8570,2373.8089,29.5697,126.1952,286.9228,18624.6605,0.0009,2916672.4159,4.0746,30902.5990,73.1414,0.2061,1796.6211,9802.0592,6185.7678,25736.1184,81037.0352,0.0122,123031.2580,17784.1967,0.0013,5016.2660,623.0860,4381.7550,28516.6678,24113.5138,4173.3344,9784.2749,58.0381,295.7438,192.1500,42807.4483,116.3261,9757.1466,0.1490,5268.2606,0.0001,0.0050,237.2404,0.8932,0.2848,0.9464,5.2896,481.8071,0.0000,70953.1255,54.1101,22.8137,32757.1803,590292.8792,2468.8919,133.3975,173.8930,3.5169,67.4778,4.1538,5349.8140,16.3783,0.0799,94.3337,132282.6035,0.1623,0.0058,0.0001,467795.5712,3993.5082,0.0349,116753.7431,1687.2678,5871.6573,4758.4309,4813.5734,654.2007,42360.1007,2434.4248,10804.7870,625.7389,1090.0033,0.1250,20244.4877,33.3793,206.2872,0.1780,408147.8010,10.1218,129.6178,12810.3644,112.2058,2896045.7176,8248.5000,0.0080,564.1565,15.6054,2.9372
7546.6155,259782.8976,0.1945,0.9043,157508.8041,2473.0244,27035.0173,50507.1810,57.3715,32.3451,3215.6445,7569.0462,28499.0755,4937.4150,6547.2830,49643.0607,6.2638,40276.8660,3586.1990,485165195.4098,355817.4618,1198.9906,0.5481,0.1219,132952.6970,223.4606,118.0806,121822.9267,106711.5999,0.0001,1851.6444,6770.1880,633421.5827,928.1983,7307.9171,8.7654,0.0107,11255.5994,762.9307,10992.5551,0.0074,223228.0707,33.2254,14063.9876,3107592.4686,16.5606,1677.0353,20136.3400,21103.5603,1.4927,0.3701,0.0012,13399.6216,2321147.0464,0.0002,126545.8575,3736.5972,3162248.4344,30286.4472,22416.0850,231039.2965,22708.8870,7506296.5495,2.6399,7817.5060,27308.3460,215.7450,7758399.7029,1.7346,31205.2023,0.0000,0.4251,24.5925,0.0081,2.8245,8.3576,358.6248,2.7492,0.0000,18466.4785,10860.5437,5141.6151,315316.3407,20333.6501,1542.4756,1622.1842,3.0208,155.1948,1082.3486,0.1451,4217.1617,6.1462,70.3982,7334.4064,30092.6756,0.0064,0.0000,0.0000,3438624.8330,1673.1710,0.0012,1208.8876,917556.8048,351.9051,1457.2060,8043.4960,337903.8958,181082.2301,1707.2374,259708.8469,3233.6051,31.8189,0.0328,1751210.7163,18494.6033,4517026.2767,0.0171,209244.2460,1811.3626,0.0215,17340563.2432,41.5266,32073.3708,81161.7245,6.5070,0.0491,150.8720,0.0268
21283.8966,22.5304,8.6923,319.3912,58.2359,1.8353,90931.1115,1151.5927,52.0362,438.8276,2271.4270,1.9746,105.3852,15.4770,1202.1732,5646.0619,2777.8485,5.6388,1534.3886,355817.4618,485165195.4098,1076.2357,0.0003,0.0000,54093.9325,0.0178,0.3483,81.9413,9801.6686,0.3041,8.4062,0.0924,942.2881,1.0123,1.1612,15.4218,0.0000,195.4851,0.1784,136367.4671,26.2445,10852.7162,380.9448,678.3644,257.5711,284.2246,11.7224,256.5652,5.3773,17.7329,0.0046,0.0002,53960.5833,6590.9155,0.0001,2688.3196,10456.5922,136951.0251,439.0575,282.3891,28280.2723,465912.3573,16328.4666,0.1901,206.0320,2.4278,0.0309,2823.8464,287.4594,24568.1113,0.0888,0.1477,6714.8674,34.5297,1.3726,0.0221,1860.8591,20.6844,0.0002,6923.5366,1.2104,8.2117,52.5539,8438.7635,1.5088,124.2493,95.3750,0.3654,5017.9479,0.1864,175.6646,2326.4157,51.7693,306.0969,0.7093,0.2159,0.0001,0.0000,93.5125,2.3290,0.1754,1.2525,129697.9266,318.0008,491.7497,12675.3169,994089.5422,7796.7403,2.6211,47.2583,0.0049,1.9542,23.9175,35.0128,10.7695,1742212.1104,0.0010,43057.0833,0.1586,0.0481,1382.2506,1277.6724,380.9852,294.3491,1465.8427,0.0002,42.3047,0.4538
0.0015,0.0072,0.0001,632004.7029,3428.4157,312.2171,26.7615,199590.6050,562415.3689,1112955.0010,1255743.2920,104125.9815,140924.7654,1615.1107,6137462.5189,108233.8720,51.9438,14.1401,20.5841,1198.9906,1076.2357,485165195.4098,0.0004,8.0069,321.2502,0.0708,0.0438,0.0054,0.0693,0.0020,24276.5064,113.1839,232.1568,6432.5740,1.3088,1787308.5437,0.0073,2975811.7411,0.1218,88886.3882,508262.2541,60.9071,3123614.5955,0.0349,131.8284,998792.6994,3067318.5066,24064.6193,1382.6307,5212.9041,0.0424,867.4355,127265.8901,4.1758,0.0051,0.2950,445704.7593,414.6284,0.6284,271473.4612,16.1558,149.9129,158523.9407,1574.8763,117160.8452,5446.6286,0.0647,0.0664,35899.9492,2854918.6733,0.0001,0.0000,4971.5121,68990.6024,898900.7753,0.0002,4727774.2393,7.7854,0.0171,377599.3939,0.0000,308.3042,0.0530,13.6751,871.9374,38625.6957,1203162.5799,0.0277,5031204.3359,0.0001,2878924.3361,191523.2205,48439.9102,1946972.5628,0.6457,391363.2245,0.5571,0.0001,13.8844,1251346.4242,3802.0664,191.0761,637687.8226,307949.6573,17724.8144,43.3400,4.2178,4296.5889,0.5992,0.0647,0.0150,6449.6589,0.0006,36.5505,20509.0109,236690.9909,0.0699,93522.9374,0.0002,283848.8103,6.0449,37534.6479,94051.3419,5873.8069,135587.0995,3.4024,0.1002,4882.0538
173.2000,1227.4513,26.1500,0.0459,1.4563,38.9702,0.0239,0.0117,0.0001,0.0005,0.0000,0.9707,0.0010,2.0309,0.0646,0.0028,0.0002,6.6320,0.1792,0.5481,0.0003,0.0004,485165195.4098,827.8545,0.0118,14373.0937,423675.2674,29.0517,0.0483,0.1431,3.4751,309.1243,3.4969,0.1028,1.3341,0.0017,3878.4179,0.0240,4204.2264,0.0033,0.0025,0.1016,0.0000,7.4528,346.4512,0.0072,1.5852,0.0711,1.0755,0.0009,0.0518,0.6881,0.0027,14.3518,65944.9522,1.2859,0.0012,7.4029,0.1122,1.4426,0.0390,0.0652,1.4771,147.7728,5.6566,56.6929,117718.4273,11.0177,0.0001,0.0027,0.0027,24819.9355,0.1157,0.0000,0.0214,541795.2771,0.0141,2.0135,0.0387,0.0003,17430.1258,1284.8089,86.3851,0.7918,729.6686,0.0005,0.0020,14.3648,0.0001,59.1243,0.0084,0.0000,0.0249,0.0003,9.1708,0.0000,0.0016,48.5810,302.3779,0.0034,0.0001,2.9697,0.0080,0.0428,0.0009,0.2812,3.4447,0.0163,361.4534,299.2258,8247.2084,0.0030,0.0372,4679.9479,0.1017,0.0376,198121.4598,0.0118,672011.1988,0.0000,39.9653,0.9976,0.0066,2.0784,0.0001,0.1105,3708.3968,0.9160
0.1495,4.5379,0.2385,3.5933,202.9769,0.1663,0.0010,0.7721,0.8092,0.0517,0.5302,150.6757,0.7612,1.4630,6.5084,10.9054,0.0001,15.2235,1.7843,0.1219,0.0000,8.0069,827.8545,485165195.4098,1.9378,1033.2287,36192.0386,0.0489,0.0004,0.1213,0.6154,244.1870,6.1702,6.4639,12863.0809,2.4160,591265.4639,6.6125,894.3876,0.0490,0.3746,79.1094,0.0287,90.3939,0.0922,16.8536,987.4747,36.5798,20867.5503,188.2340,8.2605,89.7354,41.6941,0.2939,2688.1572,0.0001,24.0822,15.3505,0.0013,5457.9343,0.0002,4.2027,0.1952,1579.7636,3.1093,259.0267,11643.6138,0.0459,0.0586,9.1233,0.0000,2.9641,0.0048,27.5613,622.1032,0.8521,6.3972,15.1275,0.0139,0.5544,4.2914,32.2466,34.4022,0.5937,354.8376,0.0071,0.7649,0.0981,0.4740,0.0001,269.9270,0.0057,0.7981,0.7955,554.4235,15.6186,25.7783,262.1417,16.9999,639.1489,0.0011,92.7162,0.0245,74.4750,2.6695,0.0026,0.0002,0.0109,53.2170,0.4612,48.5367,376.9470,0.0014,500.7832,0.1013,0.0211,21893.9781,16.9861,198.6557,34.7612,0.0985,0.0640,51.3273,16.9345,0.0007,65995.5417,0.3290,3.1901
74889.8742,134.3275,12781.7353,71.9643,77.1757,0.2797,57481.9327,6.4827,0.3774,347.8782,453.8102,17.2264,13.0828,9.8038,2384.9389,162.4153,605.6930,6.0515,212.4170,132952.6970,54093.9325,321.2502,0.0118,1.9378,485165195.4098,0.0761,309.1250,572.1956,1029.7445,0.0422,2.7097,0.0250,6508.1733,0.3961,40470.3088,5.3501,0.0022,1861.6726,40.1948,9.8842,1.0631,38035.9682,1.1178,10098.4828,2710.0117,10.2087,2.7869,365.7023,119143.8077,6.7890,0.0235,0.1365,38311.6451,51.8870,0.1094,0.2986,27571.1236,10357.5608,955.3649,789.3578,22.1426,119651.8787,25893.9529,143.0405,0.1055,32.2416,2.0427,1076.3859,0.8634,375.5537,0.0002,8.1124,16.7968,146.9824,22.1951,0.0001,60.7213,0.9716,0.0000,9.8360,20.5587,7.9756,15095.1471,15.5431,0.2399,66.2867,0.0406,0.0013,1448.4283,0.0003,768.0214,66.5001,16.4546,104.3078,45.1175,6.3822,0.1382,0.0023,152.4970,3.4520,0.0001,76.2102,1990.4241,9.4789,0.2639,2190.4977,79921.8276,2.8684,1.8627,52.3005,0.0821,10.0418,903.8339,109.1334,0.4956,794510.0385,1.5086,4107.5396,726.8309,0.1140,3136.8466,17.6101,54.8468,15.1721,4.2615,3.1700,0.2123,0.9193
4.0151,30732.5942,0.0027,0.0363,6541.3906,2268.3608,0.1618,235.5686,47.1233,0.0060,3.7470,112342.2372,14.6266,1019.6767,0.0816,15.9647,0.0005,110102.6430,516.6498,223.4606,0.0178,0.0708,14373.0937,1033.2287,0.0761,485165195.4098,28910.2627,266.7599,53.1873,0.0000,36.6368,65348.8529,20334.8684,190.0832,4142.7566,1.2791,59792.1915,25.2812,6866756.6293,18.4140,0.0001,399.0978,0.0687,714.8926,4414.5348,0.0742,171.5497,9240.4543,3005.3313,162.4175,49.2309,1.5665,2.7249,5605.5473,129.1212,16.8503,0.0108,158.7691,0.4942,1305.8963,14.1429,18.1004,5.8821,0.1578,1676.7296,55125.3545,481673.4458,2186.5976,0.0000,25.4961,0.0000,112.5537,0.0040,0.0004,5.5004,11484.2316,2.8327,4322.8931,0.0000,3.1548,3786.8999,173068.9011,2317.5268,9040.0165,2044775.9316,0.0123,0.6620,253.8321,2.0364,4.8398,14.2500,0.0007,24.0448,64.4509,8238.3831,0.0056,0.0004,2.0830,43381.6966,12.3928,0.0005,12525.2777,3.3398,4149.0407,1.1741,0.0393,44.5372,246.1131,6242.3960,8551.3137,289083.7659,52.2565,0.0001,260854.1076,1.0138,0.0933,5777.3663,473.6796,274862.7076,0.0565,8786.6062,0.0420,369.0455,148.5775,0.2094,7.7014,54147.2722,0.1699
81795.2222,13264.9520,245.3125,0.5153,13.6862,1.5394,0.9974,0.2985,0.0025,0.0290,0.0057,71.7738,0.0569,419.8488,42.8338,0.3458,0.0009,82.9063,95.5402,118.0806,0.3483,0.0438,423675.2674,36192.0386,309.1250,28910.2627,485165195.4098,64.1656,7.8095,0.1098,28.8750,104.7998,119.8049,5.5478,2496.0648,0.0055,8126.4266,8.3125,1748827.6394,0.0324,0.0028,606.3762,0.0001,228930.1842,1611.9012,0.3140,1.9746,160.2640,21389.1337,0.2118,0.0184,0.8361,63.2237,7.0543,3345.5436,0.0275,58.1396,44103.5181,0.0161,108.0809,0.2699,3483.4912,82.4558,223.8363,2.3707,1626.0209,492724.7425,125.5747,0.0002,2.3049,0.0000,19174.6254,1.4044,0.0038,41.0127,1070.7159,0.5922,3.2085,0.0001,0.0067,54329.6370,23057.7188,33900.4980,3.3391,1316.7376,0.0001,0.0002,0.3115,0.0962,0.0010,11.5644,0.0020,7.8362,0.0322,2772.2589,0.0010,0.0003,1.0253,1320.9977,0.2228,0.0000,103.9208,5.8907,1.8671,0.0072,1.7133,152.3089,0.0154,6267.2289,2095.0951,213.4759,13.6993,0.0478,75107.7034,0.0174,18.7567,1295687.6085,6.8229,5338980.2715,0.0002,515.8325,0.6616,1.0835,14.9371,0.0004,83.3584,1668.5004,0.0590
5949.6637,746500.1311,66.8490,0.0003,1440.6669,0.7459,623187.1081,496.1371,0.3074,0.0003,0.1529,0.5937,96.6255,142.1359,0.2670,97.9060,777.2142,24064.8328,1243.2434,121822.9267,81.9413,0.0054,29.0517,0.0489,572.1956,266.7599,64.1656,485165195.4098,68367.7740,0.0000,11.3470,38.2323,164018.0637,51.8642,19427.4487,0.1502,0.0434,23.7314,9473.4583,3.9689,0.0000,3305.7486,0.0010,645.1162,27879.7355,0.0000,0.2158,18.7042,534.8927,0.0119,3436.9004,0.0023,24.8898,37369.7499,0.0015,67525.6051,7.2883,228.5935,1208127.8236,2.5849,2033487.7936,43.1451,4633.4868,36.2177,1.3210,10568.1158,13.4423,11687062.6843,0.0000,0.4796,0.0027,0.8325,42.2632,0.0000,0.0024,6.4851,0.0000,0.0097,0.0002,33.0974,340435.0867,7.5341,5250938.4717,992.6834,3.0091,611.3068,0.0016,1.0681,0.0178,6212.3917,8.8645,0.5086,1.0490,0.2491,529162.0528,0.0000,0.0053,0.0169,414962.7721,0.7256,0.0004,53909.6887,238.5467,0.0388,2.4304,137122.1482,120569.6294,28.5777,2399.6797,15642615.0117,69895.0644,0.7738,1698.8141,42965.7764,138.9619,608.9175,0.0465,1.9066,59157.5532,0.0066,995370.4522,4.0079,183.3617,5.3500,0.0077,0.6788,209.3834,0.2435
2175.9323,453774.4337,2.2448,0.1108,51.1103,364.3485,3527.8886,1.9107,29.3474,5.7368,38.2599,12.6915,3599.5361,68535.6295,9.3398,1.1770,97.6148,152967.9201,358.5780,106711.5999,9801.6686,0.0693,0.0483,0.0004,1029.7445,53.1873,7.8095,68367.7740,485165195.4098,0.0013,1550.4423,6.9431,843.2838,7431.0894,26.4940,0.0126,0.0033,582.1400,979.2391,0.1606,0.0001,34.2735,26.2823,1182.4300,46564.5426,0.0288,0.0067,25920.0729,448.8084,0.0029,1.2816,0.0030,0.3558,5140.1252,0.0000,6178.8529,16.2912,8589.0062,23418.9843,0.1721,1143570.2702,8.8488,4082.9127,0.0056,0.1063,73.5135,0.0289,294060.3202,0.0039,18.9704,0.0469,0.6153,0.1782,0.0021,0.0075,33.4977,0.1192,4.2573,0.0010,0.6508,24129.9068,3815.7607,520740.6196,637.9050,0.0315,221.5940,0.0022,1016.5507,491.4800,3.6091,131.3909,184.1032,123.4058,2324.8078,3079.0200,0.0022,0.0001,0.0075,1736.1476,1.9162,0.0112,497.2509,152.9686,1.4734,0.0448,1015.8637,30035.9118,74.8120,0.0957,1170458.7018,1216.5591,8.1414,19.6227,3249.5989,1.9303,6639.9001,0.0018,14.0785,683.8246,0.0019,2712199.2544,0.0041,13.9472,1237.8815,1.5371,3.6367,4697.3670,0.0078
37.1700,0.0001,1851.9815,0.2681,0.0000,0.0038,0.0000,0.0000,0.0000,2.7773,0.0008,0.0000,0.0000,0.0000,0.0104,0.0000,0.0126,0.0000,0.0000,0.0001,0.3041,0.0020,0.1431,0.1213,0.0422,0.0000,0.1098,0.0000,0.0013,485165195.4098,0.0001,0.0000,0.0000,0.0000,0.0000,0.0000,0.4569,0.0000,0.0000,0.0010,915.7887,0.0005,0.0087,0.7033,0.0000,97.6207,0.0000,0.0000,0.0000,0.0041,0.0000,0.0486,0.0021,0.0000,295.3121,0.0010,0.0067,0.0239,0.0000,0.0000,0.0000,0.3011,0.0000,0.0001,0.0003,0.0000,0.0641,0.0001,4805.1322,0.0001,979636.3555,11006.7405,0.0188,65.4013,0.0540,2.3640,0.4172,0.0141,11914.4293,0.0000,0.0703,0.0001,0.0000,0.0000,0.0000,0.0000,0.0022,0.9663,0.0009,0.0076,0.0000,0.0038,0.0024,0.0000,0.0000,1.5385,6.8337,422.9300,0.0000,0.0000,0.3266,0.0000,0.0002,0.0000,0.0096,0.0001,0.0008,0.0002,0.0057,0.0000,0.0000,0.0004,12.9448,0.0000,0.0003,0.0008,2.5698,0.0003,0.0049,0.0004,0.0000,0.0032,0.0000,0.0002,0.0806,0.0081,0.0024,0.0002
0.1473,37.0845,0.0009,1330.0050,29.6608,6916.0320,4.4179,667.4524,4756.4989,152473.4399,179.0248,101869.5303,125839.4417,39742553.1318,2162620.7187,1.7056,11.9478,8058.3177,0.9804,1851.6444,8.4062,24276.5064,3.4751,0.6154,2.7097,36.6368,28.8750,11.3470,1550.4423,0.0001,485165195.4098,2844.3433,81.3118,12508177.3759,0.0552,54.5919,0.0345,7686412.7907,1961.4838,0.8272,13.2525,0.0972,10208.9404,0.5355,523717.8175,76.1978,316.0486,383445.6931,2186.7172,0.0048,0.0107,3801.9955,7.2544,1.2682,0.0008,14.6585,2436.4931,622.9800,2.4871,8.0101,14310.3092,0.2031,1615279.5842,184.0233,1432.7575,173845.7504,0.1550,10.2155,0.3347,454.3308,0.0001,0.0010,109.4852,0.0576,19220.1887,7.4897,206.8184,0.0574,0.3878,27.9066,1.7295,579553.4308,102.2296,0.1352,25.5625,3383.8019,7.3687,13.7658,65847.3397,0.0274,279400.9443,45904.1778,4342039.6125,295512.6793,358.6259,12.3590,0.0021,0.0157,220.5449,8880.0551,83.8913,4188.4507,275423.1635,61.2662,0.6651,193.0488,43.8610,70.9946,1.5637,8638.5553,307.9507,18627.2083,0.0026,5089.4258,31520.7093,31105.5865,3.2057,2.0675,4.8314,31.2610,10603.1115,52.8034,57.9688,5304.0145,1031.3921,33.9345,684.8830,79.6559
0.0089,60993.4457,0.0000,0.0136,831103.7802,15915.6754,0.1200,24698.1973,1021.9873,0.1225,643.9181,32632.7771,30068.5026,1903.2638,55.4206,8180.8381,0.0000,450327.9555,5073.0770,6770.1880,0.0924,113.1839,309.1243,244.1870,0.0250,65348.8529,104.7998,38.2323,6.9431,0.0000,2844.3433,485165195.4098,1853.8906,79135.5675,707.0769,111.1592,23118.4628,219.7584,765.3803,345.2544,0.0011,882.5870,20.9381,128.9848,25497.0378,27.7510,91038.2970,5234.1928,632.0309,13.0602,632.8625,0.2560,9.0858,20680.2169,0.0244,21550.5593,3.9588,688.1291,75.6154,11818.8189,148.0059,0.5653,723.1030,8.1114,107345.8764,633187.3775,20206.0697,8577.8657,2.9110,587.7518,0.0001,0.0237,0.0608,0.0010,3.9664,28450.9868,150.2185,11.8942,0.0001,9009.7249,2019.4258,9250.3802,691.1177,665.5447,369064.8301,42.9529,65.2310,218174.5904,5.5494,0.5396,806.1418,0.0205,1.0358,1421.5691,228773.1422,0.1183,0.0000,0.1837,3938060.5695,1034211.9679,1.4310,1452.9587,2033.7792,766.5177,17996.5800,0.3597,0.0852,317725.8013,14861.1775,7255.8404,4869515.7855,1541.4509,0.0000,1754329.4850,296863.2869,9.0401,0.8749,5358.7961,49.4159,19.0491,36161.4823,0.4785,130129.7604,973572.4880,0.0073,225.7222,9.9412,0.0275
73.2573,30172.9271,0.0912,7.8666,2324064.2144,205.1254,171768.8856,142941.8258,919.0090,0.5318,1994.8155,17967.6680,519.4901,213.2060,43.2906,70145.7617,57.1560,208869.7380,83843.5299,633421.5827,942.2881,232.1568,3.4969,6.1702,6508.1733,20334.8684,119.8049,164018.0637,843.2838,0.0000,81.3118,1853.8906,485165195.4098,174.2616,92750.1042,12402.5044,0.2791,11051.8961,17332.7743,21096.2606,0.0040,162615.5247,8.7267,476.2936,53702.5725,0.1304,34736.3876,27831.0919,222968.1623,2934.0725,234.1624,0.1420,21116.7518,408577.2259,0.1194,1711.3496,205.3650,2476.0140,101705.2408,343363.8301,28746.3243,36580.9338,99679.6412,1768.1837,36758.1931,843768.4498,646.1431,229326.6571,0.0010,3953.0439,0.0000,0.1278,14.6637,0.0540,2.0642,1.3852,22.5678,300.0067,0.0000,18837.5122,48.1001,2163.9519,27918.1663,410556.8703,22752.5424,1515.3557,200.1690,0.3737,519.9672,3.9365,15376.6169,3.4151,30.2758,2257.0231,29812.4693,0.0910,0.0021,0.0001,5059429.1836,776.3030,0.0044,910115.0473,22532.5476,18172.7030,173.6902,83659.3309,227219.4588,34405.0932,1581.4142,33738.5379,12344.3774,159.1337,0.4370,470324.3857,240.0707,40314.5992,7.2130,308694.6222,3375.5823,5.8828,534158.7311,1508.7709,203098.6913,6792.4533,11.1508,0.2571,1886.6257,6.2054
0.0017,1741.6219,0.0000,25.4503,3577.6181,2618.6553,5.9911,5914.1463,730331.2449,616.0704,10709.1057,41865.8039,11282481.8530,35959196.6065,47967.9066,197.4975,1.1439,1832533.0463,260.3681,928.1983,1.0123,6432.5740,0.1028,6.4639,0.3961,190.0832,5.5478,51.8642,7431.0894,0.0000,12508177.3759,79135.5675,174.2616,485165195.4098,10.4873,622.8712,8.9699,3378629.8005,2211.4697,1.8352,0.1121,1.7940,22430.0533,1.4562,31043.9033,18.9359,1031.6622,3983608.5226,9266.3474,0.3095,63.5875,339.0130,9.8586,14.9417,0.0000,54.2569,4977.6490,617.7940,31.6411,65.0061,56750.0760,0.0373,48401.9945,44.3104,468.2642,642764.2825,0.0871,127.0398,0.9790,3132.3684,0.0001,0.0000,12.7887,0.1941,2260.3243,4.6013,25.1625,0.2385,0.0708,417.1501,8.5202,212998.3668,3554.2230,8.2022,37.2276,22340.9364,19.9377,244.9636,60433.4018,0.0284,2460173.6091,37539.4285,106912.7902,944674.6508,68234.1941,25.4427,0.0099,0.0518,3078.1661,1651223.6094,243.5645,110052.1930,20091.9271,612.4969,44.7862,27.9207,0.8314,369.4685,1.5788,59666.4403,6724.2346,236858.3023,0.0003,23899.9988,15934.0402,1128.4784,0.0450,27.8755,0.5115,2771.4239,33940.4607,0.5482,24866.8275,75511.8062,14.8810,29367.1174,60.8258,15.8993
57.4740,27527.8506,4.2213,0.0020,86161.5827,0.0574,1383.5423,1324.8241,15.0353,0.0015,676.0824,225.7335,169.3508,4.8769,0.6300,16966.1894,0.1709,9127.6062,109317.8570,7307.9171,1.1612,1.3088,1.3341,12863.0809,40470.3088,4142.7566,2496.0648,19427.4487,26.4940,0.0000,0.0552,707.0769,92750.1042,10.4873,485165195.4098,18.8936,3901.5942,44.5727,26195.5665,19.6590,0.0000,1620517.4788,0.0037,83394.7149,170.5934,0.0070,72.9925,586.6958,1596240.5581,1676.0705,24660.5246,0.1609,15057.8891,1253.8096,0.8671,4.2006,195.2266,263.4799,1601.6744,9824.7367,12.0173,2154.4526,29.5808,134.1347,1.0656,21504.7916,12446.2065,30193.8485,0.0024,69.7273,0.0000,1.3870,0.1306,0.2970,5.1310,0.0225,0.1096,3.0845,0.0000,286.2186,3440.5903,6.3972,659416.1774,903.2606,1106.4046,7.0623,0.0503,0.1031,1.2514,0.0421,237.7217,0.0224,0.0729,5.8051,1246812.7216,0.1325,1.0482,2.0206,123024.2735,721.6436,0.0000,94126.3399,27.7100,41.2026,67.0661,13.0730,30.8820,46.7656,14418.8083,4251.7447,3828.0727,734.1820,0.8568,16376.0491,6.3240,9.3771,17.1841,6266.3428,17832.5369,15.0983,5522.9815,0.2300,37096.5170,31.9734,0.0012,10433.1323,0.0715,0.1398
