485165195.4098,1752.2619,0.3319,0.0084,60256.4444,0.0119,35.5714,206.6959,0.0049,0.0005,0.0375,0.0024,9.9299,8097.8290,11.1854,0.0103,0.0024,0.2739,0.0850,0.0170,0.0155,46.4565,0.0020,207.0552,1.9943,0.0312,318064.7296,0.0079,0.0227,0.0000,1.3167,2.4332,0.0134,1.0442,0.2082,1.9520,13.9378,0.0002,0.0065,0.0004,81.4540,88.7628,0.0214,267.4612,18.9337,0.0080,6.8288,0.0030,6.1308,0.1379,2.6149,0.9635,0.0022,0.0481,0.0137,25.0063,0.2004,0.0599,0.0003,141.2507,161.1009,4.5980,0.1470,0.0053,2.3257,0.0914,0.0207,0.0042,19.1722,24.1214,0.0806,0.0240,0.0013,22.5329,6.9249,0.0028,0.0479,0.0978,1.2811,0.8480,0.7195,73.6203,78.2955,0.4078,0.0079,2764.9617,734.6953,56.4723,306.5478,0.4346,9.5527,0.3635,5.2474,0.0709,0.0525,112.4200,296.6283,40325.2515,0.3600,8.5968,0.0040,0.0002,2.5724,184.5561,3663.0100,814.2791,20.6636,3.6053,0.3867,9.6279,0.0382,0.0004,1.2749,9.8312,0.0310,0.0157,591.2199,0.0000,181.1872,62.4566,12.8800,2.3798,1.5996,0.0081,8.7077,6580.9316,8.9550,0.3965
1752.2619,485165195.4098,15.0428,0.8483,1280.0309,0.0965,4831.5401,63.0607,13.7627,0.0068,0.0086,3748.5990,13807.2664,1950.8884,785.1664,1.3727,1.2717,0.0311,0.3474,0.2211,0.0000,0.1088,0.3970,832860.0395,4.3083,84.6438,86.7022,0.0335,0.0298,0.0011,457.7908,1.8026,3.3190,1222.4564,15.8516,15509.0037,0.0014,0.0845,1.6112,0.0973,82.4932,5.9282,0.0036,478.4168,0.4945,0.0083,3.0080,0.0010,93.6320,12219.1829,0.1979,0.0026,0.0058,1.5916,0.1405,21241.3375,1.6246,0.0343,2.3059,702.5796,0.6334,19.6038,330.0157,0.0019,232.9510,1.4372,10821.9466,0.0571,548.1977,1627.3781,84.6972,164.4228,0.0762,0.4115,0.4943,0.0001,0.0021,11.8601,2338.9628,0.3187,7.1927,24.7249,0.0031,1.5484,0.8614,6021.0230,569.7211,188.8519,25595.4319,0.0971,0.0164,0.0063,3125.5188,34.8515,0.1236,3289.9297,3957.0744,962.5737,0.1194,3.2910,3665.5516,0.0167,93.8668,272.0756,4992.7133,0.4318,20.5681,76.1511,5.3758,2889.7901,0.6412,0.0000,1572.0878,17.0316,0.1165,0.6366,16093.2940,0.5321,20792.8017,640.0088,20783.2412,9.1619,4.1528,94.0898,459.8431,14.8732,1.1590,0.0048
0.3319,15.0428,485165195.4098,857.3377,618.4643,13.8189,0.2803,0.0091,4.4766,42.4579,0.4047,2803.4468,220867.8407,0.0972,0.0127,5.5332,71904.8380,0.0000,0.0005,0.9173,0.0240,0.0033,209.3317,0.0083,0.0173,1.4190,0.0003,4.8354,0.0463,0.7819,797381.0677,2.5947,902023.7750,0.0001,0.0008,0.0005,0.0000,2.2633,0.4749,2.4097,0.0554,2.0753,46.7648,0.1825,0.7559,0.0585,10.8904,0.4353,3860.9985,4020.3937,0.7558,0.0191,0.8935,0.2354,3.0418,0.0231,0.0388,0.6536,0.1230,0.0843,0.0070,78.3787,0.1538,5219.1352,2.8218,1.0302,4.3701,6.3171,62.3974,0.0143,61094.0259,0.3843,1110.2346,0.0144,0.0071,0.6606,2737.8557,0.0000,105.3480,0.2186,0.0954,1266.4352,1.4434,0.0172,14.1435,0.0078,0.0128,0.0000,2.0981,1.8418,0.0517,1.4160,18073.6733,11.9659,0.0027,49701.9958,7.5623,0.0000,0.0004,687.2118,482.7590,1.4929,69.1111,0.0002,0.0697,1.3601,0.0007,204.5781,7520.9558,1.7927,0.2180,0.0149,0.3040,122.0356,0.0336,0.8401,0.0593,1768.0241,1.4334,0.0748,0.7356,0.8967,2.8207,4.4936,0.0004,7.6995,1574.5042,0.0009
0.0084,0.8483,857.3377,485165195.4098,0.0082,85858.7608,1513.8154,0.0000,78359.9496,110488.3050,2.3798,410.6072,54.1797,17.4700,0.2275,11.4679,52716.2872,26.9758,27204.1991,0.0124,0.0747,0.0000,1599.3829,0.0237,0.2887,546.7008,0.0001,225.6769,0.0100,26.0477,17761.8153,0.0000,15.2244,0.0078,0.5891,296.0488,0.0006,12439.4145,4.7210,57036.3798,0.0037,16.6490,1.5896,0.5245,0.0000,9.7529,711.7020,228887.9792,0.0962,22.0862,356.8423,4635.8223,135777.0717,0.0076,109696.8018,0.0001,230.1794,639.2727,68.6122,0.0979,9.8251,0.0288,2.2164,2412.2317,0.0021,70.7331,14638.1219,21981027.3250,0.0183,16.2088,4250.3487,21056.3584,2.7540,0.0001,0.7255,0.0095,31.0356,0.1351,11925.9618,0.8625,0.1052,0.6530,0.4801,0.0077,0.0024,0.0014,0.0000,0.7493,0.0000,2.7267,0.0041,0.0004,101.4194,0.9743,0.3885,252.2960,1.1310,0.0040,505.2335,1.0352,1499.2182,5445451.1117,0.0066,0.0236,0.0028,82.0138,0.0004,296.7292,45.0771,12929.4032,0.6140,0.0160,5217.4117,0.0006,0.0178,0.0164,0.0000,1156113.0477,0.0000,0.3849,0.1430,0.6762,0.0042,840.9436,15.9059,6.0507,13.4735,1.6333
60256.4444,1280.0309,618.4643,0.0082,485165195.4098,0.1513,5.6155,29.7733,0.0077,0.0000,0.0048,0.0998,5120.0443,0.1140,1.6540,9.5185,0.8119,0.0003,0.0001,0.0019,0.0000,59.9677,0.0021,1.3943,0.9827,0.0032,4036.3874,0.0005,1.1272,0.0000,65.8354,8.3291,4.0022,0.0003,0.0042,0.2637,0.0003,0.0000,0.0003,0.0000,38.2878,96.6162,0.0115,16.8536,50.5390,0.0744,0.9099,0.0004,17.9283,3682.2898,0.0081,0.1978,0.0000,1.7083,0.0133,0.1863,0.5502,0.0001,0.0007,152.4079,585.7381,6609.0426,1.3561,0.0807,0.1040,0.0624,0.1221,0.0090,9.2927,0.3557,0.3217,0.0075,0.0068,0.8211,0.3352,0.0005,61.4868,0.0001,5.6418,0.0001,0.0004,99749.3250,13.4896,0.0030,1.6522,0.5475,83.4492,0.0673,222.4959,13.8215,0.1755,0.6899,1.7414,21.2635,0.0172,51.1076,28.4768,119.4938,0.0230,1390.3411,0.0410,0.0000,2.8759,1.7270,576.1257,19.9822,0.0652,8.2580,0.2404,0.0535,0.0060,0.0013,1.1886,2078.8319,0.0004,0.0062,23.2745,0.0004,93249.9063,2.5437,14.5747,740.8993,0.8542,0.0500,1.1907,8.8668,414.1748,0.0003
0.0119,0.0965,13.8189,85858.7608,0.1513,485165195.4098,1.1433,0.0000,20013.0344,52943.5086,0.0405,14.6322,2.0991,0.0014,293.9580,15642.8964,542.0950,4776.5719,315.2797,0.0003,0.0164,0.0000,14.7922,0.0011,716.4208,0.2521,0.0728,1367.9030,16.2560,4.1083,51072.6942,0.0000,0.0173,0.0074,0.0014,132.1835,0.0002,10433.9035,0.5530,7597.1296,0.0157,0.0018,0.1255,0.0000,0.0000,70.3986,0.0150,5846206.3449,0.0132,84.1686,0.0826,3744.2253,1569090.7710,5.7907,414315.5164,0.0000,2469.0508,656.9814,0.6519,21.6027,16.1625,0.0015,94.4899,62362.2269,0.0037,0.4482,162.7036,390199.0350,0.0040,0.0476,6.2301,1721.5426,6.3366,0.0002,0.0103,0.9587,16002.4546,0.8720,580.3525,0.0042,0.2416,18.0247,6.2071,0.0005,0.0081,0.0877,0.0007,0.4900,0.0014,0.1478,0.0089,0.0000,0.5055,138461.5513,0.2172,0.3832,1.1136,0.0611,633.2115,8.4539,438.7870,5016.1589,0.0006,0.9918,0.0001,14.1790,0.0002,121.4343,2.5469,9864.8828,0.0634,4.7802,1047983.8055,0.0001,0.0091,0.0004,0.0001,183181.1429,0.0000,0.0066,0.1554,92.1301,0.0000,136.7086,127.7272,19102.0687,0.7693,230.5713
35.5714,4831.5401,0.2803,1513.8154,5.6155,1.1433,485165195.4098,0.0003,303.5924,18.7793,0.1177,1161.1387,2.5551,406466.5619,0.0535,6.4031,1.1012,13.9729,37112.5765,0.0292,0.0027,0.0108,269.2481,1310.5103,0.4898,116870.1693,57.8914,11.9833,0.0009,0.0088,0.4286,4.2636,0.3058,1.5917,2520.3965,1068351.6856,0.0033,27.7476,0.8030,6.1704,1.1971,145.7239,0.0002,161001.1974,0.0006,0.6017,12879.2527,1.8406,15.7107,55.6479,4.1991,13.0081,0.1273,0.8807,562.0031,2.8537,34.4006,86.7161,550.5073,511.3819,508.3365,2.4046,1.9861,0.0001,0.0022,220.0458,10056.6475,133.1171,9.5411,168835.3367,65.6610,2161.6447,0.0232,0.0472,81.9749,0.0000,0.0002,205.0597,341870.6511,0.1382,0.0220,39.8351,0.0001,16.0952,0.0005,32.5262,2.2651,358.6575,0.3736,0.0120,0.1763,0.0000,376.1323,3.3432,375.4273,65.4755,155694.9367,1932.1276,55556.6916,0.0010,770.6316,1512.5761,0.1627,0.2516,2848.8091,8536.9980,222.5217,6388.2220,2.3255,430.7981,9.4235,0.0001,1394.9315,0.1547,0.0011,27.1293,0.5442,45.1359,3.3823,848.1951,406.6041,0.0078,0.9553,584107.9917,11.8337,0.0352,35.1140,0.0586
206.6959,63.0607,0.0091,0.0000,29.7733,0.0000,0.0003,485165195.4098,0.0000,0.0000,25.0628,0.0047,1.4819,0.0447,1284.3828,0.4123,0.0009,0.0308,0.0000,1140.2004,235.0739,1226489.8052,0.0010,2507.9193,0.0270,0.0125,2044.2863,0.0098,48.4668,0.2603,0.0016,2245.3292,0.2743,3081.1746,0.2695,0.0046,1280.0896,0.0000,4.7949,0.0001,15565.4627,1.2208,35.1841,0.2113,2175423.6101,0.0180,0.0219,0.0000,2.5226,0.8006,0.0273,0.0000,0.0001,1.5407,0.0000,368327.6886,0.0917,0.0002,0.1002,1.3962,0.0142,830.3674,2.1707,0.0028,78366.8919,1.0865,0.0003,0.0000,556.4681,2.4588,0.0038,0.0006,6.9225,3862.8521,0.2331,1061.3271,0.0054,26.0892,0.0005,857.7557,10.1671,0.1039,18.4044,349.6992,2283.6497,1728.0437,18045.4917,4.9806,520965.5023,26.2836,254.3005,40648.4368,0.7697,0.8041,0.1378,0.0296,0.0107,68.3305,0.0000,6.5020,0.0028,0.0000,2040.6978,836.3824,1909.4283,0.0028,1690.5369,0.0013,0.0061,0.0138,2.2550,9.8527,0.0033,273.5241,384.3190,30.5791,1783334.1458,0.0000,151400.3216,1.4423,15.6991,0.9559,545.7602,0.0001,18.3087,0.1003,4.5423,0.0789
0.0049,13.7627,4.4766,78359.9496,0.0077,20013.0344,303.5924,0.0000,485165195.4098,10582.1369,0.0002,9279.5732,0.0077,0.6829,0.7207,0.2277,3.1656,34773.6189,1176.1525,0.0104,0.0011,0.0000,21.1385,41.6857,47124.1427,0.7136,0.0254,254.4254,0.0896,0.7207,1172.8563,0.0001,0.0027,47.5765,0.1111,6724.7740,0.2435,1693555.1548,1.9057,17998.6269,0.0002,0.0002,0.0001,1.8962,0.0000,9368.3242,0.0138,69531.9691,0.0809,2.2599,12.6534,4141.6813,126.2800,2.5713,27879.2962,0.0875,0.0149,30159.4330,0.0974,28.9520,0.9664,0.0001,3.5199,561.1567,0.0101,0.0049,681565.0776,437616.7262,0.0001,15.1893,3.0547,10118.6808,0.0055,0.0000,0.0021,0.0032,118.8440,9.7178,43.0233,0.0057,15.3013,0.0047,0.7622,0.0001,0.0002,3.7493,1.9133,90.6581,0.0007,0.0001,0.0005,0.0000,1.3596,6.3432,2.4247,7.0202,38.3475,0.0544,323.5406,1.6815,105.2584,22258.9412,0.0000,8.0360,0.0013,35.0373,0.0021,149.5624,25.6932,25.8222,0.0010,0.0125,94804.4218,0.0000,3.2173,0.0574,0.0007,43776.1224,0.0005,1.1264,0.0342,16.8537,0.0592,6299.2422,493.6474,14.2284,0.0152,1150.7193
0.0005,0.0068,42.4579,110488.3050,0.0000,52943.5086,18.7793,0.0000,10582.1369,485165195.4098,10.6737,1324.4390,0.4133,3.8502,0.1792,60.8752,1931.3909,6484.5472,9208.7260,4.5710,711.3198,0.0001,105879.3461,0.0077,1.3175,530.8383,0.0018,549810.3194,0.6415,1813.2665,332.0623,0.1424,12.9243,0.4094,0.6520,12.7188,0.4286,795583.6081,1103.2387,249607.8548,0.1143,0.0060,7.1295,0.0072,0.0001,1.6785,22.7506,650092.4210,21.7208,0.7553,12.7132,24.5115,482721.7321,5.9050,81119.7121,0.0196,5.1102,2232154.1086,132.1084,0.8821,0.1049,0.0003,0.5663,1128.8599,0.0822,17.1921,49.6781,14546.8480,0.4198,21.0701,2308.1480,14927.6799,3098.3921,0.0106,0.0847,41.3480,7.2011,546.9764,397.2040,293.7370,10.7640,0.8932,0.1219,3.5898,0.0129,1.4806,0.0007,0.0328,0.0010,0.0087,9.3816,0.0002,2887.4876,245.7117,15.9911,77.4563,31.1747,0.0012,193.1788,0.0114,1893.2912,1061202.9347,0.1195,0.0688,0.0004,115.4432,0.2891,6029.1997,716.2289,393.2311,23.4438,114.0098,1775.8568,0.0000,6.1238,93.3584,0.0035,1651665.1600,0.0000,0.0150,0.6109,0.0010,0.1421,6632.5180,0.0814,119.6445,6.5527,943.4700
0.0375,0.0086,0.4047,2.3798,0.0048,0.0405,0.1177,25.0628,0.0002,10.6737,485165195.4098,0.0006,595.1923,4.6297,0.0427,40.4876,21077.7728,0.0007,81.9902,1767425.3594,234919.2889,5205.5281,1729.5465,0.0491,0.0000,2609.3786,0.2564,32.8912,10783.6540,514.7524,0.2008,261.3575,2645.7486,0.0125,490.6399,0.1492,12.3538,0.0003,17203.9414,4.9051,322472.8402,517386.0194,21374946.4027,1.0143,28331.7749,0.0000,395.2579,0.2548,23.4474,9.1600,0.0057,0.0001,49.0480,1.6731,0.1426,67.8858,325.2230,0.0022,140877.2795,0.0006,11.4046,1589.0419,70.7841,0.1223,18.3554,120414.6216,0.0000,0.1364,74.1135,0.2947,56.2090,673.2846,246090.3578,430418.3328,3438.2515,10407.1850,0.3800,1.4179,0.0098,1602929.0375,4.1201,35.6187,0.0025,1173335.1996,327366.6213,0.0039,0.0000,0.0172,0.0122,3263470.9888,864873.0840,2453.1594,355.6751,0.5247,14520.3124,6.0426,0.0051,0.3141,0.0082,0.0000,3.5463,8.6581,26893.7159,2.5984,0.1144,6.7127,0.6459,20.8934,0.4788,1095.1481,5432524.4118,3241.0043,0.0283,1812.6026,164.0000,1159.9482,924.3102,0.3759,0.9992,0.0661,2.3536,0.0011,6827.7621,0.0638,0.0017,0.0025,184.3953,0.0000
0.0024,3748.5990,2803.4468,410.6072,0.0998,14.6322,1161.1387,0.0047,9279.5732,1324.4390,0.0006,485165195.4098,18.3025,18.3281,1.3716,15.7523,7.7325,6.2197,1.0795,0.0267,0.0108,0.0001,222.8299,23.4429,2.6561,1395.0481,0.0025,104.1581,0.0001,32.6992,98.8143,2.0003,406.1210,38.8008,11.8611,163.5987,0.0010,56592.3701,11.1184,78.5929,0.0008,0.0008,0.0012,3.3243,0.0008,18.0764,96.4424,1.4760,96.1097,178.0192,108.0196,1.3845,7.3658,0.2802,13.1961,1.0847,0.2567,5343.6859,18.3147,17.4704,0.0013,0.1903,0.1383,2.5624,1.4892,4.7504,434245.8907,35.5928,459.2756,566.1034,5529.0359,8.1480,5.0623,0.0001,0.0007,0.0215,0.0283,238.5168,56694.7013,0.0522,0.4078,1.0891,0.0043,0.0947,0.0066,176.6754,94.9128,0.0393,200.9485,0.0001,0.0002,0.0010,2699.5972,34.3482,0.0928,1855.3786,955.9948,0.0023,12.8164,24.0364,117495.9743,352.9232,0.6953,0.0007,11.1953,0.2280,48.4105,450.8278,1008.0538,3.4687,0.0234,0.0039,204.7532,0.0116,0.2013,11.3287,0.1870,35146.5055,0.4989,94.7043,33.5746,0.1013,0.0386,156493.5195,7.7313,1.0962,1.6001,8.4287
9.9299,13807.2664,220867.8407,54.1797,5120.0443,2.0991,2.5551,1.4819,0.0077,0.4133,595.1923,18.3025,485165195.4098,1.3036,3.8257,1118.3545,653010.4364,0.0000,0.0118,16.0549,0.0298,0.6035,329.2264,0.6501,0.0001,91.1714,0.0490,0.4039,7.5356,0.0550,159021.0619,7.2713,451279.6881,0.0004,0.2276,0.4579,0.0000,0.0002,4.6188,0.1695,4170.4183,6414.5502,4705.1522,0.3879,180.5835,0.0000,126.4118,0.0055,2399.3035,1122236.6670,0.0068,0.0001,1.1637,0.6336,0.5271,5.6748,174.7051,0.0002,101.2694,0.2686,2.4026,19597.7750,196.8643,6.3296,122.3329,423.9504,0.3157,0.1897,5905.8481,0.1721,53171.9762,127.4562,6263.8775,20.2644,2.5601,0.8708,11.0503,0.0006,294.2848,6.6862,0.0542,53615.3197,0.0049,24.0507,5846.5124,0.0353,0.0004,0.0008,44.9952,13926.1135,7.5162,6.8671,73159.5477,269.0455,0.1671,30620.4302,3.9731,0.0581,0.0004,3.3511,5116.0280,0.0770,20425.1499,0.3119,6.1564,0.6612,0.0082,339.4624,48.1668,9815.5266,465.8810,0.0099,9.8979,33543.5565,0.0081,0.4670,254.3620,41.9003,692.9465,0.7080,348.3266,2.9603,9.9672,0.6447,0.0157,2.5199,3603.0670,0.0000
8097.8290,1950.8884,0.0972,17.4700,0.1140,0.0014,406466.5619,0.0447,0.6829,3.8502,4.6297,18.3281,1.3036,485165195.4098,0.0105,0.0046,0.1730,0.7707,23180.7944,13.8993,1.5524,0.0623,223.4245,3723.7887,0.1032,69512.5078,35.0901,3.0789,0.0005,0.9468,0.0461,159.3892,5.7521,101.6337,27136.8781,2890.9395,20.9467,1.0283,22.6257,9.7220,10.5008,401.7170,0.1753,499340.4524,0.0496,0.0010,12194.5349,0.0453,908.6243,0.0078,67.8483,0.0803,0.2120,0.1807,14.0216,427.8230,0.2539,309.9739,75.8083,5.1373,18.9857,0.1116,0.1356,0.0001,1.2070,72.1125,17.2266,0.2094,296.0526,7405.6644,480.7721,155.4571,0.2902,219.7064,6607.7254,0.0003,0.0000,201.2747,590.9938,375.2688,86.4453,2.3016,0.0005,4322.7791,0.0029,1402.6561,2.7757,245.3447,1.5550,0.0254,56.3914,0.0057,5360.9388,0.0032,66.9130,7831.3555,54664.5642,1627.2416,882.4586,0.0001,71.5449,216.7139,89.4387,1.7638,1630.8096,1353.1080,6376.4033,1233.6309,187.8295,369.3523,427.7999,0.0006,0.5367,2.7859,0.2820,735.4270,108.1586,0.3764,0.1652,656.5174,1521.6131,0.0000,156.4978,833.6331,0.0851,4.2446,0.7488,0.5071
11.1854,785.1664,0.0127,0.2275,1.6540,293.9580,0.0535,1284.3828,0.7207,0.1792,0.0427,1.3716,3.8257,0.0105,485165195.4098,3017.2576,0.2557,454.3174,0.1102,0.0029,0.9273,1.7815,0.0014,44.1991,1.8317,0.7945,16.8067,0.6128,0.4518,5.6031,2.1429,0.0120,0.0027,1824.1935,0.1121,39.3494,0.0913,2.0759,3.6933,0.9127,41.8968,0.0544,0.0378,0.0003,8.0359,2.5915,0.2179,0.7413,0.0016,138.7030,3.5036,14.8446,269.2596,1.0827,0.0473,33.7054,23737.1396,0.3013,4.5433,16.7082,0.2823,7.1449,598.1426,1.1679,573.1801,4.6802,24.0287,0.6157,215.7742,230.6930,0.1779,0.3395,0.7333,0.0518,0.0075,6.6185,0.0052,1086.0517,606.7065,2.0812,0.3442,0.0878,70.2596,0.2769,0.2696,822.9566,595.3402,978.2154,182091.4926,0.8683,0.0193,1.9260,0.7844,768.9396,0.0014,0.0013,0.0639,620.1400,0.8663,1513.3560,8.7065,0.0081,4.6413,2270.1923,127.0334,0.0014,43.8744,0.0279,0.0244,512.9596,0.0365,0.0508,4681.8637,0.0134,0.2297,0.0048,148.4292,0.2634,34.9393,0.2300,734.5567,342.8008,0.0003,0.0272,221061.2644,254.2518,4.0417,258.2081
0.0103,1.3727,5.5332,11.4679,9.5185,15642.8964,6.4031,0.4123,0.2277,60.8752,40.4876,15.7523,1118.3545,0.0046,3017.2576,485165195.4098,1904.6174,1.0802,4.9488,0.0885,7.0139,0.1592,644.7739,0.0185,0.0122,1122.1160,2.9008,456.3702,30.2893,47.1513,15.6710,12.7583,43.3719,0.0021,0.9280,98.9986,0.0000,0.9853,3.3174,22.1936,1442.8849,1.1191,19.8091,0.0009,0.7566,0.0109,30.6523,4.5170,3.2391,48423.8451,0.0010,0.1091,3106.3398,47.4450,97.1166,0.0254,592185.4007,0.7275,11826.7502,10.1853,118.9505,973.2759,293.9479,2.4371,1.1890,3697.1949,0.2045,1.0834,2947.0328,2.3582,158.2631,54.6849,18393.0224,1.1616,1.1593,44.8507,0.6315,21.4818,24056.1198,0.4066,0.0036,13324.4010,0.0018,109.5333,12.9897,1.7871,0.0062,0.1490,58.1008,39.4191,9.3715,0.0354,82.0488,2054396.7160,22.8514,0.1205,2.4036,2.1589,5.3439,0.0824,13986.8720,5.4573,51.0600,0.8838,3.8188,6.7816,12.1370,890.3385,1.3378,4200.6134,289.9858,47.7797,6445.9907,6.9057,0.0005,1.2615,8.5558,1029.0709,1.6891,0.0074,1453.4733,0.5169,0.0018,392.1632,11.1053,3.2809,1152.4566,0.0112
0.0024,1.2717,71904.8380,52716.2872,0.8119,542.0950,1.1012,0.0009,3.1656,1931.3909,21077.7728,7.7325,653010.4364,0.1730,0.2557,1904.6174,485165195.4098,0.0002,22.6879,783.9016,19.7406,0.0329,81877.3343,0.0036,0.0003,1729.2607,0.0001,634.5288,259.4803,207.9384,94811.8689,0.9809,290069.5650,0.0001,3.3728,0.9520,0.0002,0.9263,3514.4615,2970.2305,517.4830,7029.7141,77621.5509,0.2106,3.2398,0.0001,198.6861,15.2117,241.9989,114574.7786,0.0190,0.0043,1893.7497,17.8068,73.2637,0.1591,50.0515,0.0579,21587.4950,0.0007,6.3087,552.4346,2055.2362,261.7715,0.9612,1569.6065,0.4589,613.5672,26.3601,0.0491,170760.7415,29375.1362,319975.4478,8.3429,3.2925,39.0831,212.5687,0.0020,140.0720,386.9788,1.0995,3557.0089,0.0103,77.6802,9632.8713,0.0001,0.0000,0.0017,0.0052,34321.6448,186.8230,0.5971,13466.9454,23.8826,41.8724,1561.1613,0.2344,0.0014,0.0578,0.0235,10224.3561,244.7946,724.9044,0.5360,0.0016,2.9272,0.0001,20060.8273,2868.4498,15336.6764,14458.3823,3.8044,26.9976,188.7364,1.9691,5.6945,0.9669,32156.6280,0.0624,0.0219,12.2928,2.3404,37.2569,9.7302,0.0016,0.2970,503.5748,0.0000
0.2739,0.0311,0.0000,26.9758,0.0003,4776.5719,13.9729,0.0308,34773.6189,6484.5472,0.0007,6.2197,0.0000,0.7707,454.3174,1.0802,0.0002,485165195.4098,5451.8065,0.0032,10.5885,0.0152,0.1036,5.3245,7493.4969,0.4754,56.8606,282.9377,0.1229,27.4181,0.0060,0.0010,0.0000,6990.3740,1.2170,2932.7023,1419.1122,559357.9436,2.3768,827.2713,0.0031,0.0000,0.0000,0.0366,0.0001,69255.1916,0.0903,120825.9920,0.0002,0.0007,196.7672,96270.8318,2218.2265,3.0325,515.3461,0.1180,4.3007,289616.1994,0.1247,829.4368,4.2497,0.0000,0.4529,2.3728,0.0091,0.0552,1930.7102,2756.4451,0.0010,956.0638,0.0028,32.4219,0.0037,0.0003,0.0301,0.1741,0.0676,145550.7646,11.8437,0.3549,2.6073,0.0004,187.5722,0.0052,0.0000,778.4513,553.6034,28069.6867,0.1211,0.0000,0.0143,0.0002,0.0036,12.8313,3.9204,0.0010,3.3603,111.7477,14894.5098,1.1540,0.2395,914.3492,0.0000,159.7688,0.1747,18.2221,78.3136,0.9845,0.0637,1.5651,0.0015,17.8236,9838.0771,0.0000,18.0313,0.2008,0.0188,20.7919,0.0001,0.6514,0.1213,1.2450,0.0007,220.5294,48696.5712,143.9352,0.0106,6677655.4337
0.0850,0.3474,0.0005,27204.1991,0.0001,315.2797,37112.5765,0.0000,1176.1525,9208.7260,81.9902,1.0795,0.0118,23180.7944,0.1102,4.9488,22.6879,5451.8065,485165195.4098,3.6921,20.0800,0.0013,975.9328,29.6128,12.0822,38084.4173,0.6783,59.8020,10.4621,197.0735,0.0496,0.2930,0.0336,4.0160,14123.5233,284026.8382,13.0939,3727.4175,1210.8736,159086.0977,3.5503,67.0537,0.4612,825.0415,0.0000,0.5731,100.6422,4976.8022,1.8539,0.1164,0.5850,215.2710,3474.6001,82.7661,475352.7807,0.3453,105.6271,1682.3386,19200.4241,11.0683,8540.7061,0.0019,752.4400,0.0208,0.0003,254.1047,205.9459,33826.7604,0.0211,255.7716,6.0789,727106.6092,0.9893,8.3630,43957.4890,0.0031,0.0136,3825.6304,383.5393,37.1640,30.6906,2.3460,0.0011,555.9401,0.0199,0.1070,0.0004,4401.1512,0.0001,0.2156,63.6570,0.0000,8.1001,0.3999,23428.0257,0.9686,686.2099,704.0123,212019.0023,0.0000,345.5672,2031140.4193,0.4770,142.4701,0.0194,4123.0756,6.3366,8868.8244,16.4556,5022.3942,7499.2843,0.2307,598.4769,0.0040,3.1039,322.2979,0.1480,3081.9428,0.0000,0.0514,92.8528,0.0078,2.6997,44693.8914,3.1030,0.7187,0.0053,18.3466
0.0170,0.2211,0.9173,0.0124,0.0019,0.0003,0.0292,1140.2004,0.0104,4.5710,1767425.3594,0.0267,16.0549,13.8993,0.0029,0.0885,783.9016,0.0032,3.6921,485165195.4098,161296.1019,9864.8850,5256.8793,27.3713,0.0008,436.2736,0.4374,108.4829,13846.2017,1402.7073,0.1292,14195.0552,2854.0560,18.6075,1619.3848,0.1015,2550.7349,0.0249,282257.0164,38.0656,50409.6881,981.7688,246423.6460,74.6545,9613.8252,0.0001,2.4571,0.0127,959.7422,1.4333,0.0034,0.0000,0.1392,229.6729,0.0142,160925.5803,0.0050,0.0462,8412.1335,0.0016,0.0736,73.2529,74.0227,0.0259,710.1667,263.5215,0.0010,0.0014,17.8989,0.5096,184.9065,1071.5618,196858.7649,719809.7918,509.6665,3875.2010,0.3072,2.5931,0.0002,2082238.1922,2904.6612,1.1873,0.0019,523669.9100,536658.3549,0.2938,0.0051,0.2958,0.2001,4425.1745,975917.3927,603.4142,556.0468,0.0628,37455.3420,40.6215,0.1159,0.1011,0.0004,0.0000,6.5710,0.3706,19966.8322,62.1303,0.0801,0.2831,7.2395,114.7721,146.3228,3.8258,666620.4483,2784.4266,0.0026,448.8239,145577.3891,175147.9190,44913.2876,0.1331,5.1323,1.0219,10.3498,0.0006,3087224.4571,0.2733,0.0003,0.0017,7.0575,0.0003
0.0155,0.0000,0.0240,0.0747,0.0000,0.0164,0.0027,235.0739,0.0011,711.3198,234919.2889,0.0108,0.0298,1.5524,0.9273,7.0139,19.7406,10.5885,20.0800,161296.1019,485165195.4098,7675.1870,214.4569,0.0104,0.0001,447.3763,0.4971,226.6319,221.6415,51579.1712,0.0003,3004.7036,248.2165,2.9357,306.8607,0.0046,38610.6446,3.1918,57244.5845,219.0028,1647.5148,37.0001,87196.7165,0.1834,9151.9664,0.0208,296.6953,1.2584,7.7906,0.0054,10.1453,0.0052,266.3014,2.7524,0.0328,79.9692,5.9651,21.9283,2860.4258,0.0011,0.5870,20.4650,1.0125,0.5362,61.2199,8998.5778,0.0001,0.0270,213.1132,21.7233,16.8485,3.6615,105075.5518,14404.2935,96.1915,435044.6769,0.0116,2090.8640,0.0216,2033496.5933,38.8450,0.2744,4.5485,79595.6551,566.8671,1.0186,0.0395,0.1882,1.2300,287.9993,117524.4947,1522.2980,43.1268,0.0402,631.4100,0.0923,0.0147,0.0581,0.0212,0.0010,0.8958,11.5653,6594.3317,3.1276,0.6092,2.8271,1747.2763,4.4584,25.2432,0.2183,23743.4358,55031.5156,0.0054,0.3201,11856.6425,30326.0323,557.6648,0.2930,0.0056,0.0107,2.1632,0.0002,1523.7643,0.0575,0.0089,0.0786,56.2327,4.3878
46.4565,0.1088,0.0033,0.0000,59.9677,0.0000,0.0108,1226489.8052,0.0000,0.0001,5205.5281,0.0001,0.6035,0.0623,1.7815,0.1592,0.0329,0.0152,0.0013,9864.8850,7675.1870,485165195.4098,0.0031,1.7483,0.0001,0.7309,7065.5975,0.0043,509.1564,0.1167,0.0000,2348.0870,1.7778,2.9029,161.2527,0.0246,6393.0091,0.0000,23.0303,0.0000,28173.8644,7190.5644,194.5995,72.0926,20842084.8538,0.1019,32.6075,0.0000,0.0764,1.1870,0.2523,0.0007,0.0001,0.7691,0.0000,4054.9816,1.1449,0.0000,8.9152,0.0879,14.9075,212346.2434,0.7932,0.0002,16.9477,260.4125,0.0001,0.0001,46.1169,43.8478,0.0015,0.0082,6.4343,11311.3426,10.5795,323.1351,0.0045,3.5005,0.0002,1224.8260,0.0484,2.9210,28.4452,486.0065,10976.4781,3.0312,80.0497,6.9457,297.8859,23945.7526,1712.7225,159633.0153,0.0422,0.0041,597.3697,0.0059,0.0038,126.2495,0.0003,0.2014,0.0005,0.0000,540.1627,58.5674,4771.5594,0.8235,580.3096,0.0093,0.0051,0.0022,49.4145,276.6552,0.0008,604.8308,722.9445,64.4483,84448.5128,0.0000,129193.2044,9.6718,0.6464,1.6082,11102.6440,0.0002,0.8138,0.0002,141.0153,0.0015
0.0020,0.3970,209.3317,1599.3829,0.0021,14.7922,269.2481,0.0010,21.1385,105879.3461,1729.5465,222.8299,329.2264,223.4245,0.0014,644.7739,81877.3343,0.1036,975.9328,5256.8793,214.4569,0.0031,485165195.4098,0.2783,0.0245,53097.3655,0.0040,2217409.0743,1.1051,556.3956,197.7102,247.0175,6451.7973,0.0503,45.6251,21.5248,0.0080,119.0488,262.8620,17238.5590,395.9638,5.1934,830.2094,2.2574,0.0149,0.0000,213.2900,26.2901,10654.6095,27.4569,0.0740,0.0009,442.0073,70.9109,2530.3438,7.6678,1.0042,3419.5187,34787.3436,0.0495,0.5231,0.1855,1.9508,0.9508,33.3868,49.8920,0.4845,2.5567,44.9645,1.4949,2047921.4676,69828.1976,398386.3217,50.7103,94.4297,9.2989,0.5486,4.0218,211.4405,1313.3658,28.7132,46.7825,0.0000,13805.8502,4.4571,0.8983,0.0001,0.0201,0.0044,2.4205,9025.7383,0.0019,153543.8978,330.9966,932.5623,5694.3316,93.1542,0.0054,17.4031,0.0000,32914.7321,36582.4704,31.0731,0.1033,0.0121,27.4136,1.5048,118397.3481,3163.3460,1344.0428,32684.7492,200.1804,10.4721,5.4933,0.1097,5388.6438,0.8354,102567.3311,0.0004,2.2618,264.7135,0.0000,73.7219,15518.4287,0.0003,0.8228,741.0167,0.0034
207.0552,832860.0395,0.0083,0.0237,1.3943,0.0011,1310.5103,2507.9193,41.6857,0.0077,0.0491,23.4429,0.6501,3723.7887,44.1991,0.0185,0.0036,5.3245,29.6128,27.3713,0.0104,1.7483,0.2783,485165195.4098,572.2990,7.8811,233.7790,0.0245,0.9964,0.0472,0.1438,89.9368,0.0130,93806.2046,22.7863,3996.7998,38.8560,1.8620,33.3059,4.9962,95.1833,0.6453,0.0028,5957.8295,0.3034,0.0883,0.0176,0.0003,337.4421,8.5748,0.0108,0.0064,0.0003,126.2280,0.9840,1379895.7263,0.0036,0.4518,3.2546,690.6242,1.3959,0.0821,635.9771,0.0003,71.2670,0.1114,343.8761,0.0048,2.5908,434.3446,0.1930,89.3228,0.0078,18.1530,40.2455,0.0008,0.0006,459.9124,3.0442,10.5715,1411.5751,0.0891,0.0033,186.5985,1.2077,1853.7371,4300.2211,10132.2349,1604.4132,0.0017,4.9721,0.0044,44.5928,0.4294,4.8854,4.3421,1485.2219,13630.5772,0.1891,0.0103,5.5801,0.0955,24.6697,29217.2339,63.3605,1.1882,211.3980,24.0021,1.2986,11.2459,6.8172,0.0000,10.2417,2.5585,63.7204,698.4989,28447.0504,0.0845,653.8654,4.2548,2205.4187,0.5286,586.8047,127.5307,145.7705,0.2439,0.0032,0.4610
1.9943,4.3083,0.0173,0.2887,0.9827,716.4208,0.4898,0.0270,47124.1427,1.3175,0.0000,2.6561,0.0001,0.1032,1.8317,0.0122,0.0003,7493.4969,12.0822,0.0008,0.0001,0.0001,0.0245,572.2990,485165195.4098,0.0000,6.3022,0.3499,7.0959,0.0069,15.3671,0.0139,0.0000,85.4635,0.0009,16.1724,5.8288,7315.1938,0.0103,251.3415,0.0003,0.0000,0.0000,0.2002,0.0000,1222.4843,0.0000,171.7126,2.4254,0.0274,0.0093,615.2574,0.1736,2659.0196,16977.0936,0.5337,0.0001,710.1535,0.0001,940.8994,2.8485,0.0000,32.1092,106.4921,0.0769,0.0000,279.8113,13.8281,0.0000,0.0024,0.0015,5.1935,0.0000,0.0088,0.1649,0.0047,1398.5575,1.7708,0.0421,0.0000,2790.8527,0.0302,5.0409,0.0003,0.0013,9.3579,300.2865,252.7163,0.0412,0.0000,0.0219,0.0000,0.0020,33.2455,0.0533,0.0177,239.7451,57.0638,177.1770,3.4822,0.1337,5.0649,0.0001,1231.2501,0.0001,1.0467,0.0053,1.2673,3.3664,0.0242,0.0008,0.0085,108.3794,0.0014,1.3866,0.0894,0.0031,19.6159,0.0020,0.0240,0.4193,262.7894,0.0480,17.7158,7.8047,4192.0008,0.0000,19882.7300
0.0312,84.6438,1.4190,546.7008,0.0032,0.2521,116870.1693,0.0125,0.7136,530.8383,2609.3786,1395.0481,91.1714,69512.5078,0.7945,1122.1160,1729.2607,0.4754,38084.4173,436.2736,447.3763,0.7309,53097.3655,7.8811,0.0000,485165195.4098,0.3521,574.2833,0.0273,5990.5835,0.0494,527.2843,3227.5581,4.8616,2668295.1568,38114.1667,0.0462,14.2297,5528.4081,131.0429,505.0855,4746.5367,19.0611,4223.0304,2.0086,0.0034,2525908.7191,0.5873,35.2386,75.4788,7.7576,0.0148,138.8012,2.0260,7.0187,45.8546,5032.1018,44.4637,14040391.4612,0.8353,9.8202,1296.4063,12.9359,0.0001,0.3784,1261608.4741,118.5788,8.6984,65850.7163,114665.7835,43141.2421,7144.4756,12743.4542,45.9604,1890.5532,0.0460,0.0000,2010.2874,129305.0287,4625.3480,0.1035,62.4387,0.0000,113270.2473,1.8525,10.7640,0.0101,32.0454,4.3637,24.7481,29.0172,0.1478,22327.6587,1.9383,13778.8294,161.7921,477.7142,6.9942,439.8077,0.0000,246190.9290,4583.1896,2659.5025,0.0695,1881.5347,45.3687,28813.3927,18532.0769,237.4439,8258.4774,73012.9261,1.0478,22.6939,5.6786,0.2665,7763.5689,192.2743,381.4913,1.2597,93.2156,23639.3094,0.0001,13.7610,86440.2171,0.5552,0.0015,360.8737,0.0052
318064.7296,86.7022,0.0003,0.0001,4036.3874,0.0728,57.8914,2044.2863,0.0254,0.0018,0.2564,0.0025,0.0490,35.0901,16.8067,2.9008,0.0001,56.8606,0.6783,0.4374,0.4971,7065.5975,0.0040,233.7790,6.3022,0.3521,485165195.4098,0.0799,26.1069,0.0001,0.0041,151.2361,0.0005,1.9585,16.8789,742.4452,51.4874,0.0028,0.0669,0.0002,3889.3881,9.4178,0.0049,162.5637,24.6847,0.7791,0.4159,0.0318,0.7701,1.5005,0.0074,0.3260,0.0020,11.9048,0.0325,156.0521,4.2517,0.0885,0.0388,32749.9673,5556.4512,41.2332,3.0663,0.0001,0.2855,7.7673,0.0158,0.0032,11.6015,979.6050,0.0006,0.7939,0.0081,98.8809,20.7981,0.0243,0.0255,47.8153,0.2495,0.6852,0.0571,463.5440,0.8695,3.9470,0.1795,16159.5042,4532.6131,563.1743,180.3985,0.7746,68.7648,0.0629,0.1033,27.2156,754.1872,0.0707,1472.6441,135446.1580,0.8877,0.0320,0.0962,0.0002,2.7299,532.1626,5190.9416,7946.0251,2125.3267,17.0568,0.0137,1.0489,0.9760,0.2717,170.2313,0.3268,0.4771,1.4837,10937.8339,0.0000,1418.5383,56.3350,37.5392,3.7918,4.8512,2.0558,79.2736,59.1332,7.5484,0.4804
0.0079,0.0335,4.8354,225.6769,0.0005,1367.9030,11.9833,0.0098,254.4254,549810.3194,32.8912,104.1581,0.4039,3.0789,0.6128,456.3702,634.5288,282.9377,59.8020,108.4829,226.6319,0.0043,2217409.0743,0.0245,0.3499,574.2833,0.0799,485165195.4098,0.1274,788.2288,179.4091,1.0858,1.4971,6.1719,1.5087,9.5566,0.2359,1259.1501,48.2324,1409.0815,16.5168,0.0178,9.1141,0.0035,0.0098,0.0135,15.5421,2965.8879,4.1412,1.2149,2.4669,0.1241,8160.8852,4.3837,92.7861,1.1574,2.1319,95232.8276,234.0373,0.1161,0.0051,0.0083,0.0965,5.0237,64.7879,1.5006,0.6568,8.4831,7.6771,5.9825,10337.4517,1372.3512,32405.3612,0.4786,0.0135,84.7409,1.1336,95.6203,67.3233,877.2668,4.9508,0.1943,0.0034,65.6552,0.0367,73.9453,0.0156,0.0583,0.0240,0.1157,408.4119,0.0028,1048.1256,2617.1359,24.9944,76.6899,2.9359,0.0087,112.5543,0.0009,268.7043,1159.4890,0.0267,0.1702,0.0224,1.5362,1.2579,3150.5955,35.8335,811.1482,19.5848,10520.8424,526.6034,0.0022,0.1648,8.3865,0.0763,8317.2741,0.0001,54.4287,4.2515,0.0005,0.1853,1143.8636,0.2730,47.8362,975.3855,6.5177
0.0227,0.0298,0.0463,0.0100,1.1272,16.2560,0.0009,48.4668,0.0896,0.6415,10783.6540,0.0001,7.5356,0.0005,0.4518,30.2893,259.4803,0.1229,10.4621,13846.2017,221.6415,509.1564,1.1051,0.9964,7.0959,0.0273,26.1069,0.1274,485165195.4098,0.7664,3.2783,99.6468,3.7592,0.0152,0.6471,0.5200,25.8867,0.0312,6012.6330,53.2610,9089.6241,25.9704,10601.6010,0.1777,37.3377,0.0266,0.0001,2.4634,52.4211,330.5962,0.0000,0.0005,1.0461,89235.1940,17.3502,83.6881,0.5753,0.0005,21.2159,1.4163,2235.9279,5.0561,599981.0720,17.1860,0.2313,3.2791,0.0003,0.2944,0.0062,0.0007,0.0054,3297.2782,591.9070,41638.0776,293.7337,1265.4428,7465.4402,0.5474,0.0002,35.6508,953.4694,1060.3833,0.8129,215.0872,2700220.8324,0.0017,0.0004,1.3604,0.0069,3793.1545,45081.6299,1.8321,0.2972,104.9955,21460.3727,0.0142,0.5138,7.0723,0.0014,0.0004,1.5909,0.0634,783.0988,26770.0727,0.0002,29.7248,0.0017,38.6819,3.7059,7.6367,53001.0980,148.9517,4.8557,136.5257,18394.6054,239.9418,1421.7256,0.6309,1.5694,0.0001,1.3904,135.9252,13157.0736,0.0979,0.0035,0.5358,0.0067,0.0026
0.0000,0.0011,0.7819,26.0477,0.0000,4.1083,0.0088,0.2603,0.7207,1813.2665,514.7524,32.6992,0.0550,0.9468,5.6031,47.1513,207.9384,27.4181,197.0735,1402.7073,51579.1712,0.1167,556.3956,0.0472,0.0069,5990.5835,0.0001,788.2288,0.7664,485165195.4098,0.0199,4.8732,157.9230,83.0769,855.3255,0.1639,110.0707,1152.1711,29177.5344,8218.5621,0.2860,0.1499,447.5559,0.0354,2.2897,0.6024,99.9911,15.7404,0.2785,0.0225,14.9233,0.3081,17725.3800,4.4095,2.5513,1.1181,11.6868,307.7709,49922.0506,0.0024,0.0015,0.9281,3.7487,2.5231,1.2054,321.0496,2.9160,5.0809,116.3674,0.3461,254.4278,4.3913,41722.6472,4.8594,7.9936,3574.9508,0.0122,72.9648,4.0552,6542.8329,26.9253,0.0077,0.2032,1926.1604,15.3926,0.0652,0.0076,2.2252,0.7302,1.6229,6.5357,166.1097,3.9851,0.1537,15.2015,0.2929,0.0031,0.0037,3.5366,0.0160,88.8865,739.9231,23.3858,0.1424,0.0161,0.0023,95.3598,6.2687,365.6579,12.2641,445.2186,6894.6101,0.0142,0.2552,620.1508,364.1687,0.7448,1072.7523,0.0010,0.0300,3.9187,0.0048,0.3696,16.4542,0.3619,0.0173,0.1123,63.5413
1.3167,457.7908,797381.0677,17761.8153,65.8354,51072.6942,0.4286,0.0016,1172.8563,332.0623,0.2008,98.8143,159021.0619,0.0461,2.1429,15.6710,94811.8689,0.0060,0.0496,0.1292,0.0003,0.0000,197.7102,0.1438,15.3671,0.0494,0.0041,179.4091,3.2783,0.0199,485165195.4098,0.0006,230.6451,0.0053,0.0001,0.3506,0.0000,7.7603,0.4631,102.3572,0.3164,0.2170,20.9391,0.0017,0.0020,0.0225,0.0121,606.6655,74.6488,7119.4505,0.0515,0.0920,269.4039,0.4387,901.6696,0.0445,0.6491,1.3495,0.0147,0.4440,0.0371,0.0734,23.1573,126126.2673,23.3174,0.0315,24.2687,640.9376,0.1356,0.0040,7653.6333,655.6688,96.7286,0.0059,0.0025,0.2814,120674.4193,0.0001,56.3347,0.0795,8.4133,81.4486,0.8209,0.0012,3.3690,0.0965,0.0010,0.0008,0.0384,4.1701,0.0624,0.0044,2490.3348,3049.6054,0.0020,15909.0807,4.1722,0.0004,0.0095,59.8955,1010.8485,13.3734,0.5534,0.2587,0.0007,1.3567,0.0000,138.1064,124.3171,9113.8659,0.1414,0.0086,6803.3042,0.5688,0.0154,0.0021,0.0214,23725.6772,0.0299,0.3417,0.5933,36.3160,0.0987,2.0950,0.1282,11436.6350,31.7404,0.0106
2.4332,1.8026,2.5947,0.0000,8.3291,0.0000,4.2636,2245.3292,0.0001,0.1424,261.3575,2.0003,7.2713,159.3892,0.0120,12.7583,0.9809,0.0010,0.2930,14195.0552,3004.7036,2348.0870,247.0175,89.9368,0.0139,527.2843,151.2361,1.0858,99.6468,4.8732,0.0006,485165195.4098,6701.2515,0.1299,577.2585,0.0732,24.2225,0.0218,606.6077,0.1864,9863.2848,29.5304,83.1289,1998.6620,1300.2788,0.0002,11.3753,0.0000,2246936.1011,15.6650,0.0003,0.0000,0.0002,25551.5232,0.0263,24064.8084,0.0099,0.4501,844.1584,7.7150,20.7851,338.6360,13.2225,0.0001,19.9024,78.8164,0.0002,0.0000,36355.7324,7.8511,17.9093,0.3607,3625.6785,641650.9470,1494.3688,25.7461,0.0022,78.1187,0.7520,656.9783,23.5034,11753.8973,0.0003,1612400.7199,4319.0827,15.7591,16.6030,0.0585,1451.8215,0.3122,277266.9533,2.6260,4563.5264,2.2323,3076.7378,5.5328,12697.5430,40.3875,0.0167,0.0001,23.0853,0.0086,798813.0841,2.3711,75.3667,74.3287,36852.8709,2872.8269,1559.6687,0.0066,107333.2797,2.5036,0.0005,26860.7369,50.4378,9098163.1609,75206.1131,0.0232,102.0253,0.0506,9399.3487,0.0003,200396.0418,106.5910,0.0000,0.0073,6.5852,0.0017
0.0134,3.3190,902023.7750,15.2244,4.0022,0.0173,0.3058,0.2743,0.0027,12.9243,2645.7486,406.1210,451279.6881,5.7521,0.0027,43.3719,290069.5650,0.0000,0.0336,2854.0560,248.2165,1.7778,6451.7973,0.0130,0.0000,3227.5581,0.0005,1.4971,3.7592,157.9230,230.6451,6701.2515,485165195.4098,0.0002,31.9334,0.0018,0.0018,0.1097,1374.3768,19.8951,32.4000,953.3101,82992.3733,16.5982,579.6590,0.0002,2181.7540,0.0028,102895.5536,1574.2585,0.7286,0.0000,1.5310,0.9183,0.2550,2.4426,0.9188,0.0422,1452.7969,0.0010,0.1494,8633.2411,2.8444,14.4002,30.4870,8193.3932,0.0618,0.0690,64713.5819,0.3327,438571.8204,4.6406,285424.0357,316.1373,35.9369,168.0161,2.8218,0.0059,53.1645,185.7371,2.9926,6617.3245,0.0059,937.2848,19157.6640,0.0063,0.0009,0.0000,7.8532,786.4245,67.0613,164.2141,124222.4870,0.3624,5.6524,19566.5715,9.8896,0.0000,0.0002,0.1613,16361.4062,4.5379,1137549.7962,0.0005,1.1294,1.3599,1.3711,468.4770,68447.6139,2.4599,10093.8528,0.5909,0.0046,25643.3343,3.6805,3038.8311,57.9740,334.7093,5.1904,0.0877,111.1978,0.0067,1928.1133,4.6333,0.0000,0.0425,453.7690,0.0000
1.0442,1222.4564,0.0001,0.0078,0.0003,0.0074,1.5917,3081.1746,47.5765,0.4094,0.0125,38.8008,0.0004,101.6337,1824.1935,0.0021,0.0001,6990.3740,4.0160,18.6075,2.9357,2.9029,0.0503,93806.2046,85.4635,4.8616,1.9585,6.1719,0.0152,83.0769,0.0053,0.1299,0.0002,485165195.4098,80.9418,332.0073,7125.1376,93.0867,41.6774,3.1024,0.4805,0.0013,0.0023,3.0004,1.1461,23.9670,0.0731,0.2637,0.0081,0.0012,217.1483,0.2530,0.3166,0.3533,0.0064,103484.2159,0.0420,95.9772,0.6454,3.4064,0.0002,0.0030,0.7155,0.0027,2041.5620,0.0188,1213.7881,0.0198,0.7629,1051.4666,0.0871,1.5160,0.0474,0.4991,0.0782,0.2660,0.0000,33308.3004,0.2621,90.4153,1094.2191,0.0000,1.3968,4.3692,0.0145,81584.5207,41010.0438,31501.8454,1072.5003,0.0011,0.0588,3.5200,0.2932,0.0927,0.0865,0.1911,0.2018,76.1361,3.5090,0.6363,0.4197,0.2052,0.0848,1037.2079,146.7091,0.0003,3197.5351,0.0063,0.0308,1.5635,0.0317,1.0885,3.6721,0.0010,498.4797,6.1155,522.3127,0.0410,5.8989,628.7952,23.7172,0.0766,1.5429,1.0113,13275.0734,1.0171,0.0029,9449.5139
0.2082,15.8516,0.0008,0.5891,0.0042,0.0014,2520.3965,0.2695,0.1111,0.6520,490.6399,11.8611,0.2276,27136.8781,0.1121,0.9280,3.3728,1.2170,14123.5233,1619.3848,306.8607,161.2527,45.6251,22.7863,0.0009,2668295.1568,16.8789,1.5087,0.6471,855.3255,0.0001,577.2585,31.9334,80.9418,485165195.4098,20199.4669,238.3655,1.2487,7459.6937,5.8040,116.9801,8720.7560,2.2693,305849.0873,20.0413,0.0679,56351.0914,0.0323,1.0316,1.3149,15.6069,0.0518,1.0424,4.9438,0.0719,221.0112,34.3022,1.0191,1165835.5529,0.2171,32.6991,530.8415,27.3207,0.0000,0.0417,33653.5372,67.0650,1.3517,1551.2685,18920.3616,10.9424,603.7559,12.3764,1088.1261,6705.6869,0.1429,0.0000,2196.3821,28.3403,589.0112,3.7697,4.2892,0.0002,35102.6741,21.3148,6.9554,0.4529,1318.6065,1.9089,40.7341,22.2961,2.3877,2.2772,0.0012,466552.4545,1.5792,65.8317,395.1933,582.1672,0.0000,1183.5847,38.8505,385.7744,3.5396,1682.2368,3.3278,53677.3799,330.4610,85.4444,22.9400,17751.6974,3.2078,0.3810,11.5610,96.9760,2173.7655,665.0650,0.1045,20.8308,2082.2974,2137.2844,0.0136,206.9292,482.5251,0.9613,0.0003,0.1492,0.0306
1.9520,15509.0037,0.0005,296.0488,0.2637,132.1835,1068351.6856,0.0046,6724.7740,12.7188,0.1492,163.5987,0.4579,2890.9395,39.3494,98.9986,0.9520,2932.7023,284026.8382,0.1015,0.0046,0.0246,21.5248,3996.7998,16.1724,38114.1667,742.4452,9.5566,0.5200,0.1639,0.3506,0.0732,0.0018,332.0073,20199.4669,485165195.4098,0.0611,109.0166,10.5082,29.8400,26.5691,9.0277,0.0004,1940.8658,0.0004,3.0296,61.6327,73.7196,0.0667,100.7370,0.1463,22.0607,17.3235,20.0854,529.5891,22.3731,673.6612,16.1043,2267.0508,5213.0628,2816.7626,1.1622,611.8029,0.0001,0.0038,309.5459,57115.9643,1065.7728,0.9678,43071.3272,1.2391,192533.8685,0.0461,0.0458,54.2988,0.0000,0.0005,3559.1258,9356.9175,0.2223,0.1468,6.7486,0.0002,4.4709,0.0056,276.5397,1.4714,144598.7320,0.2111,0.1453,0.0513,0.0000,4.1332,72.8602,8655.7401,2.3664,2644.0639,13663.4280,27604.4751,0.0005,6530.7194,491.8920,0.0465,243.6569,125.9557,644.4703,102.0790,2684.5436,0.1542,26183.4563,14.5312,0.0101,511937.3315,0.0038,0.1484,1.5854,27.5086,57.1660,6.1334,328.0757,462.2198,1.8008,0.0780,246332.1914,12597.8893,0.2300,0.1983,0.8878
13.9378,0.0014,0.0000,0.0006,0.0003,0.0002,0.0033,1280.0896,0.2435,0.4286,12.3538,0.0010,0.0000,20.9467,0.0913,0.0000,0.0002,1419.1122,13.0939,2550.7349,38610.6446,6393.0091,0.0080,38.8560,5.8288,0.0462,51.4874,0.2359,25.8867,110.0707,0.0000,24.2225,0.0018,7125.1376,238.3655,0.0611,485165195.4098,3.8637,429.6064,2.2828,1.6783,0.3712,4.2940,100.1571,173.3012,20.1804,0.1176,0.2319,0.0803,0.0000,30.1715,1.6557,0.0878,2.3652,0.0025,932.4813,0.0001,15.8812,0.1376,0.0687,0.4763,0.0129,0.1552,0.0133,0.9990,0.1182,0.0114,0.0225,0.0211,2.5260,0.0002,0.1101,0.0562,361.1188,7.4826,640.3761,0.0109,715.4818,0.0000,5961.6344,2822.2543,0.0002,633.9209,57.9402,2.6756,33.3087,172.3217,488.1750,0.2629,0.1338,371.2583,74.9437,0.0018,0.0000,228.6468,0.0132,0.0445,49.0699,0.1937,0.0153,0.0001,0.0849,0.4993,1099.8485,0.4360,1.8914,226.7917,0.0454,1.0239,0.0014,2.9938,380.1800,0.0007,0.0104,1088552.0691,159.0851,208.4639,0.0001,0.0892,0.9970,0.0070,0.2065,1611.9028,0.0042,1.1358,0.1817,0.0004,2305.7039
0.0002,0.0845,2.2633,12439.4145,0.0000,10433.9035,27.7476,0.0000,1693555.1548,795583.6081,0.0003,56592.3701,0.0002,1.0283,2.0759,0.9853,0.9263,559357.9436,3727.4175,0.0249,3.1918,0.0000,119.0488,1.8620,7315.1938,14.2297,0.0028,1259.1501,0.0312,1152.1711,7.7603,0.0218,0.1097,93.0867,1.2487,109.0166,3.8637,485165195.4098,92.0444,783907.7171,0.0000,0.0000,0.0004,0.2362,0.0000,22166.0421,0.1370,81907.2391,0.9422,0.0706,255.5809,5109.9556,8143.8828,20.4985,51937.0550,0.0331,0.0542,4660753.9270,2.9458,12.4565,0.0916,0.0000,1.5909,722.3656,0.0170,0.1058,113468.3018,53618.4291,0.0102,84.6677,20.3923,361.8048,0.5315,0.0001,0.0364,0.2218,2.6317,2112.0914,761.4289,0.1874,113.3148,0.0072,1.9923,0.0078,0.0002,6.2982,10.5862,26.4125,0.0328,0.0000,0.0029,0.0000,2.7821,5.9179,1.3857,0.3003,193.5754,0.0094,830.3071,1.0894,1530.7068,493362.8387,0.0031,0.2852,0.0010,5.3757,2.0057,101.0278,1489.1563,0.4783,0.0251,0.2390,1853.3942,0.0000,34.6661,35.8893,0.0005,518670.6019,0.0000,0.0569,1.0149,0.2812,0.0190,35175.4616,13.3743,64.3282,0.0048,220966.5479
