485165195.4098,2395.1178,0.5025,0.0107,46003.7544,0.0477,11.2419,694.0796,0.0059,0.0007,0.0601,0.0068,38.3908,2994.7917,143.3630,0.1710,0.0064,0.4306,0.0247,0.0508,0.1294,60.0747,0.0118,258.7355,1.3416,0.0405,61617.8626,0.0380,0.0238,0.0001,2.4379,3.1857,0.0932,3.4825,0.0769,1.1643,5.6308,0.0005,0.0301,0.0058,164.0716,33.1944,0.0804,18.8464,32.5902,0.0054,6.6341,0.0043,17.4727,0.2851,7.3102,0.2399,0.0146,0.0928,0.0157,58.0446,0.8221,0.0692,0.0005,34.9452,216.7994,5.1720,0.2047,0.0329,25.2171,0.0913,0.0398,0.0018,132.0140,47.2817,2.4857,0.0413,0.0182,38.6525,12.6450,0.0212,0.0647,0.3698,4.0710,1.1916,1.6168,54.8543,55.9347,0.6941,0.0105,6725.1874,947.6812,133.3632,2877.2700,0.5126,18.5392,0.5062,84.3575,0.5874,0.0123,341.6939,95.5567,18498.6550,0.0883,11.6307,0.0105,0.0003,8.8145,419.7733,2545.0385,264.3506,58.6647,2.9945,0.9737,18.8561,0.0509,0.0012,2.7076,8.6227,0.0250,0.0298,1738.8203,0.0000,121.7317,51.0514,87.6840,0.3331,1.3078,0.0039,25.9683,12097.1620,71.3705,0.2095
2395.1178,485165195.4098,73.7782,2.9808,3644.4467,0.6763,1409.2368,47.2450,28.2021,0.0083,0.0088,5556.9352,66738.6431,319.2609,1533.4772,2.1824,4.4065,0.0335,0.0511,0.2181,0.0000,0.1626,0.2106,349035.1932,5.0906,20.5323,55.3031,0.0398,0.0609,0.0005,2507.3348,0.2567,10.3077,1253.1591,5.2873,12785.0775,0.0003,0.1273,2.2383,0.2389,17.2250,4.5212,0.0043,69.8794,0.5768,0.0206,2.2609,0.0078,35.7388,62627.0374,0.7962,0.0024,0.0131,1.5076,0.1138,11263.4487,2.7850,0.0101,0.6021,322.3148,0.7859,32.0592,457.6929,0.0241,126.4408,1.3855,19445.4950,0.2759,485.1171,1478.5326,166.0732,518.2441,0.0912,0.2047,0.2159,0.0002,0.0217,2.6635,2430.5164,0.1489,12.8995,50.9279,0.0184,0.1291,1.3308,2828.2620,474.1902,244.9792,35653.5332,0.3895,0.0080,0.0083,4227.3182,91.7372,0.0464,6121.8835,1108.3273,361.9753,0.0298,22.3250,10743.3592,0.0093,45.9902,361.7150,1499.2132,0.1166,2.1549,40.1977,16.4268,2672.8750,0.1257,0.0000,5348.6440,6.9439,0.2520,0.0942,8921.2795,0.6160,20456.8744,3007.6040,11981.2037,24.9778,2.1109,27.5483,1078.4898,62.4988,4.1148,0.0015
0.5025,73.7782,485165195.4098,2297.6604,267.1317,26.3279,0.6576,0.0024,29.2787,111.9316,0.1067,10290.8262,113145.5465,0.1678,0.0213,0.3681,84591.0343,0.0001,0.0006,0.4345,0.0023,0.0008,56.9940,0.0240,0.1237,0.4117,0.0001,2.4825,0.0219,0.3653,614053.7406,0.2783,265520.1751,0.0002,0.0008,0.0010,0.0000,7.8901,0.4408,2.5871,0.0086,0.8858,4.5063,0.1946,0.1440,0.0769,5.0514,1.3503,1534.3305,4989.6550,1.5202,0.1033,1.0800,0.2553,3.7709,0.0245,0.0090,1.4355,0.0316,0.1197,0.0031,7.2946,0.1930,7599.9644,0.7874,0.1774,41.9797,34.2604,6.5708,0.0141,10166.3075,0.8869,89.2477,0.0031,0.0014,0.1125,3799.0697,0.0000,56.6743,0.2016,0.2465,321.4883,2.1662,0.0047,4.0883,0.0103,0.0179,0.0000,1.5791,0.5437,0.0124,0.3701,6628.9408,6.2854,0.0016,56148.1994,8.4976,0.0000,0.0022,1436.7497,431.0337,1.4745,7.7747,0.0003,0.0244,0.3645,0.0001,262.2069,5895.5000,3.2538,0.0414,0.0029,0.5813,20.3616,0.1420,0.1722,0.0259,1968.3096,0.9053,0.2689,0.2419,5.3575,0.9041,5.7920,0.0016,20.6218,156.3639,0.0049
0.0107,2.9808,2297.6604,485165195.4098,0.0051,192206.2093,993.2877,0.0000,195476.2847,217036.7062,0.4321,2139.7637,32.3581,19.6128,0.5486,1.3333,85608.8935,87.1682,13789.4670,0.0155,0.0335,0.0000,521.1835,0.0275,0.9939,187.5781,0.0000,681.5353,0.0038,42.4542,100586.4332,0.0000,6.0028,0.0498,0.1427,176.6061,0.0007,46507.8470,4.1378,86129.8888,0.0004,3.3909,0.5456,0.1069,0.0000,18.8189,314.9966,624223.4206,0.0336,11.7688,1147.1407,3517.5832,226315.0561,0.0034,46322.4042,0.0002,44.9474,1291.9124,7.1593,0.0467,0.5582,0.0039,1.5891,30599.9298,0.0136,17.7912,20223.1565,14513516.0856,0.0091,14.0578,6278.0236,18842.2501,1.8834,0.0000,0.0562,0.0069,129.5596,0.1418,14933.6797,2.5611,0.4038,0.0891,6.5895,0.0014,0.0011,0.0052,0.0002,0.5206,0.0001,1.0869,0.0017,0.0004,74.7095,1.3284,0.0252,651.5613,0.6500,0.0009,320.8354,7.6200,1941.7180,2989728.1432,0.0022,0.0150,0.0021,8.8947,0.0001,260.0624,60.6937,13899.5734,0.0695,0.0069,6769.6896,0.0001,0.1081,0.0023,0.0000,1841558.5425,0.0000,2.8146,0.0389,1.7550,0.0023,633.3232,44.4232,81.8175,7.7944,10.0136
46003.7544,3644.4467,267.1317,0.0051,485165195.4098,0.4768,2.3764,24.9938,0.0530,0.0000,0.0023,0.3401,2860.9888,0.0287,8.4227,12.7383,0.5965,0.0013,0.0001,0.0018,0.0000,85.6068,0.0005,2.2868,5.5995,0.0011,5433.4912,0.0003,7.1771,0.0000,33.3546,7.3968,3.0684,0.0010,0.0109,1.2653,0.0003,0.0001,0.0022,0.0001,23.1026,31.0593,0.0043,12.2701,24.2931,0.1300,0.2239,0.0010,15.2168,10528.3068,0.0085,0.2963,0.0000,18.2003,0.0164,0.3887,0.4330,0.0001,0.0005,181.6714,2051.8847,2901.4763,5.8792,0.0712,0.0342,0.0195,0.8535,0.0289,4.7153,0.8886,0.1052,0.0258,0.0023,1.0709,0.2632,0.0006,90.3773,0.0003,5.1488,0.0000,0.0015,291831.6970,12.7077,0.0018,2.5570,0.9190,163.6650,0.2574,556.8203,6.8312,0.1114,0.2585,2.3567,41.8926,0.0370,54.2261,41.5396,518.2423,0.0569,1718.7771,0.0684,0.0000,2.1201,15.7294,188.4375,14.3296,0.0706,12.1341,0.8884,0.0363,0.0043,0.0009,5.6856,581.1114,0.0016,0.0079,53.4990,0.0003,72252.6986,2.2606,83.2503,1378.7358,1.1704,0.0378,2.6381,13.8821,56.1335,0.0009
0.0477,0.6763,26.3279,192206.2093,0.4768,485165195.4098,3.2678,0.0000,52609.3843,96621.0556,0.0051,44.3994,1.8077,0.0027,501.4183,2584.6356,551.8306,13724.5695,334.6527,0.0001,0.0045,0.0000,6.9480,0.0020,2575.7357,0.1061,0.0779,2089.3595,3.3294,1.1645,155446.2248,0.0000,0.0037,0.0343,0.0007,216.8074,0.0001,26140.4239,0.2573,7930.1853,0.0033,0.0012,0.0232,0.0000,0.0000,105.7004,0.0130,11427740.0569,0.0082,50.9805,0.5037,6558.7912,655884.6714,3.3165,352942.2618,0.0000,932.9108,1765.9411,0.0570,17.8263,3.2009,0.0003,70.1617,108518.2941,0.0095,0.0631,468.1412,483996.6999,0.0027,0.3062,10.7407,1750.7200,1.1201,0.0001,0.0040,0.1399,20250.0615,0.6026,2095.9728,0.0046,0.2820,5.3302,60.5261,0.0001,0.0014,0.1869,0.0050,0.8297,0.0034,0.0489,0.0044,0.0000,0.5980,68826.5670,0.0108,1.6947,2.5927,0.0499,1331.2240,59.5161,335.3725,3754.7170,0.0002,1.2181,0.0003,2.9788,0.0001,245.3219,4.1008,6413.5196,0.0072,0.6966,1493188.2793,0.0000,0.0051,0.0001,0.0001,173053.6092,0.0000,0.0503,0.2349,126.6058,0.0000,138.4237,354.4898,77352.6291,0.8365,1234.9586
11.2419,1409.2368,0.6576,993.2877,2.3764,3.2678,485165195.4098,0.0004,454.5043,45.7083,0.0612,4422.6614,0.8328,172286.6369,0.0218,6.2942,0.7881,31.9734,10592.6137,0.0423,0.0034,0.0068,183.5625,342.4561,1.3331,33730.0227,22.5004,24.4047,0.0013,0.0158,1.1542,1.1593,0.2441,1.5884,300.2013,248267.6856,0.0025,84.8855,0.5013,13.5526,0.0821,9.6438,0.0002,34397.5046,0.0003,3.9351,4478.3897,5.6263,7.9468,42.0975,5.3184,5.7752,0.1918,0.4561,642.0801,1.0499,10.2858,156.8233,128.0237,231.3316,46.6994,0.6309,1.0020,0.0025,0.0031,57.3607,8039.3441,100.5934,2.2634,30805.5356,34.1057,1166.5742,0.0368,0.0120,5.2341,0.0000,0.0013,162.3028,249101.2043,0.0782,0.0835,13.4407,0.0004,2.4996,0.0006,54.3394,3.3419,114.9479,0.3084,0.0043,0.0779,0.0000,151.2680,13.5835,122.0629,56.2491,112603.0737,299.1911,27932.2807,0.0033,722.1387,1556.7517,0.0265,0.0971,1121.1302,4307.6902,37.6219,3149.2503,3.3269,157.3277,1.8691,0.0002,759.3041,0.0608,0.0041,12.1499,0.1561,92.4199,1.2756,1181.0293,31.6182,0.0173,0.7911,694756.7868,6.8880,0.1108,21.9518,0.1471
694.0796,47.2450,0.0024,0.0000,24.9938,0.0000,0.0004,485165195.4098,0.0000,0.0000,106.5420,0.0010,4.0434,0.1795,1774.1091,4.7341,0.0004,0.0169,0.0000,957.7297,939.6378,1247780.8870,0.0036,6817.6823,0.0076,0.0491,3590.4986,0.0065,42.8356,0.2520,0.0007,6907.6781,1.1678,2375.8029,0.7000,0.0115,1418.4450,0.0000,7.1537,0.0003,94109.3775,4.5621,141.9533,0.2624,3024961.0558,0.0071,0.0567,0.0000,9.5570,0.4934,0.0495,0.0000,0.0004,1.4984,0.0000,527292.7677,0.8866,0.0001,0.4147,2.3390,0.2930,2492.9609,2.8279,0.0009,65982.7650,8.3843,0.0002,0.0000,5575.9553,4.9472,0.0173,0.0011,22.6779,15060.9716,4.1197,4537.4595,0.0013,69.8146,0.0009,565.5382,11.1801,0.2010,2.4127,1626.8065,2044.4448,2081.5005,5901.1185,23.8392,400293.4147,73.9573,611.4698,30380.7552,5.0358,0.7528,0.3894,0.0443,0.0117,220.4935,0.0000,1.1237,0.0053,0.0000,13903.8086,1733.4256,2904.6142,0.0229,11626.4849,0.0009,0.0050,0.0719,15.1029,13.9613,0.0063,690.1110,90.7045,93.7132,4272862.8958,0.0000,102813.2324,0.7839,78.0476,0.0925,481.0169,0.0001,18.0250,0.0598,26.5131,0.0132
0.0059,28.2021,29.2787,195476.2847,0.0530,52609.3843,454.5043,0.0000,485165195.4098,8180.1017,0.0001,36032.7342,0.0187,0.2367,0.8209,0.1041,23.7935,28777.5053,617.1294,0.0042,0.0003,0.0000,12.8374,12.7777,56969.9538,0.3789,0.0232,252.4510,0.0620,0.4838,5714.3501,0.0000,0.0024,18.6670,0.1506,9187.9595,0.0582,2915776.8049,1.9202,21056.7355,0.0000,0.0003,0.0001,2.1160,0.0000,10959.2333,0.0279,89641.7682,0.0264,12.1269,36.5974,7916.9380,84.0407,1.7734,12192.4890,0.0243,0.0107,18101.4745,0.0419,10.9355,0.5003,0.0001,5.7385,1784.5883,0.0035,0.0036,1485624.7136,1102247.3288,0.0001,23.3368,6.5104,13129.7643,0.0020,0.0000,0.0011,0.0005,375.3753,2.2392,137.1363,0.0029,8.2316,0.0225,6.9800,0.0000,0.0002,2.0781,4.6818,49.7884,0.0016,0.0002,0.0001,0.0000,0.4422,5.0300,0.7404,17.8806,45.6258,0.0229,485.3875,13.5028,227.0477,8187.5947,0.0000,2.9583,0.0026,9.4715,0.0005,440.5800,164.3132,15.6115,0.0002,0.0038,96858.9270,0.0000,5.4863,0.0085,0.0003,52259.3855,0.0010,9.1809,0.0332,216.4993,0.0271,13789.7397,732.7468,54.1604,0.0098,1053.4955
0.0007,0.0083,111.9316,217036.7062,0.0000,96621.0556,45.7083,0.0000,8180.1017,485165195.4098,3.6422,1881.5133,0.3672,6.8219,0.0994,24.9382,3667.8138,3128.8503,11655.1098,2.0324,98.5341,0.0000,77121.0949,0.0033,3.4836,291.0420,0.0007,636224.9443,0.1496,1737.0535,1652.3458,0.0199,5.6494,0.2818,0.1456,5.1376,0.1176,421885.0828,165.0736,108987.1625,0.0185,0.0037,4.0623,0.0023,0.0000,1.8586,10.5104,668927.6918,10.4684,0.5062,9.6406,35.5961,489052.6688,1.6169,131538.4286,0.0048,3.1297,1759395.2350,31.1025,0.4316,0.0065,0.0001,0.6762,4012.9368,0.1672,3.0227,34.6847,14043.9494,0.1375,4.1479,2132.7983,4435.6773,1827.8470,0.0038,0.0259,10.1836,30.9537,108.7186,502.0157,83.4774,7.9327,0.1694,0.3033,1.2243,0.0055,0.8858,0.0006,0.0099,0.0004,0.0058,3.3829,0.0002,474.9608,251.6084,1.3221,66.0772,29.7663,0.0002,477.5585,0.0358,1213.1235,1287240.0179,0.0252,0.0157,0.0005,18.7150,0.0376,9083.6985,242.9315,593.3831,6.9783,48.5499,617.7296,0.0000,0.8953,6.6801,0.0004,3317193.3422,0.0000,0.0348,0.0791,0.0069,0.0206,9041.6012,0.0770,358.9362,6.2377,1528.6854
0.0601,0.0088,0.1067,0.4321,0.0023,0.0051,0.0612,106.5420,0.0001,3.6422,485165195.4098,0.0003,372.1304,47.9593,0.0133,20.9161,2360.9608,0.0002,114.1751,2440476.0053,189138.8299,2561.0802,1515.2946,0.0784,0.0000,4437.3424,0.1510,24.6847,3505.3282,1169.3360,0.0656,629.3890,3573.9449,0.0335,251.2238,0.0481,29.8903,0.0000,3515.2756,0.7414,360494.1143,460125.5858,25224959.0865,0.6165,32529.3649,0.0000,349.8224,0.0683,52.1335,0.8308,0.0057,0.0000,31.2389,0.7733,0.1027,234.1246,165.8550,0.0020,132433.9754,0.0013,3.7642,417.2036,18.9185,0.0463,151.7881,68036.2660,0.0000,0.0119,116.2658,0.0374,47.1333,157.5684,594422.7903,926747.9688,4099.7105,30539.0327,0.1884,2.6065,0.0034,1777824.0511,6.8072,6.9424,0.0007,2859613.2750,216103.0338,0.0097,0.0000,0.0100,0.0059,1977536.7639,1193500.9456,7894.8963,790.6582,0.4506,6242.7286,6.2486,0.0030,0.4928,0.0065,0.0000,1.4001,11.1406,57520.5849,2.1941,0.1260,7.5019,1.8948,4.8996,0.0679,1201.2583,10142592.8448,7728.1826,0.0053,8917.6960,41.5662,2064.5076,1294.3647,0.1836,0.7523,0.0524,1.8086,0.0001,10174.7792,0.0257,0.0008,0.0022,328.9289,0.0000
0.0068,5556.9352,10290.8262,2139.7637,0.3401,44.3994,4422.6614,0.0010,36032.7342,1881.5133,0.0003,485165195.4098,20.6452,14.2725,0.8397,1.9076,18.5358,9.0340,0.9504,0.0121,0.0011,0.0001,38.5353,22.7094,8.7532,430.0707,0.0055,30.1942,0.0001,6.0647,434.4472,0.1333,121.5288,18.1425,7.4103,343.8690,0.0006,58365.0577,7.8974,49.4835,0.0002,0.0013,0.0002,7.8242,0.0003,65.8032,85.7438,6.3454,20.3103,519.5096,111.3603,6.8824,2.6619,0.1785,15.7253,0.3284,0.1085,2481.7014,3.7869,24.9252,0.0010,0.1971,0.2905,5.5533,0.1533,2.2119,1386865.0932,411.2607,43.5053,768.1742,854.0672,18.3723,0.3621,0.0000,0.0002,0.0015,0.1110,28.2469,37758.8001,0.0164,0.2462,1.0351,0.0304,0.0072,0.0035,57.0130,99.3125,0.0626,68.7665,0.0001,0.0000,0.0005,335.2460,11.2527,0.0699,1027.6097,1224.3624,0.0022,26.1610,109.7628,80517.9968,211.7383,0.0605,0.0007,8.9696,0.1404,2.4507,702.3126,1382.9004,3.0794,0.0030,0.0006,322.3310,0.0038,0.3946,1.0746,0.0369,25466.5249,0.8202,360.4737,3.5186,2.8658,0.0167,200529.2549,14.9338,1.8512,0.9924,11.3365
38.3908,66738.6431,113145.5465,32.3581,2860.9888,1.8077,0.8328,4.0434,0.0187,0.3672,372.1304,20.6452,485165195.4098,2.2514,9.2587,190.6282,242002.1010,0.0000,0.0058,22.0895,0.0088,0.4224,46.7873,2.7140,0.0006,20.2932,0.0329,0.1897,8.0208,0.0358,131317.9449,1.6404,258632.6447,0.0054,0.1138,0.5585,0.0000,0.0002,3.8459,0.0884,1104.7699,3461.2731,2068.0184,0.1034,128.0152,0.0000,31.4201,0.0144,1406.9958,572677.9885,0.0121,0.0001,1.5449,0.8690,0.2985,28.9713,64.2281,0.0001,17.9712,0.4207,1.2453,2085.9298,258.0435,12.4409,187.4675,76.2089,0.5319,0.1912,2458.0286,0.0796,11930.3304,160.6222,2355.1811,23.4051,1.0030,1.1763,22.6212,0.0005,75.7639,9.3638,0.3305,9396.3728,0.0092,10.2214,4204.8296,0.0841,0.0006,0.0028,73.4076,10412.6922,5.2052,10.3927,88650.1684,250.2389,0.0463,39242.9101,1.4192,0.1555,0.0003,6.4878,4034.1779,0.0335,10038.9820,1.7125,1.6527,0.1255,0.0027,96.5267,16.6601,16119.9871,143.5245,0.0043,11.8288,19216.8556,0.0284,0.1087,422.8369,13.5968,657.7651,2.0418,175.5380,2.8113,7.0429,0.1117,0.0547,12.5778,1076.2805,0.0000
2994.7917,319.2609,0.1678,19.6128,0.0287,0.0027,172286.6369,0.1795,0.2367,6.8219,47.9593,14.2725,2.2514,485165195.4098,0.0150,0.0170,0.6579,0.4262,15325.1684,153.6678,16.0773,0.1086,1219.0616,1717.1652,0.0208,161474.9915,6.3866,22.4447,0.0006,7.3986,0.1242,104.1852,27.2867,99.9780,5815.6893,421.1487,17.5144,0.6250,45.7894,30.5247,18.6554,357.3365,1.9452,42366.7558,0.1545,0.0008,17484.5299,0.0541,1039.3056,0.0070,60.2553,0.0130,1.4603,0.0790,12.5758,499.3727,0.4758,191.7098,261.0427,0.7723,2.2428,0.1269,0.0925,0.0005,15.8840,204.6641,3.7835,0.0846,587.2988,1604.9250,3834.9467,166.6310,7.2929,304.7048,4337.0308,0.0030,0.0000,300.9873,456.8057,2075.2357,167.1876,0.6154,0.0004,8225.7326,0.0106,1087.4901,0.7527,71.2647,1.4362,0.0955,201.6019,0.0335,17206.0699,0.0152,35.5020,5045.9398,8705.1703,255.2750,168.3970,0.0001,73.5685,463.0324,161.3243,0.7620,599.7657,456.5436,3030.7054,639.0449,93.3744,754.3438,1058.7315,0.0054,0.2639,3.6507,0.3491,1230.3967,102.7915,0.9362,0.0859,406.9273,526.8601,0.0000,173.7813,415.9996,0.0604,3.7640,7.9185,0.1564
143.3630,1533.4772,0.0213,0.5486,8.4227,501.4183,0.0218,1774.1091,0.8209,0.0994,0.0133,0.8397,9.2587,0.0150,485165195.4098,2679.1085,0.1431,813.2582,0.0357,0.0013,0.8800,1.9269,0.0010,62.3567,2.5836,0.2884,36.3680,0.9434,0.1222,1.2568,11.8044,0.0040,0.0031,6834.4990,0.0518,53.3133,0.0847,2.0585,2.6481,2.0107,19.5747,0.0598,0.0427,0.0001,9.7802,3.1459,0.2431,2.3249,0.0019,33.1620,40.1318,12.0065,262.8413,0.3332,0.0423,28.7069,26898.7111,0.3109,0.3725,8.9638,0.6040,6.9021,175.0611,3.0531,1156.6790,2.8889,23.0458,0.7239,876.8461,1286.7061,1.4303,0.3414,0.4168,0.0606,0.0144,9.5655,0.0089,483.6535,1202.0221,0.9423,0.4942,0.0544,567.8620,0.0473,0.0558,2103.6989,2447.8629,3328.7428,281977.2338,1.1773,0.0130,1.6610,2.3251,289.5993,0.0001,0.0159,0.0464,258.1160,0.2744,5853.4886,9.1464,0.0060,5.3105,2165.3639,274.3415,0.0015,49.3699,0.0127,0.0405,501.2350,0.0059,0.0278,12348.0589,0.0047,0.0904,0.0013,137.3747,0.1541,22.1000,1.7536,1152.2723,102.1275,0.0002,0.0060,478766.5456,1777.2365,25.7735,336.7766
0.1710,2.1824,0.3681,1.3333,12.7383,2584.6356,6.2942,4.7341,0.1041,24.9382,20.9161,1.9076,190.6282,0.0170,2679.1085,485165195.4098,52.6355,2.8521,3.3811,0.0691,6.0514,0.4051,83.3087,0.1248,0.0536,226.6505,35.8508,164.6230,22.4112,10.9662,4.2644,11.2674,3.3321,0.0198,0.2578,99.7291,0.0001,0.2021,0.4701,4.4354,1859.5788,0.4213,8.5661,0.0006,1.1955,0.0179,6.0662,3.2544,2.5486,2996.6189,0.0011,0.0902,977.1362,21.7316,100.2065,0.1044,302717.4373,0.9604,1570.0173,24.7921,60.3831,124.5357,124.1433,0.9095,3.0277,394.2666,0.0497,0.1134,2285.7110,3.2146,10.7460,10.3837,3687.6505,2.7888,1.7816,64.8107,0.2187,17.8172,9930.4802,0.3334,0.0072,1770.7048,0.0041,125.0558,3.1392,21.5622,0.0406,0.8490,105.0270,12.4276,19.1640,0.0866,42.0549,1296813.6356,3.1254,0.0745,2.7198,16.9710,3.8568,0.0682,1650.1199,2.2580,24.4590,5.4369,11.2743,8.1183,34.0796,183.0903,0.0880,2192.6649,88.6277,30.6638,2311.9977,6.7112,0.0001,0.8138,13.1383,81.7926,1.5842,0.0095,1522.1564,0.1678,0.0017,60.9230,23.6511,9.6050,768.8482,0.0720
0.0064,4.4065,84591.0343,85608.8935,0.5965,551.8306,0.7881,0.0004,23.7935,3667.8138,2360.9608,18.5358,242002.1010,0.6579,0.1431,52.6355,485165195.4098,0.0004,34.4554,500.9640,1.5866,0.0074,16206.3686,0.0043,0.0020,462.1859,0.0000,494.0953,83.0031,144.5841,222351.6845,0.0878,95079.1653,0.0007,2.0408,0.9928,0.0006,2.8047,2559.6908,1838.6452,38.0284,3568.2468,12027.5060,0.1546,0.6243,0.0002,83.3308,60.3682,88.5289,27330.5800,0.0857,0.0146,2557.4332,10.6790,66.7453,0.1901,4.2093,0.2021,2926.2770,0.0004,1.4255,21.4795,1076.5249,958.3036,0.9108,138.3082,1.3934,1718.8324,2.8032,0.0216,66343.7542,36974.6322,44464.7604,2.6202,0.8109,16.5700,644.5527,0.0006,59.4765,580.3463,4.5968,700.5231,0.0618,9.0555,2013.9546,0.0003,0.0000,0.0025,0.0027,10328.0947,48.8580,0.4130,7215.5242,6.3338,6.4843,5028.2394,0.1983,0.0017,0.1227,0.0768,6808.4973,255.7230,118.3222,0.9127,0.0004,0.8208,0.0000,16592.9394,2962.5156,14934.5016,1753.1092,0.8571,29.0251,41.3772,5.8077,0.8419,0.3117,20498.2142,0.0195,0.1554,3.4102,5.2358,30.0202,4.0571,0.0035,4.3665,58.3959,0.0002
0.4306,0.0335,0.0001,87.1682,0.0013,13724.5695,31.9734,0.0169,28777.5053,3128.8503,0.0002,9.0340,0.0000,0.4262,813.2582,2.8521,0.0004,485165195.4098,3299.4544,0.0009,8.7468,0.0094,0.1531,2.0123,7514.5861,0.3896,61.5098,506.7335,0.0361,13.0925,0.0525,0.0004,0.0000,3195.0218,0.4801,2328.6565,297.4282,656067.0047,1.2164,2347.1498,0.0011,0.0000,0.0000,0.0283,0.0000,116431.0171,0.1317,111699.6633,0.0001,0.0010,620.1493,113031.9945,1756.8082,0.8417,674.7764,0.0308,10.0157,226100.2572,0.0449,230.8733,2.5222,0.0001,0.4554,11.2933,0.0253,0.0516,1823.0666,3295.8578,0.0024,2611.3505,0.0290,18.3243,0.0030,0.0001,0.0238,0.0811,0.1418,74416.7297,90.5988,0.0843,1.2324,0.0004,917.4497,0.0015,0.0000,654.9111,1488.7711,22120.5687,0.2352,0.0000,0.0066,0.0001,0.0027,12.8808,0.4294,0.0018,4.9044,29.1610,15225.6798,6.1130,0.3247,1005.8908,0.0000,48.6137,0.7135,14.1035,48.3378,1.3010,0.1672,1.2557,0.0004,6.3958,15288.5593,0.0000,3.3126,0.0448,0.0050,42.0022,0.0001,1.9910,0.1281,3.3891,0.0003,253.0978,62844.2900,326.7428,0.0713,5615188.7683
0.0247,0.0511,0.0006,13789.4670,0.0001,334.6527,10592.6137,0.0000,617.1294,11655.1098,114.1751,0.9504,0.0058,15325.1684,0.0357,3.3811,34.4554,3299.4544,485165195.4098,8.9688,33.5027,0.0016,951.6094,3.0503,6.3227,32074.4274,0.3065,253.2199,7.4873,662.9879,0.1382,0.1307,0.0220,3.1042,5783.2501,51819.9052,16.4163,1901.3357,452.1440,67562.8341,1.4927,49.3184,1.3542,184.4155,0.0001,0.9265,101.8904,5990.9058,0.5201,0.0378,0.6542,125.7231,6272.9502,21.4163,221610.2000,0.1197,63.1197,1680.9760,17062.7438,1.6082,576.3638,0.0013,237.3774,0.1048,0.0022,210.4610,34.1162,13459.2131,0.0147,44.0178,9.3894,217939.2059,2.6898,6.4456,13280.8026,0.0097,0.0476,1655.1829,184.8412,70.0813,19.0443,0.7725,0.0044,273.4212,0.0293,0.0703,0.0003,560.2457,0.0000,0.4316,73.0548,0.0003,2.4226,0.4739,6144.3251,0.5856,156.5711,112.5995,148282.4416,0.0000,158.3198,1804692.1312,0.2210,25.4020,0.0135,870.4378,1.9562,4871.3562,9.8733,1727.4293,4017.1364,1.3139,128.7709,0.0053,2.4797,120.7568,0.0350,2906.3706,0.0000,0.1265,15.6847,0.0084,2.7849,18925.7690,1.4320,1.0210,0.0103,25.4675
0.0508,0.2181,0.4345,0.0155,0.0018,0.0001,0.0423,957.7297,0.0042,2.0324,2440476.0053,0.0121,22.0895,153.6678,0.0013,0.0691,500.9640,0.0009,8.9688,485165195.4098,92207.4705,3385.0063,13777.4484,34.6448,0.0004,989.3394,0.2528,108.1807,4334.6529,2204.7492,0.1116,12585.2838,7289.6193,17.8507,1339.2146,0.0516,3012.6508,0.0044,147034.7269,23.3554,58636.0867,1992.3966,301337.0658,76.7495,6397.4366,0.0000,5.3961,0.0057,1524.2401,0.5180,0.0073,0.0000,0.2267,72.2114,0.0241,234554.2053,0.0047,0.0399,17552.2966,0.0012,0.0697,32.3225,39.0624,0.0199,1600.1637,286.6220,0.0005,0.0007,24.2153,0.0957,499.5436,930.4118,432932.3814,867493.8804,1388.4454,6263.6964,0.1971,1.9937,0.0002,2032352.2314,5931.5843,0.7526,0.0005,871429.3554,298340.9349,0.4428,0.0020,0.2635,0.0722,5716.2621,1320807.7552,688.6128,1378.5347,0.0468,28315.7332,61.3442,0.0969,0.2179,0.0005,0.0000,5.9420,1.0482,26959.2733,75.8686,0.0663,0.5354,8.4912,78.9712,84.0025,11.7263,1529287.5876,3393.1897,0.0014,1821.2056,27105.6642,172416.3760,31982.0100,0.1081,2.6466,1.6380,12.5649,0.0002,3030541.2714,0.1529,0.0002,0.0038,18.4982,0.0001
0.1294,0.0000,0.0023,0.0335,0.0000,0.0045,0.0034,939.6378,0.0003,98.5341,189138.8299,0.0011,0.0088,16.0773,0.8800,6.0514,1.5866,8.7468,33.5027,92207.4705,485165195.4098,5706.4411,143.4685,0.0280,0.0000,669.1198,1.3359,173.0943,33.8994,46907.3434,0.0002,1812.3267,98.3099,7.1980,134.0303,0.0030,164386.7731,0.2971,12858.0287,60.5240,3106.9015,54.8862,98257.4335,0.1605,12793.6981,0.0249,285.2068,0.3964,6.4589,0.0003,17.4410,0.0050,232.0793,0.3492,0.0279,115.8502,10.0958,14.7558,1644.4420,0.0018,0.4910,11.2624,0.2775,0.1980,394.2452,8144.8936,0.0000,0.0044,467.9277,13.8009,19.9609,0.6080,116461.8700,16541.5672,200.3729,862883.3212,0.0032,4184.3952,0.0128,1345629.6057,29.8688,0.0196,3.1959,116939.5652,148.1847,4.3784,0.0710,0.5327,0.6064,260.0129,100408.0522,3231.7153,32.6085,0.0141,170.6850,0.0498,0.0081,0.0947,0.0182,0.0005,0.1330,17.5037,6555.2118,2.8000,2.9603,11.1433,7833.8530,0.7437,1.4963,0.6628,23088.6300,71178.2437,0.0026,0.6225,1485.4203,18885.3212,517.1233,0.0934,0.0061,0.0188,0.8536,0.0000,710.4737,0.0177,0.0182,0.0777,267.5684,4.3519
60.0747,0.1626,0.0008,0.0000,85.6068,0.0000,0.0068,1247780.8870,0.0000,0.0000,2561.0802,0.0001,0.4224,0.1086,1.9269,0.4051,0.0074,0.0094,0.0016,3385.0063,5706.4411,485165195.4098,0.0011,2.2920,0.0000,1.8155,12666.2630,0.0007,543.3605,0.1142,0.0000,6651.0105,3.9629,3.3548,671.1452,0.0816,12812.1183,0.0000,32.6111,0.0000,46440.9110,13326.7224,139.9064,260.0549,19617826.2139,0.1575,58.0991,0.0000,0.1014,0.8435,0.2950,0.0008,0.0000,1.2659,0.0000,5196.7125,2.8921,0.0000,26.4089,0.1469,173.4036,760484.9999,0.9963,0.0000,6.8598,591.4511,0.0002,0.0001,117.9827,44.8812,0.0012,0.0063,5.1907,16309.2966,34.8554,473.8635,0.0011,9.7446,0.0002,232.2158,0.0373,9.5044,7.7587,567.6605,11272.1797,4.6618,82.8744,19.4425,290.6002,23690.3033,664.8047,166184.3786,0.0587,0.0018,1951.3099,0.0054,0.0042,529.1636,0.0004,0.1139,0.0007,0.0000,1582.2602,102.6830,10416.4726,5.4456,3270.5939,0.0044,0.0068,0.0019,101.0835,265.4162,0.0009,1318.6339,503.2551,150.1515,206875.8539,0.0000,231635.4644,7.9293,2.6143,0.8181,18070.0054,0.0002,0.8805,0.0001,86.6990,0.0006
0.0118,0.2106,56.9940,521.1835,0.0005,6.9480,183.5625,0.0036,12.8374,77121.0949,1515.2946,38.5353,46.7873,1219.0616,0.0010,83.3087,16206.3686,0.1531,951.6094,13777.4484,143.4685,0.0011,485165195.4098,0.5506,0.1197,8751.0988,0.0020,4645248.4566,0.5336,1202.4906,216.2811,57.6901,956.3053,0.3302,4.3764,2.1902,0.0511,50.2459,66.6262,12228.6082,97.9219,0.8494,870.8511,0.5124,0.0089,0.0000,25.9655,30.9774,6544.4231,1.2242,0.0883,0.0008,891.3940,17.7597,3287.4844,18.5370,0.1074,7965.9074,5802.7444,0.0209,0.0232,0.0035,0.5205,4.6267,186.5874,2.2261,0.0870,0.4929,8.3799,0.0842,598633.1043,19102.8368,439513.7604,63.6979,42.7449,25.0887,1.2916,1.6846,27.0188,4930.3505,470.9119,1.4794,0.0000,12894.9675,1.7839,4.7946,0.0001,0.0232,0.0025,0.6375,19204.4641,0.0038,63848.7221,277.9367,121.7929,4374.8064,53.6093,0.0069,11.7466,0.0000,3323.9400,39335.7392,6.2740,0.2414,0.0028,8.1074,0.4224,32833.4237,751.4442,2671.7735,14562.8332,416.3074,2.4194,6.4076,0.1173,1906.4742,0.3984,35882.8853,0.0001,3.3847,28.7222,0.0000,51.1614,2872.4264,0.0004,9.2988,194.0171,0.0161
258.7355,349035.1932,0.0240,0.0275,2.2868,0.0020,342.4561,6817.6823,12.7777,0.0033,0.0784,22.7094,2.7140,1717.1652,62.3567,0.1248,0.0043,2.0123,3.0503,34.6448,0.0280,2.2920,0.5506,485165195.4098,283.3119,3.2892,151.3682,0.0330,0.9366,0.0485,0.3513,78.2995,0.0698,60249.8605,6.0676,971.5439,15.0060,0.8667,23.3331,10.8648,62.0577,0.2321,0.0128,963.2856,0.8375,0.0818,0.0153,0.0003,521.1323,13.8952,0.0317,0.0021,0.0006,37.7823,0.7539,801342.7903,0.0068,0.1460,1.7321,222.9073,1.6324,0.2106,365.5343,0.0029,178.4728,0.3186,126.8381,0.0016,15.9673,154.8718,0.9921,38.4079,0.0315,15.7713,59.1479,0.0060,0.0021,176.3811,3.4668,6.6799,3515.2859,0.1468,0.0070,85.9415,1.8894,2941.0319,5929.3578,8859.1302,6393.3266,0.0043,4.4984,0.0108,91.6432,1.7573,1.3453,9.8693,491.9568,3722.7545,0.0170,0.0262,10.8885,0.0681,43.6313,12950.7100,56.5921,0.5631,171.2194,6.8952,2.6227,10.5303,3.6083,0.0001,7.1193,4.1107,62.8788,443.3360,28360.1237,0.1073,918.1682,7.7855,1384.5262,0.3013,294.5427,50.0092,187.7691,0.7323,0.0168,0.1097
1.3416,5.0906,0.1237,0.9939,5.5995,2575.7357,1.3331,0.0076,56969.9538,3.4836,0.0000,8.7532,0.0006,0.0208,2.5836,0.0536,0.0020,7514.5861,6.3227,0.0004,0.0000,0.0000,0.1197,283.3119,485165195.4098,0.0000,5.6479,1.2372,6.7614,0.0036,49.1998,0.0159,0.0000,17.5464,0.0007,18.5054,0.5851,17550.1035,0.0094,594.9427,0.0003,0.0000,0.0000,0.1630,0.0000,697.4926,0.0000,212.9016,3.0848,0.3191,0.0093,1024.2068,0.1759,4624.0937,34153.5300,0.1265,0.0002,932.0368,0.0001,712.7902,2.7515,0.0000,52.6615,238.2964,0.0276,0.0000,641.7742,30.6759,0.0000,0.0051,0.0061,7.1665,0.0000,0.0033,0.1425,0.0014,3438.6465,0.4598,0.2277,0.0000,1049.9827,0.2301,5.7901,0.0002,0.0012,3.5886,395.4650,138.8866,0.1182,0.0000,0.0181,0.0000,0.0022,148.2137,0.0383,0.0351,589.4680,33.9642,281.7706,9.3842,0.3026,3.8381,0.0000,602.8332,0.0002,0.3893,0.0029,7.5116,19.5932,0.0183,0.0004,0.0055,227.1966,0.0016,0.5402,0.0586,0.0012,66.8837,0.0033,0.0372,0.8759,791.9723,0.0184,67.1441,10.0053,4332.2359,0.0000,12641.5359
0.0405,20.5323,0.4117,187.5781,0.0011,0.1061,33730.0227,0.0491,0.3789,291.0420,4437.3424,430.0707,20.2932,161474.9915,0.2884,226.6505,462.1859,0.3896,32074.4274,989.3394,669.1198,1.8155,8751.0988,3.2892,0.0000,485165195.4098,0.4785,299.0583,0.0234,12046.9871,0.0500,100.3021,2133.7076,14.2662,1555582.6895,11686.0501,0.2697,3.6464,3480.3242,30.0257,211.9790,5578.3181,43.6157,2155.0730,5.4935,0.0123,2822339.5153,0.7926,5.9816,6.7165,17.5882,0.0091,179.9904,0.1847,2.0884,49.0425,3414.4691,25.5112,8121177.1930,0.2294,1.0700,734.8487,3.5367,0.0001,1.1256,1115682.9508,24.4126,5.0886,31466.4337,34720.8997,9316.9964,2379.4091,12234.5959,40.9213,820.9446,0.1912,0.0000,1523.5955,23235.9692,9223.7326,0.1918,5.9783,0.0001,37760.8767,2.3081,25.2245,0.0096,18.3120,1.5228,65.2916,21.5701,1.7356,4650.9728,0.4628,5892.5679,67.0759,89.7454,2.7038,165.1367,0.0000,74054.4156,3391.7104,1511.0127,0.0395,2450.4125,28.6280,11660.8061,1933.8342,46.3632,4800.1616,33121.7208,3.2556,5.5320,4.0900,0.5296,2838.8931,119.4511,79.0806,0.8917,252.0511,2323.7439,0.0001,18.9945,12443.2650,0.5135,0.0027,249.4824,0.0101
61617.8626,55.3031,0.0001,0.0000,5433.4912,0.0779,22.5004,3590.4986,0.0232,0.0007,0.1510,0.0055,0.0329,6.3866,36.3680,35.8508,0.0000,61.5098,0.3065,0.2528,1.3359,12666.2630,0.0020,151.3682,5.6479,0.4785,485165195.4098,0.0231,76.5819,0.0001,0.0012,328.6932,0.0011,1.9988,33.9175,1295.2475,33.1248,0.0036,0.1343,0.0004,3657.9392,3.6685,0.0057,99.1226,42.0646,3.7013,0.3277,0.0175,0.6400,3.1470,0.0091,0.1860,0.0017,26.5344,0.0253,130.8178,17.8007,0.0351,0.0796,29897.3919,7997.7277,186.3238,10.1868,0.0001,0.2084,10.4114,0.0407,0.0021,34.4773,1381.8616,0.0005,0.4397,0.0140,79.3452,26.0844,0.0773,0.0162,176.3858,0.5157,0.0859,0.0382,822.0886,0.7343,3.2759,0.4842,12461.1678,6760.3984,1039.2932,479.8830,0.8118,21.3222,0.1072,0.0691,50.8366,769.3941,0.0226,1138.2639,108512.5928,0.7684,0.0675,0.2065,0.0002,5.5426,838.1240,11448.3675,6329.3983,7310.1381,8.9651,0.0221,0.2942,1.0886,0.5433,116.5540,0.6706,0.3573,2.4258,15103.8862,0.0000,3103.8167,22.4137,140.5039,4.9556,4.4970,2.1605,107.3039,8.4238,6.7098,0.3543
0.0380,0.0398,2.4825,681.5353,0.0003,2089.3595,24.4047,0.0065,252.4510,636224.9443,24.6847,30.1942,0.1897,22.4447,0.9434,164.6230,494.0953,506.7335,253.2199,108.1807,173.0943,0.0007,4645248.4566,0.0330,1.2372,299.0583,0.0231,485165195.4098,0.0446,1333.2686,463.4995,0.1484,0.4383,20.5425,0.2295,3.4853,0.2760,1234.2571,29.7053,7318.5445,4.8034,0.0089,10.2566,0.0012,0.0025,0.0110,5.8747,6989.7160,3.2720,0.0908,7.8193,0.1848,30920.8291,1.0377,559.0004,1.2380,1.3731,276124.0364,70.5927,0.0276,0.0008,0.0003,0.0643,38.6695,295.9910,0.1952,0.4565,9.1845,2.4011,2.5992,33138.1840,1408.4469,27207.2040,0.5435,0.0277,81.5217,2.1419,45.2632,79.7467,1299.8515,43.9913,0.0125,0.0091,52.1273,0.0078,173.4530,0.0125,0.1208,0.0104,0.0572,564.7637,0.0020,1434.8427,1651.0704,1.6964,143.3292,2.9733,0.0073,208.8410,0.0009,94.1247,5994.3166,0.0141,0.3810,0.0079,0.7055,0.4307,2002.4935,25.7218,3388.7831,13.8976,6150.4291,440.9081,0.0020,0.0383,3.0297,0.0214,12649.6660,0.0000,41.0203,2.7013,0.0003,0.0998,364.0898,0.3505,554.6804,824.2162,30.2625
0.0238,0.0609,0.0219,0.0038,7.1771,3.3294,0.0013,42.8356,0.0620,0.1496,3505.3282,0.0001,8.0208,0.0006,0.1222,22.4112,83.0031,0.0361,7.4873,4334.6529,33.8994,543.3605,0.5336,0.9366,6.7614,0.0234,76.5819,0.0446,485165195.4098,0.1575,1.1427,302.7524,3.9333,0.0069,1.7224,0.9429,13.6002,0.0069,1742.4208,5.0490,8869.9416,51.7408,3728.4798,0.5430,40.5854,0.0235,0.0001,0.6510,64.7107,539.9055,0.0000,0.0005,0.1245,135210.5152,9.6669,91.9218,0.3862,0.0002,16.4418,5.3630,6274.7499,9.1881,617961.4433,2.3888,0.1138,2.4150,0.0003,0.1651,0.0072,0.0005,0.0024,1542.6956,190.6909,37536.0620,526.1883,511.3158,5936.1050,0.2809,0.0002,6.8560,334.0650,4907.4442,0.3888,162.3028,3118015.5733,0.0011,0.0008,0.9545,0.0058,3946.5053,20767.2685,1.3661,0.2139,87.5471,28167.9394,0.0170,1.2777,23.9030,0.0031,0.0005,1.1194,0.0213,820.9591,26422.9052,0.0004,46.0942,0.0031,46.5338,2.6792,2.4421,45204.7137,86.4827,2.6238,710.4786,4431.8589,240.8613,1194.2879,0.2293,6.7526,0.0001,3.2133,134.2148,21219.7769,0.1205,0.0028,0.1769,0.0063,0.0007
0.0001,0.0005,0.3653,42.4542,0.0000,1.1645,0.0158,0.2520,0.4838,1737.0535,1169.3360,6.0647,0.0358,7.3986,1.2568,10.9662,144.5841,13.0925,662.9879,2204.7492,46907.3434,0.1142,1202.4906,0.0485,0.0036,12046.9871,0.0001,1333.2686,0.1575,485165195.4098,0.0322,2.2254,99.9370,80.6855,707.3314,0.0578,270.5393,274.1082,9827.6774,3328.1209,0.5204,0.6769,813.5440,0.0776,2.4978,0.3087,282.9220,12.7053,0.1732,0.0023,27.5813,0.4479,15746.0280,0.3114,3.7325,0.9705,7.5478,541.4665,69963.2123,0.0006,0.0006,0.3880,0.6582,2.4203,4.9558,374.6533,0.5488,3.9757,80.8822,0.3140,456.3191,2.2570,25313.1719,6.4473,24.7293,3938.6374,0.0059,21.2096,1.9305,16398.8900,20.0250,0.0011,0.1749,3035.1123,4.5254,0.1076,0.0051,1.5662,0.1791,3.1697,20.1556,382.0295,2.9910,0.0241,8.4624,0.3343,0.0017,0.0032,4.0547,0.0054,23.9314,2512.2776,16.1478,0.0722,0.0243,0.0027,73.7218,2.7340,92.9598,13.3509,522.3756,6006.2209,0.0056,0.3476,105.4186,289.0273,0.2208,487.2126,0.0005,0.0666,1.6497,0.0020,0.5906,4.9460,0.2338,0.0318,0.3362,78.8107
2.4379,2507.3348,614053.7406,100586.4332,33.3546,155446.2248,1.1542,0.0007,5714.3501,1652.3458,0.0656,434.4472,131317.9449,0.1242,11.8044,4.2644,222351.6845,0.0525,0.1382,0.1116,0.0002,0.0000,216.2811,0.3513,49.1998,0.0500,0.0012,463.4995,1.1427,0.0322,485165195.4098,0.0001,115.0916,0.0558,0.0001,1.1894,0.0000,64.0310,1.2939,628.2536,0.0431,0.1060,4.2816,0.0006,0.0005,0.0292,0.0149,4653.0974,31.3180,5475.6946,0.6636,0.2311,1069.9419,0.4730,1586.5921,0.0874,0.6050,6.1434,0.0047,0.3896,0.0176,0.0072,37.2132,449287.9122,24.7275,0.0124,197.7478,2645.5514,0.0957,0.0230,24509.5240,3332.9654,43.7877,0.0031,0.0016,0.1041,141621.7680,0.0003,246.0164,0.2149,40.7442,14.9559,3.7027,0.0005,0.6826,0.2345,0.0026,0.0050,0.0867,1.9926,0.0358,0.0010,5815.9824,3476.6731,0.0004,48109.3757,4.6907,0.0005,0.0407,152.4478,2621.2249,32.0265,0.2003,0.7266,0.0005,0.2002,0.0000,285.9126,238.2384,30633.3100,0.0399,0.0026,25303.4108,0.0795,0.0367,0.0005,0.0161,59856.0798,0.0085,2.2351,1.0020,33.6673,0.0336,3.0598,0.9815,75259.5646,21.8625,0.0587
3.1857,0.2567,0.2783,0.0000,7.3968,0.0000,1.1593,6907.6781,0.0000,0.0199,629.3890,0.1333,1.6404,104.1852,0.0040,11.2674,0.0878,0.0004,0.1307,12585.2838,1812.3267,6651.0105,57.6901,78.2995,0.0159,100.3021,328.6932,0.1484,302.7524,2.2254,0.0001,485165195.4098,2163.1327,0.0599,315.0141,0.0232,109.6208,0.0014,121.9786,0.0164,24293.8772,20.8953,130.2146,1561.4957,2953.4677,0.0002,2.0237,0.0000,1139246.7796,4.3991,0.0001,0.0000,0.0001,18877.7617,0.0139,16116.1872,0.0066,0.1007,756.9905,12.1888,23.6732,287.7641,11.8177,0.0000,10.1835,31.0140,0.0000,0.0000,7803.2736,0.4383,0.5116,0.0578,1488.4298,614920.5928,2195.9442,80.8051,0.0020,42.1828,0.0292,175.8331,17.1421,5774.9899,0.0001,1664714.5076,10332.8200,9.6294,6.9107,0.0552,317.0335,0.4624,214838.2623,14.9965,373.4693,1.3461,7894.4903,0.5587,4308.6863,147.1544,0.0133,0.0001,1.4910,0.0029,321306.7345,4.5067,48.5064,112.6308,24412.6508,377.9587,109.2843,0.0034,128575.6554,11.5197,0.0001,110514.0913,32.6745,8933206.3323,54210.5654,0.0027,237.2083,0.0130,1079.6784,0.0007,153770.5284,21.7036,0.0000,0.0015,1.9440,0.0013
0.0932,10.3077,265520.1751,6.0028,3.0684,0.0037,0.2441,1.1678,0.0024,5.6494,3573.9449,121.5288,258632.6447,27.2867,0.0031,3.3321,95079.1653,0.0000,0.0220,7289.6193,98.3099,3.9629,956.3053,0.0698,0.0000,2133.7076,0.0011,0.4383,3.9333,99.9370,115.0916,2163.1327,485165195.4098,0.0011,30.7084,0.0017,0.0104,0.0225,1628.0311,3.6097,34.7383,1792.8500,46049.8062,24.3643,1395.4497,0.0002,1609.1219,0.0019,55050.1107,586.9089,0.7142,0.0000,0.7911,0.4601,0.0774,14.0252,0.2887,0.0160,617.0129,0.0020,0.0864,3903.9267,2.6351,5.4683,33.4116,4265.7346,0.0575,0.0422,28941.6973,0.2064,57347.0714,4.1548,129993.5577,346.3247,28.5472,133.4116,1.6337,0.0038,8.3798,502.2335,8.1863,1397.8170,0.0090,729.2837,21383.7812,0.0167,0.0012,0.0001,6.9629,1283.1070,60.7516,564.4841,93322.7691,0.0976,5.1585,15702.9182,4.4542,0.0001,0.0001,0.1431,5510.6569,1.3411,792557.6086,0.0021,1.4556,1.1088,0.9856,135.7529,12167.3409,4.3047,6156.0955,0.3507,0.0025,22503.1790,14.2579,2015.9705,191.1561,45.6328,13.5807,0.3020,35.9175,0.0130,2846.4281,1.0008,0.0000,0.0607,272.1059,0.0000
3.4825,1253.1591,0.0002,0.0498,0.0010,0.0343,1.5884,2375.8029,18.6670,0.2818,0.0335,18.1425,0.0054,99.9780,6834.4990,0.0198,0.0007,3195.0218,3.1042,17.8507,7.1980,3.3548,0.3302,60249.8605,17.5464,14.2662,1.9988,20.5425,0.0069,80.6855,0.0558,0.0599,0.0011,485165195.4098,69.2323,327.3134,1481.3290,46.5149,60.7610,14.0760,1.1763,0.0056,0.0128,1.2669,2.3220,9.2880,0.3611,0.4644,0.0072,0.0037,1000.6676,0.1495,1.4474,0.0683,0.0099,64295.3307,0.5203,39.0864,1.4360,0.7000,0.0004,0.0222,0.6547,0.0095,6082.3632,0.1277,629.8518,0.0366,8.5866,3292.5435,3.5679,4.2478,0.2536,0.7372,0.3854,0.5620,0.0001,15268.9462,1.6439,90.2432,1079.8624,0.0000,2.1894,3.2866,0.0131,91100.5730,22587.5506,49516.8898,2212.1206,0.0088,0.1092,3.9062,1.2957,0.1559,0.0435,0.6285,0.1025,29.1989,0.9455,0.8599,1.9574,0.4109,0.2775,720.7386,334.2465,0.0002,3078.9224,0.0057,0.0940,8.0293,0.0463,1.3310,17.1766,0.0015,77.0134,2.2997,506.5247,0.0707,5.8687,2053.4080,84.7204,0.0571,0.7102,0.4914,23408.2654,5.0430,0.0695,1129.0236
0.0769,5.2873,0.0008,0.1427,0.0109,0.0007,300.2013,0.7000,0.1506,0.1456,251.2238,7.4103,0.1138,5815.6893,0.0518,0.2578,2.0408,0.4801,5783.2501,1339.2146,134.0303,671.1452,4.3764,6.0676,0.0007,1555582.6895,33.9175,0.2295,1.7224,707.3314,0.0001,315.0141,30.7084,69.2323,485165195.4098,11374.9847,506.8836,0.5707,5782.8386,0.9178,85.2578,13708.5626,2.0424,399621.9036,50.8415,0.4082,47046.4208,0.0186,0.1822,1.1871,9.9593,0.0617,0.2724,3.6647,0.0133,155.6618,19.2335,0.2115,1326999.5415,0.1302,17.0131,2303.8309,27.0357,0.0000,0.0305,33523.7277,39.3686,1.9414,479.4278,6608.7154,1.8784,259.4322,5.6944,524.1907,3817.1576,0.1600,0.0000,658.1426,5.5648,195.5896,1.3045,6.7920,0.0008,4596.8302,64.6499,2.7105,0.6756,615.2704,1.1189,114.4349,7.2037,20.1871,0.3137,0.0003,541937.3328,0.2797,17.4332,233.8714,184.4616,0.0001,569.2651,8.6492,300.7569,2.9343,1589.7470,1.6979,15196.1213,60.4941,69.3317,2.0048,6419.7186,4.8590,0.1411,15.6886,233.0500,1280.8542,461.6919,0.0235,76.8313,2102.2567,722.9954,0.1197,533.2220,124.6886,0.8173,0.0002,0.0675,0.0237
1.1643,12785.0775,0.0010,176.6061,1.2653,216.8074,248267.6856,0.0115,9187.9595,5.1376,0.0481,343.8690,0.5585,421.1487,53.3133,99.7291,0.9928,2328.6565,51819.9052,0.0516,0.0030,0.0816,2.1902,971.5439,18.5054,11686.0501,1295.2475,3.4853,0.9429,0.0578,1.1894,0.0232,0.0017,327.3134,11374.9847,485165195.4098,0.0345,108.7207,5.7166,14.9916,5.4918,5.9317,0.0003,801.4063,0.0011,20.0103,47.6089,112.1462,0.0150,283.8158,0.4191,19.0290,9.6233,9.5823,129.6344,12.5053,713.3032,3.9387,689.3313,1993.8802,1206.4620,4.0321,781.6378,0.0005,0.0050,284.5609,51807.4017,1351.2649,1.0531,41263.5023,0.5746,130105.8967,0.0211,0.0200,11.8178,0.0000,0.0023,1719.2801,10667.7633,0.0689,0.1012,12.9208,0.0026,0.3111,0.0118,248.6185,5.0974,78941.1325,0.4871,0.3495,0.0117,0.0001,1.1456,65.3101,1998.6623,1.6272,1319.6169,4513.7113,7108.5604,0.0078,11648.5707,101.7681,0.0343,146.4061,219.1946,227.1414,24.2310,953.6508,0.2873,4235.3709,1.8549,0.0072,530100.2350,0.0025,0.3481,0.2621,18.0250,25.6337,17.4910,1113.9470,202.6969,13.2501,0.0831,95719.9508,20181.5406,0.4862,0.2078,0.6846
5.6308,0.0003,0.0000,0.0007,0.0003,0.0001,0.0025,1418.4450,0.0582,0.1176,29.8903,0.0006,0.0000,17.5144,0.0847,0.0001,0.0006,297.4282,16.4163,3012.6508,164386.7731,12812.1183,0.0511,15.0060,0.5851,0.2697,33.1248,0.2760,13.6002,270.5393,0.0000,109.6208,0.0104,1481.3290,506.8836,0.0345,485165195.4098,1.5808,643.2943,2.6860,10.1781,1.7496,20.5415,153.0267,583.1432,10.1679,0.6639,0.0429,0.1477,0.0000,31.3126,1.4307,0.0938,1.4819,0.0015,449.9813,0.0006,6.1426,1.2637,0.0262,2.1512,0.1718,0.1203,0.0066,2.0523,1.3442,0.0045,0.0114,0.1167,2.6203,0.0021,0.0523,0.3358,508.4977,51.4849,1536.2862,0.0040,933.7707,0.0000,5726.4874,409.7243,0.0007,229.7158,184.6249,4.8547,13.4091,94.3230,296.1843,0.3115,0.4750,540.3640,188.0925,0.0029,0.0000,469.4808,0.0089,0.0235,23.4168,0.1037,0.0085,0.0001,0.1703,2.6602,257.4039,1.1893,4.6725,1054.1429,0.0458,1.3835,0.0010,14.0251,1018.8084,0.0003,0.0464,384042.8940,531.1102,233.2111,0.0001,0.2124,0.6902,0.0106,0.0999,2094.8746,0.0062,0.7250,0.0389,0.0029,314.6640
0.0005,0.1273,7.8901,46507.8470,0.0001,26140.4239,84.8855,0.0000,2915776.8049,421885.0828,0.0000,58365.0577,0.0002,0.6250,2.0585,0.2021,2.8047,656067.0047,1901.3357,0.0044,0.2971,0.0000,50.2459,0.8667,17550.1035,3.6464,0.0036,1234.2571,0.0069,274.1082,64.0310,0.0014,0.0225,46.5149,0.5707,108.7207,1.5808,485165195.4098,19.5754,583260.7870,0.0000,0.0000,0.0001,0.3664,0.0000,47267.8622,0.1378,113781.4116,0.1349,0.1257,647.5205,21440.5418,4406.0035,3.8208,31760.7085,0.0049,0.0264,3022119.0814,0.4432,4.3290,0.0249,0.0000,1.3514,2513.1068,0.0086,0.0313,209117.9909,161415.2670,0.0031,94.9491,17.6986,213.6279,0.0590,0.0000,0.0082,0.0228,6.7791,211.8912,1502.3215,0.0585,51.7902,0.0042,27.4854,0.0006,0.0001,4.4144,31.5352,27.9096,0.0314,0.0000,0.0005,0.0000,0.2319,1.9639,0.1857,0.3465,208.2681,0.0040,1529.2473,11.8145,946.5436,221426.5298,0.0003,0.1186,0.0027,1.6370,0.2085,127.2582,2323.8934,0.3910,0.0017,0.0449,2121.1612,0.0000,25.0703,1.5831,0.0001,483109.9219,0.0000,0.6558,0.1574,9.5003,0.0039,34409.1185,40.3300,222.0193,0.0041,439855.2403
