485165195.4098,7289.5624,1439024.9112,0.0156,0.2806,0.0181,4997.7894,0.0548,0.0000,0.0064,0.0008,0.0127,0.0006,0.5081,0.5287,0.2348,6.2529,0.5071,24.8565,8979.5318,15525.7877,0.0007,205.8887,0.1666,108379.0468,9.9573,115781.8876,25644.5627,3121.0317,5.1378,0.0460,0.0079,226.4150,0.0008,383.8685,0.0000,0.0106,0.0289,1507.1339,0.5247,0.0006,8214.9571,0.0000,996305.0047,174.5576,0.0027,0.0011,0.1312,33.6779,0.0043,0.0030,0.0000,112.6929,557.8760,7.4833,24.5562,7.0037,37427.4440,34.2233,0.5717,111.8035,220829.9633,128.0426,0.7612,0.0387,0.4190,440.4353,43615.8577,0.0011,0.0535,0.0419,308543.3298,12.0491,0.0009,0.0075,8.8142,0.0071,0.2001,0.0001,0.0178,202377.8805,2.6025,60137.4812,33.1002,0.3090,0.0008,0.0000,0.0314,0.0035,0.8164,0.0122,0.0037,0.1157,0.0004,80.9760,0.0000,0.0001,0.0050,212.7235,0.0001,0.0000,0.5225,11.9319,0.0043,0.0108,778.2282,657943.6993,0.0742,714.3614,3525.8143,1.1549,0.0026,7843.3285,483.1027,0.0047,849.9749,142.1681,2.5124,606892.4923,0.0000,1595.6356,1.9454,0.0106,0.1064,0.0044,0.0017,257.1662,0.0019
7289.5624,485165195.4098,1.0769,0.0003,66252.1740,715.2559,2299.1843,6.8537,0.1641,0.0001,0.1153,2.1138,113.8294,883.3610,0.1027,73.0150,0.0280,4608587.0944,44999.9284,261473.1481,23.5454,0.0021,4218.5339,1.4694,133.8165,31364.8618,18353.1965,1784620.0563,369657.8352,0.0000,20.3762,29092.8630,42745.8258,498.9249,20944.0438,0.0138,43.3066,5.5041,21577.8281,0.7494,0.0000,10940.0292,0.0052,49921.8858,225047.4968,0.0014,2.1421,1022.2469,1209.7105,0.0074,424.4087,0.0000,1.0181,1892941.8698,0.0047,214490.0289,0.6100,83394.3666,175411.5355,88.0072,66889.5023,15.1728,1075.9560,3.4489,3.5562,13371.7104,915.5642,23088271.1449,0.0003,4.8523,0.0002,27.6410,0.0726,0.0000,0.0001,31735.3126,0.0077,13.8474,0.0000,3.0895,23677492.9418,4079.0663,33055226.9476,61593.9751,80.8010,14.3273,0.0014,10305.5115,0.0481,94.8688,18.8736,0.0044,0.0095,2.5751,1073607.1983,0.0000,0.0000,0.0157,11121729.8151,10.2696,0.0000,4688.4145,11.2593,1.8015,1.2391,576.5904,3989.2977,485.4260,405.2968,27210541.9944,5225922.1277,0.1970,0.3926,10552952.7479,8.3653,306.7769,0.2081,180.7482,364932.3233,0.0001,32934423.1595,0.0139,821.5769,15618.3842,0.0000,15.9207,4214.0556,0.0029
1439024.9112,1.0769,485165195.4098,0.0344,0.0001,0.0000,292.5788,0.0001,0.0000,0.0166,0.0000,0.0001,0.0000,0.0012,0.0055,0.0004,678.9993,0.0004,0.0397,0.5342,11.1322,0.0001,29.2970,0.3180,30140.0045,0.0191,653.4844,342.9966,7.5592,254.7283,0.0004,0.0000,0.5124,0.0000,42.1873,0.0000,0.0044,0.0020,8.5070,0.0003,0.0269,5.6899,0.0000,564.4220,0.2103,0.0001,0.0000,0.0004,0.9179,0.0012,0.0127,0.1032,0.9423,0.0306,341.3336,0.0102,0.0841,0.5537,4.6255,0.0010,0.0609,117.1741,0.2049,4.1857,0.0000,0.0007,3.1165,2.0172,0.0002,0.0002,14.4724,156829.8140,1.6130,0.0332,0.0079,0.0115,0.0001,0.0278,2.3185,0.0001,163.3703,0.0015,110.6387,0.0174,0.0002,0.0027,0.0000,0.0000,0.0004,8.8208,0.0003,0.0141,0.0134,0.0000,0.1011,0.0005,75.2181,27.0233,0.0121,0.0000,0.0000,0.0786,0.0048,0.0000,0.0000,76.7321,3383.1789,0.0000,1.2783,2.5497,0.0066,0.0008,5989255.3102,0.0089,0.0000,1.0186,358.8889,0.0007,14360.7920,0.0000,0.4819,0.4387,0.0000,0.0000,0.0111,0.0196,2.0667,0.8113
0.0156,0.0003,0.0344,485165195.4098,3.0107,68.8262,0.9076,4.2091,4602.2753,1755464.1498,197.8276,177.9469,31.3429,40.8400,103312.7612,7.0491,187.1168,0.3058,0.0786,0.9357,392.5864,809730.2057,0.0235,3.5378,34.7165,0.0083,0.0956,0.0001,0.0435,0.8496,1177.3449,0.0237,4.2255,19.0382,0.0009,20960.0562,0.0002,92883.1919,0.0104,230.2158,5892203.8315,0.0228,1404978.9508,0.0005,1.9981,789540.5785,13881.9539,5341.7954,9.3623,187.1283,0.0000,438.8984,108.7959,0.1583,1.8898,0.0004,2164.3042,28.5192,0.0091,5237.5646,0.1750,12.1399,836.3152,974.3245,646.4593,5.3056,0.0006,0.0001,380.7653,31323.7471,0.0008,0.0004,255.1382,1133506.5502,4883.6383,0.0022,1157673.4941,4424.7937,0.5562,13.9983,0.0000,1433.8544,0.0009,8.1999,0.9848,382.8492,317178.2177,0.0020,4651699.2354,0.0006,163334.7627,212411.8197,42978.6062,70438.7533,0.0000,131823.8218,3.4537,0.0001,0.0085,129.1815,842.2031,1.8444,56.4614,313335.5254,0.5951,4.3779,5.2772,2.1414,0.0000,0.0011,0.0001,16.2337,0.1066,0.4373,0.1212,16313.5043,5.2422,915.9541,0.0004,929.3804,0.0335,2582.0474,21.6948,632.9201,260113.3706,0.0777,113.6554,89291.0353
0.2806,66252.1740,0.0001,3.0107,485165195.4098,1211.0672,4560.4083,260147.3180,9415.4434,0.0710,11522.8082,3361.5932,119796.1890,77.4226,265.2470,10347136.2092,0.1237,568666.2055,442335.3796,400152.9505,145.8502,4647.9572,3.8148,168.4319,253.1879,946.5320,18.5173,1061.4411,18.7576,0.0000,35.9055,663666.2405,2240116.6025,1852.7767,52535.8307,76642.2309,12.2624,8178.2881,43.9370,177315.4713,0.0201,399267.8970,180.3530,62.0427,4822.3327,22.1574,2001993.2174,13261.3187,53080.6890,7774.0652,3708.9052,0.0052,13208.4873,3417889.0615,0.0037,12640.0069,2940.6404,20011.3581,74062.3410,16264338.1547,6474.1008,642.8299,27214.6626,4648.8618,87688.7298,1671005.1331,153.4071,91330.6200,5.6824,398565.7254,0.0000,0.0004,17.8695,0.6591,0.9154,3.0625,752.7934,413.3548,0.0000,1724970.9657,45.8672,469.6844,12329.9512,1505799.6560,112427.5221,27637.9317,6663.2930,78.8187,233.1605,0.3860,169378.8349,3.5569,0.1505,13316.0670,66681.6032,1.8133,0.0007,0.0000,18567724.1490,755306.1638,0.2066,109290.0189,8598.6211,277518.4182,199431.9245,2026.4188,51.4198,328480.3253,540.3948,6477.0040,45149.5217,40.1158,0.0007,2845732.1814,9832.6406,20099.4102,0.0124,4996746.5827,6.3132,273.0111,130191.9433,593.5226,40107797.3852,1184309.8661,0.1107,20.9836,5.2460,17.6038
0.0181,715.2559,0.0000,68.8262,1211.0672,485165195.4098,0.0943,10.9883,53.6398,331.8060,25.4338,16776.9577,344.1749,1988.5336,62.6119,4.1548,0.0093,3051.8520,0.4141,974.8062,0.7084,226.4195,95.1925,0.2160,0.0945,845.9607,0.7013,0.4030,104.0151,0.0063,11199.7042,17531.6617,91.1044,2400.2333,0.0159,20.4247,2.2379,307.8863,1.6115,15.2587,5.6097,0.0915,19505.2988,0.0231,30325.4444,3783.1318,8057.7264,916.4295,3.2399,0.1388,0.0107,0.9695,0.0125,4545.6512,0.1720,537.4930,0.0564,317.2364,17.6059,346.3626,15.8429,0.0152,3234.2248,0.1341,19025.7978,169.9112,4.3304,34.3815,11.9527,448.2405,0.0039,0.3205,0.0197,0.1080,0.2466,17359.2017,14547.5358,642.2997,0.0016,5.5814,5.8790,67100.8628,1.5277,179.9558,1263.8535,132.7349,348.5469,159922.9479,1590.2665,0.4590,147.4919,0.3866,17.5678,55753.4987,0.5655,12.5458,0.0000,0.0172,877.6017,488.8723,18.1159,0.9521,23.9039,1958.7117,3.9989,0.6244,4.0836,20023.9940,0.0387,21.1836,2431.9703,0.0255,0.0000,9159.4320,490.9800,859.5331,0.0992,793.4597,2.1061,0.1449,7629.6547,0.5716,51.1349,116406.7743,22.0996,0.0296,1621.2040,0.2939
4997.7894,2299.1843,292.5788,0.9076,4560.4083,0.0943,485165195.4098,7277.8323,17.0947,0.0223,37.4697,0.1815,43.9496,52.8939,10.7041,30063.0013,584895.4242,673.0835,340212.2343,48466.2323,125562.8628,7.6905,0.0661,0.0013,128215.4029,0.3362,3.5016,760975.3657,4546.5207,0.0000,1.8549,0.1259,393435.7942,2.5833,5705.8328,234.1259,0.0001,588.4866,25.4101,2768.5140,0.0154,93115.0337,0.2409,426.8450,442.3595,0.0005,11.4904,27.0060,758.9753,18.9909,1043.4536,0.0111,59996.7668,7208.7008,0.0007,4860.6419,2745.6163,965.2549,3225268.5213,240.3560,669030.1026,21267.5744,35547.0060,12415.0229,5.0908,2897.4650,0.1486,59708.4486,0.0108,105.0523,0.0012,0.0145,192949.4230,0.0611,0.0680,0.0012,0.0144,0.1718,0.0001,4234.1271,27.2407,0.2857,103217.5062,20755.5995,1.7238,17382.4095,3.8953,0.0004,8.2669,404.0341,670.6056,878.2625,1.0311,3.2869,3411.6954,0.0058,0.1682,0.0000,17928.4129,1.1985,0.0081,93393.3803,15785.6316,8.8704,26.2387,29956835.9134,4015467.3054,93.8200,136.1599,41442.2921,4.4198,0.4139,71656.6367,453.9814,20.9492,143470.1238,0.0141,710.0131,52.9969,2.2261,31741.7960,67665.1039,5474.1419,2.6422,1.1801,0.0897,11.4668,276.1550
0.0548,6.8537,0.0001,4.2091,260147.3180,10.9883,7277.8323,485165195.4098,232771.3118,6.8388,382131.2699,57420.0987,191552.9264,990.1521,7491.2076,13592843.5183,36.8402,849.2816,28039.0604,47762.0642,1324.2705,193005.0885,0.0134,1.5208,13.7153,48.7380,0.3567,152.5317,0.4939,0.0000,460.4855,17199.6637,82395.0602,4109.1577,1308.3285,464830.7628,0.4469,30444.4909,34.1974,9357888.5328,8.9706,50429.1322,226.2036,14.1275,464.0445,12.0006,607562.0556,1439.5701,1407.0420,36530.9027,975.8881,4.0193,1721659.5343,2047.5054,0.0021,2373.7957,36022.5837,778.4767,175.7163,121424.3762,8756.3408,6386.8133,52831.0870,644.2681,2161573.2932,630726.8875,103.3054,1254.7559,84.8742,126964.5434,0.0001,0.0000,89442.7740,1.6962,9751.4441,0.0103,333.0743,0.1199,0.0003,26030571.1869,0.1044,24.4431,29.9337,2805.9538,424042.5132,5323.4494,41249.3990,0.0737,618.3152,0.6950,41174.3269,278.5543,357.0377,2532.5777,11446.4732,7.7826,0.0170,0.0000,61261.7263,263469.9596,34.6963,29814.4949,9018407.6735,17706.5007,3321933.6195,2477.5372,282.8182,526500.1606,134055.0342,152.1600,18.9028,4854.1110,0.0020,3602.8136,946600.7172,5431.2452,0.0786,139788.2453,0.0882,33466.3415,541.5165,271577.8395,6292968.8812,328.1657,467.1630,0.5785,0.2550,63.3507
0.0000,0.1641,0.0000,4602.2753,9415.4434,53.6398,17.0947,232771.3118,485165195.4098,2314.5546,5297996.4532,53512.3964,3947236.0833,18281.4187,2247.5820,39877.5612,44.3101,19362.2396,2417.1306,19.2633,54.8426,276653.5627,0.0000,0.3518,0.1712,12.2546,0.0010,0.0749,11.4058,0.0000,4700.9532,527.9141,388.2473,732614.9711,2.8504,3389888.8485,0.3057,904548.8661,2.6228,22103.5093,161.0114,7.9558,2283739.6309,0.0112,8.3006,712.2303,30841.7543,1532912.2084,320.6407,70511.7668,440.2839,333.7561,1155.5653,10.2923,0.0001,3.3423,3377.2575,5.7423,5.0163,5170.4053,1063.3808,1.9220,200.7953,11.3214,8421.7386,14031.1876,0.0054,0.4362,93.3103,356670.6754,0.0014,0.0000,124.0457,4070.1473,9300.7376,0.0028,4903.3799,215.5457,0.1550,147849.1528,0.0001,1098.2151,0.4257,1279.9446,500.3588,66411.6427,569162.1520,0.8988,2988734.9030,0.0903,1884881.1350,527366.9203,27703.6660,6904368.2588,28.2413,34713.0917,3.6542,0.0008,18.7886,1030760.3793,69398.0873,32785.6373,7934.0696,2013128.2900,7466.5820,7.7863,0.5916,8609.4686,0.1197,3.3227,1.1980,233190.7199,0.0007,14.5176,521.1799,114.1639,0.0036,15104.3768,0.0001,3978977.6020,15.1975,108.6054,1038959.2474,2358.1800,39570.9131,318.7969,2.7016,1666.3227
0.0064,0.0001,0.0166,1755464.1498,0.0710,331.8060,0.0223,6.8388,2314.5546,485165195.4098,8873.4408,21417.6976,958.7248,924.4669,1287770.4424,0.3397,23.8204,0.0415,0.0009,8.5553,158.5443,1389456.3488,0.0004,0.1749,56.1170,0.0025,0.0058,0.0001,0.7908,7.8145,95442.9179,0.1801,0.2006,549.1376,0.0006,796.1266,0.0004,181783.0307,0.0151,7.3148,1792930.4304,0.0024,1783208.5567,0.0014,48.9124,772365.3771,250.6308,3260.2819,20.4980,2.6146,0.0000,15513.9512,8.2109,0.0033,0.1084,0.0017,1659.5314,3.0874,0.0037,11.8647,0.1323,1.1185,4839.3799,2.3736,157.4045,1.5118,0.0012,0.0003,4894.2680,1644.0566,0.0571,0.0029,4.3121,73437.0141,148276.7872,0.0021,697952.1029,2.5457,16.5752,6.9391,0.0000,650.6245,0.0003,0.0029,0.2664,262.0724,2004.1852,0.1578,6419266.1758,0.0000,7564.1353,100463.8710,668989.3617,725171.5319,0.0003,829724.5267,2.3235,0.0609,0.0023,488.9676,6584.3614,0.1023,3283.0865,621.3898,0.6543,0.3158,0.6164,14.0762,0.0003,0.0006,0.0004,890.1858,0.0074,0.0244,86.1242,7758.7919,0.6749,31.6152,0.0004,896.9929,0.1136,55.9739,0.7051,101.0636,2845042.5806,0.1966,0.3113,94.8628
0.0008,0.1153,0.0000,197.8276,11522.8082,25.4338,37.4697,382131.2699,5297996.4532,8873.4408,485165195.4098,89817.8421,408685.5324,610.6876,5594.9185,400965.8192,18.3792,195.5364,3734.4442,639.7067,1006.1211,1069138.6200,0.0000,0.8595,178.2657,0.6609,0.0020,0.0300,4.4153,0.0034,110.8829,235.8774,473.8973,8424.4908,229.6399,450490.4073,0.7832,56557.9358,0.2831,69652.2651,286.4134,2134.5448,282146.3015,6.4362,7.9504,7836.2311,16730.8991,47641.4736,4209.1636,799393.2617,116.4461,61.2290,80836.5287,7.1492,0.0003,4.6188,34498.0021,62.9518,7.2007,12234.6856,26.1385,897.8238,396.8931,1.6553,3241.8949,620.0427,0.1303,2.4476,10618.9213,148267.1048,0.0041,0.0000,21.5655,21872.1725,26150.5818,0.0001,29154.5562,7.0820,0.0079,727073.2494,0.0003,6.7796,0.3518,119.5496,270.1518,3444.3000,39720.8339,0.7132,1082201.8109,0.0003,158728.2403,21686.2844,744.3784,1398917.9410,96.5014,177844.6684,1.8861,0.0013,45.3137,1157962.3504,1093.4787,302.7414,162719.9771,91146.7920,153814.8172,6.2854,0.9187,62755.1957,4.2589,0.1177,0.1049,213882.9706,0.0008,2.6490,4925.8553,905.5935,0.0023,464502.5773,0.0002,895145.3513,9.5167,75.6274,990326.1397,924.8263,6758.8712,263.5241,0.0040,1.4831
0.0127,2.1138,0.0001,177.9469,3361.5932,16776.9577,0.1815,57420.0987,53512.3964,21417.6976,89817.8421,485165195.4098,39234.1212,69300.8155,52980.4744,315.3679,0.0161,1014.8059,4.7491,2239.3475,0.7129,64455.6203,0.8179,216.9409,7.8251,36990.0089,29.3300,0.1911,2.8652,0.0001,66433.9699,18925.5776,5696.2563,32829.4966,112.2956,12495.1968,142.5556,368024.8959,12751.6252,677.7794,26.2803,11.2753,2415.8309,1.3964,14931.4257,1538.5536,38105.0557,213811.0935,127423.7346,1593.4271,0.0995,3138.3772,269.3086,12.2038,8.9090,0.1674,393.0611,105.1161,0.0476,10635.4419,4.3837,54.9523,13340.4508,4.0018,178803.5384,163948.9935,1662.8915,9.6916,2.1057,12013.6307,0.0000,0.0576,0.5761,9.9773,543684.2651,0.9977,38720.9109,10.1369,0.0009,533.1384,0.1076,391297.8433,2.3334,5.2591,899305.0152,12.3378,295.1734,3.8591,77047.5799,0.0003,15345.9094,9.7536,170522.2226,667504.7397,118.5178,2508.8908,0.0110,0.2207,540.7751,36346.0468,3.4084,2941.1563,34833.5298,58600.9960,124.0273,0.2179,6.0066,2395.6005,202.8111,5.0414,89.8084,17515.2146,0.0000,2625.1491,3804.2125,332.1598,390.8906,7003.5460,17.1398,873.6829,290.7550,48.8915,2849.9977,760.5677,19776.5338,6.8598,7.0808,2.1566
0.0006,113.8294,0.0000,31.3429,119796.1890,344.1749,43.9496,191552.9264,3947236.0833,958.7248,408685.5324,39234.1212,485165195.4098,247709.6113,127396.0191,61412.2597,3.1780,113947.5445,414.5892,22217.9995,93.3026,156916.4090,0.0023,1.0136,7.1520,4.2341,0.0391,22.9555,557.8621,0.0000,156435.0832,47755.7547,315.2137,8797111.2802,58.5164,33715.6455,0.3109,3310265.7207,11.7221,1257.3649,1.6344,37.0372,99256.3987,0.1303,8193.8763,174.7693,13701.5240,524938.8261,4950.9374,25.2172,137.8077,8.9292,257.3539,375.5929,0.0000,380.5874,71980.7860,646.2103,291.4827,3787.7299,49035.8014,0.3158,53921.8993,23.1595,2197.2814,266898.5954,0.0285,470.2542,237.1199,436592.9077,0.0002,0.0000,98.6247,7.4819,1770.3476,0.0455,886.8202,0.3018,0.0094,167585.4330,0.5301,4435.4378,329.9290,118.2431,222.3738,877043.5889,1230.6428,83.1374,95863.2718,0.0300,1662601.4464,52236.4185,6006.6248,3766241.5268,5065.5657,300.2662,0.0280,0.0026,4022.8086,7416541.5124,1834.4562,30862.6432,121546.1489,11135.4960,21826.2442,37.1327,0.9168,9145.5124,2.1989,1835.4916,431.7910,34014.6296,0.0003,4579.3957,172887.4216,8819.3024,0.0001,2642.0746,0.0107,42920.5322,8650.1473,14.2632,1139054.7122,56357.3701,278.8362,758.9491,0.2029,66.0931
0.5081,883.3610,0.0012,40.8400,77.4226,1988.5336,52.8939,990.1521,18281.4187,924.4669,610.6876,69300.8155,247709.6113,485165195.4098,35497.1228,10.0452,20.2649,189065.6996,100.3070,1744.2013,6.6575,365.3812,1.9203,0.7355,3.2430,894.1489,161.6762,90.2944,31009.2914,0.0001,23251171.7068,1292.3673,124.4004,26211780.9055,3.6182,17.1449,0.9592,2021072.7366,33385.5732,0.6252,0.1889,1.3893,613.6465,17.4133,145542.3426,1.8997,23.9270,2530536.0789,10299.7653,0.0675,1.1700,949.4148,19.2370,3.6850,0.0004,18.3781,1106.6894,3200.2898,5.6013,5.3005,36599.0694,0.9246,92557.9650,21.4500,112.2464,156540.9292,0.7887,109.8195,0.0411,255.0532,0.0001,0.0016,83.4681,0.0322,3632.5517,4.8211,4.7395,0.0872,0.0927,11.1870,24.7395,882905.4036,4977.6119,2.7069,42.9362,359.0632,0.6131,7.7767,23096.8383,0.0977,208763.8055,16817.3282,1197230.8750,96120.8279,12467.8240,1.5798,0.0017,0.0187,478.7263,2487.4162,2.8257,48906.9308,42742.5750,102.9816,0.8336,146.1750,123.8578,19.6584,5.1498,78625.4025,423.0599,28493.2154,0.0103,7997.7581,854.9144,2388.5925,3.4904,4.6232,34.4776,22.8000,36777.2889,5.4951,397.7692,626.2523,59.3215,878.9775,1258.6476,9.9867
0.5287,0.1027,0.0055,103312.7612,265.2470,62.6119,10.7041,7491.2076,2247.5820,1287770.4424,5594.9185,52980.4744,127396.0191,35497.1228,485165195.4098,1153.2338,3.0428,3.5470,0.7683,6701.9786,805.5028,11216346.5721,0.0826,38.4663,1138.0853,0.0202,15.0820,0.0541,0.7011,0.0196,900534.9069,153.2112,25.8504,22815.2369,0.6248,8169.3191,0.0076,5048533.2089,2.3352,571.2965,34768.7578,6.3633,20225.5593,0.3426,2293.3971,84412.4698,35381.0064,8206.0141,12882.2097,3.5863,0.0002,170.1879,9559.8507,0.8813,0.0268,0.0853,11158229.5259,8936.9961,0.1468,9397.6398,54.3738,235.2780,2428492.5303,7329.4497,17661.1265,13334.5002,0.2138,0.9497,7618.5762,162917.9484,0.0000,0.0002,11366.0149,1017.7957,1156421.8386,0.0054,209020.5067,0.0158,0.0173,3257.9230,0.0103,5376.6932,2.0187,0.0692,107.5789,1382.0758,495.3927,0.0340,182983.6855,0.0000,1001394.2631,53518.9349,320328.0264,99375.9609,5.0249,4532.8510,0.0158,0.0002,31.9264,138549.3599,29.0570,50.3759,1644555.1412,1333.2627,763.7989,108.1712,5.4891,44.8680,2.9346,1.8630,0.0455,2121.8871,0.0020,560.4106,27026.1737,1503381.8294,1.7900,980.7113,0.0347,1091.2482,19.4259,19909.6951,865.2390,4898.3451,6721.7222,4.2291,0.0862,217.6296
0.2348,73.0150,0.0004,7.0491,10347136.2092,4.1548,30063.0013,13592843.5183,39877.5612,0.3397,400965.8192,315.3679,61412.2597,10.0452,1153.2338,485165195.4098,8.7579,1048.0278,698187.1559,80369.2628,8683.5612,183092.4137,0.0056,22.5864,648.0662,1.6144,0.6185,40.8978,0.2677,0.0000,2.1145,6317.6407,49814.1670,148.2808,14950.8850,349470.1165,0.5565,2733.7899,0.3326,15552301.7351,6.5275,3939672.8722,310.3182,145.1690,16.7319,107.1757,1940297.1308,417.9712,1899.6929,271421.6911,3535.9979,0.0206,7290460.4541,65688.2127,0.0005,2801.0521,158162.5827,21363.2001,3462.0522,7228311.0790,1108.1490,32137.2231,9993.5891,3460.2721,113702.8599,28361.1654,26.5660,1898.7570,1777.6043,2114452.4838,0.0000,0.0000,15277.6085,69.5330,89.3388,0.0029,1183.8520,6.4650,0.0000,107258645.8997,0.1953,0.6720,249.6485,170201.4976,33644.8898,15531.6342,116280.1999,0.2558,383.1112,0.0975,116786.7364,127.9764,0.2705,1411.1035,9549.2835,19.1683,0.0215,0.0000,162969.2508,763361.6965,2.4818,4825.6984,328652.2979,113685.8457,20280638.3517,4450.9799,47.1807,279536.7805,5232.3605,50.8909,9.1824,191.0989,0.0072,8100.1037,36082.6353,22192.6322,0.0016,9661883.3700,0.0152,14839.6302,633.1163,63361.3273,76400473.7998,5279.1292,1.8774,6.0767,0.0248,63.7340
6.2529,0.0280,678.9993,187.1168,0.1237,0.0093,584895.4242,36.8402,44.3101,23.8204,18.3792,0.0161,3.1780,20.2649,3.0428,8.7579,485165195.4098,0.7734,16.9347,6.2286,2873.1486,16.9170,0.0003,0.0001,732.3926,0.0014,0.0015,681.5806,177.8777,0.0130,7.9123,0.0000,84.1012,0.7461,0.4334,40.8059,0.0000,623.5764,0.1451,12.0880,24.4228,3.7210,33.0782,0.0747,2.2236,0.0024,0.0901,5.6113,1.2127,4.0166,32.1577,78.9334,362.4877,0.1585,0.0003,8.7338,34.4349,0.1390,2653.1497,0.0757,6325.8718,18.7287,167.4149,157.9433,0.0183,2.1058,0.0000,0.5297,0.0207,1.5737,1.6710,0.0009,30151.8584,4.9599,1.8066,0.0000,0.0089,0.1370,41.3349,30.8190,0.0017,0.0067,3.0217,9.4082,0.0004,19725.5303,22.3491,0.0000,221.8771,1450.9103,159.0176,432171.9956,437.3479,9.5911,0.3199,1.2793,1430.3374,0.0010,0.0771,0.0180,40.1084,696.3849,191.4187,0.7045,0.0691,386067.1933,27943.1338,0.2444,0.0239,16.7959,0.0021,4.3260,1321275.9702,0.0039,0.8730,745.0020,0.0054,0.2250,0.0337,87.7313,3.6556,3498.4599,5.2167,0.0051,1599.0985,0.0755,24.2409,19022.6787
0.5071,4608587.0944,0.0004,0.3058,568666.2055,3051.8520,673.0835,849.2816,19362.2396,0.0415,195.5364,1014.8059,113947.5445,189065.6996,3.5470,1048.0278,0.7734,485165195.4098,187217.1848,32111.4921,7.0181,2.1354,16.9095,2.1969,3.5834,94065.4840,73.6669,39775.2557,196970.8900,0.0000,6762.0451,225909.5661,213858.5973,1030478.1266,2831.5403,67.8018,20.7721,16123.5053,18662.1557,13.2005,0.0000,701.2432,66.4255,205.1158,127766.2095,0.0438,347.6884,3826137.8144,9609.9368,2.4900,7904.2514,0.0862,4.5336,169403.1108,0.0001,24201.4725,5.6890,4727.2891,47026.4764,1313.7732,304475.7300,0.9604,3603.7869,23.4760,154.3390,1059496.1338,16.9001,154433.9819,0.0009,704.9735,0.0000,0.0019,0.1636,0.0019,0.0336,740.1553,0.5069,676.2292,0.0000,265.3547,4297.8870,150421.0414,774828.4787,256148.3795,402.7438,7375.6192,5.9866,3012.1970,458.1612,65.9523,63570.0283,23.5359,23.7163,25000.6127,666244.7218,0.0091,0.0002,0.0059,1886072.0930,11012.9602,0.1018,1631659.0526,177.3437,3979.9453,10.0927,465.2932,246.7843,7187.3617,8.8774,5312063.8019,2522397.9409,1291.8251,0.0098,2470880.8478,92.2805,283.6939,0.0627,2278.7635,562.4220,2.9729,8692623.1806,0.0991,171596.9335,241421.9637,0.0244,1292.3922,20953.9102,1.5617
24.8565,44999.9284,0.0397,0.0786,442335.3796,0.4141,340212.2343,28039.0604,2417.1306,0.0009,3734.4442,4.7491,414.5892,100.3070,0.7683,698187.1559,16.9347,187217.1848,485165195.4098,4636.8396,2883.2430,5.8378,0.2487,0.5722,419.7505,277.5741,136.7354,3225.1558,532.7535,0.0000,0.5676,1585.7835,121391.6055,156.5989,111028.2541,1259.2528,10.5073,91.3463,300.3788,11650.6188,0.0007,2183913.4942,0.8011,51666.0107,58.6004,0.0294,368.8547,5309.2364,6814.7638,10682.3214,127070.6749,0.0095,83465.9111,16617.7145,0.0013,6323.3031,631.1623,4512.2615,61468.1397,8619.2695,8910.1714,18439.3428,112.8056,810.0327,72.5347,40787.0174,130.9653,17290.3781,0.0654,1905.3290,0.0002,0.0097,619.3875,0.3245,0.1439,0.6080,0.6208,147.2118,0.0000,40232.2777,83.5338,10.8603,69631.2245,603659.4947,1324.8270,161.1815,45.0677,0.9193,18.1092,11.4708,2883.0030,17.1066,0.0416,27.4696,194587.5378,0.0548,0.0082,0.0001,383661.8432,871.0132,0.0123,227552.5982,2391.4106,1913.8013,1901.7601,19920.5717,2033.1614,13932.0970,3442.2768,17036.8993,526.6778,531.5153,1.1268,11384.2664,20.4465,250.2195,0.1976,140846.6017,20.6073,53.1781,18455.5437,326.7440,1631722.2321,1287.7132,0.0056,349.4165,10.7009,2.8564
8979.5318,261473.1481,0.5342,0.9357,400152.9505,974.8062,48466.2323,47762.0642,19.2633,8.5553,639.7067,2239.3475,22217.9995,1744.2013,6701.9786,80369.2628,6.2286,32111.4921,4636.8396,485165195.4098,238361.9628,828.4917,2.6067,0.3152,162085.6377,97.3852,202.0924,117442.1984,20991.9565,0.0000,1141.4484,8005.4267,851777.5143,397.3132,11157.5985,14.3405,0.0073,11651.9503,289.6682,14740.7843,0.0122,299233.3669,9.6689,8985.9271,2557831.0678,6.5993,3373.7396,7846.3150,20807.0549,1.0425,0.5817,0.0007,13843.6879,3456997.5148,0.0004,143293.1929,5286.2129,3536691.1799,65895.6787,51620.4399,168028.8401,20038.4207,11025203.9817,41.1561,7359.7807,70490.7975,267.1798,6056991.5523,1.6047,29263.0962,0.0000,0.3109,74.6886,0.0090,1.1597,5.5343,139.4070,1.7845,0.0000,27111.5962,9190.4874,2316.5770,332286.9432,32260.4244,1968.2090,3632.1146,4.4576,44.6590,259.4621,0.2894,5902.4626,3.9269,14.3172,2539.1552,30226.4135,0.0045,0.0000,0.0000,6182406.3308,1606.8992,0.0008,1966.3322,746195.7460,327.6602,1690.6350,19364.1438,207956.8246,157683.0905,2401.1174,209813.3592,3828.7939,6.7960,0.0858,2783402.4111,20889.7180,5485056.7797,0.0188,216403.6075,1566.3966,0.0261,12974344.3256,218.5674,49697.9077,66407.6648,1.4520,0.0342,72.1307,0.1294
15525.7877,23.5454,11.1322,392.5864,145.8502,0.7084,125562.8628,1324.2705,54.8426,158.5443,1006.1211,0.7129,93.3026,6.6575,805.5028,8683.5612,2873.1486,7.0181,2883.2430,238361.9628,485165195.4098,695.5379,0.0004,0.0001,49608.5022,0.0094,0.3416,100.4240,4358.9132,0.1579,4.5157,0.0863,1728.1734,0.8211,2.0689,29.4371,0.0000,218.1541,0.0965,196380.7886,23.4289,14128.7473,219.6414,507.6944,113.0940,113.8202,25.3421,207.6606,4.9920,28.5382,0.0114,0.0001,52290.3014,10401.3781,0.0001,2295.9315,13072.0853,124282.3391,891.0443,650.8805,31330.3352,488182.2878,19893.5366,1.3670,215.4348,4.3894,0.0185,2186.9668,134.2050,22313.1407,0.0507,0.0658,13375.5152,42.1372,0.6482,0.0157,648.9214,28.7612,0.0001,10356.9048,0.8721,4.4394,71.1907,21307.5663,1.0759,285.2183,206.2481,0.1429,3401.8828,0.2694,377.9993,3179.6273,20.5003,202.7566,0.9440,0.1954,0.0001,0.0000,148.8295,3.4619,0.1685,2.6934,96492.1395,589.7721,547.2857,23138.4533,636428.3247,7938.8811,2.5974,43.2357,0.0059,0.9699,51.7138,43.4712,6.8695,1701910.4780,0.0008,55184.1733,0.1285,0.1095,995.5662,2997.7346,841.5489,341.9761,636.8388,0.0002,30.2385,1.5381
0.0007,0.0021,0.0001,809730.2057,4647.9572,226.4195,7.6905,193005.0885,276653.5627,1389456.3488,1069138.6200,64455.6203,156916.4090,365.3812,11216346.5721,183092.4137,16.9170,2.1354,5.8378,828.4917,695.5379,485165195.4098,0.0008,37.9509,220.1643,0.0073,0.0225,0.0011,0.0060,0.0113,12037.7924,142.7607,70.6356,2757.5158,0.7067,2497753.6117,0.0091,2123770.9834,0.0076,152241.7189,1661515.0674,43.1619,2589601.6088,0.0141,39.0737,1903821.0723,6465809.3338,5973.9998,758.0719,7484.8599,0.0174,650.5747,112695.1570,3.3637,0.0100,0.1846,899059.4972,452.3408,0.3790,533391.9100,2.1906,131.6612,127958.8034,4370.5125,208578.7056,2009.5314,0.0636,0.0219,229165.7380,4388769.6656,0.0001,0.0000,5320.2856,185300.6483,711720.3978,0.0002,5533766.7008,3.2316,0.0197,631658.6331,0.0000,79.1411,0.0126,5.8354,749.3940,40542.2299,2720207.4262,0.0281,3036411.0097,0.0000,3514469.0828,118422.8989,10484.5846,1268236.3279,0.2809,679365.0299,0.8377,0.0001,9.8749,2300512.5108,5020.9349,28.7507,565771.2076,355612.8117,60953.1250,27.2321,0.5429,5474.7950,0.5314,0.0094,0.0059,2774.0188,0.0003,19.8447,46440.3330,211896.2396,0.0472,169933.1805,0.0001,509217.8726,1.2162,87869.3892,109547.6133,7063.5417,62509.3326,2.3624,0.0156,5737.3593
205.8887,4218.5339,29.2970,0.0235,3.8148,95.1925,0.0661,0.0134,0.0000,0.0004,0.0000,0.8179,0.0023,1.9203,0.0826,0.0056,0.0003,16.9095,0.2487,2.6067,0.0004,0.0008,485165195.4098,683.8959,0.0307,15706.0952,422736.3340,103.9229,0.1224,0.0401,6.0084,638.7932,6.7191,0.1121,2.6220,0.0020,1987.5129,0.0356,4131.9432,0.0039,0.0013,0.1887,0.0000,5.9001,1546.3371,0.0067,1.8420,0.0810,1.8695,0.0002,0.0629,0.2995,0.0031,49.4135,24323.4129,5.3519,0.0013,12.3842,0.7535,1.7212,0.1293,0.0349,3.4696,146.7814,4.5467,138.5638,110298.2016,46.4984,0.0001,0.0071,0.0016,21794.8582,0.1049,0.0000,0.0089,435442.6716,0.0215,2.3267,0.0189,0.0007,40132.2342,1887.7790,251.3808,1.2664,1018.5696,0.0019,0.0015,37.2243,0.0001,131.0386,0.0087,0.0000,0.0140,0.0005,14.9586,0.0000,0.0007,37.6491,866.8632,0.0060,0.0001,5.6150,0.0096,0.0308,0.0012,0.5902,5.3709,0.0398,354.3462,1064.8209,29283.4261,0.0015,0.0494,14567.0686,0.3655,0.1102,75065.5729,0.0155,663320.5096,0.0000,200.6823,0.8399,0.0100,5.5018,0.0001,0.0810,2772.1063,1.5602
0.1666,1.4694,0.3180,3.5378,168.4319,0.2160,0.0013,1.5208,0.3518,0.1749,0.8595,216.9409,1.0136,0.7355,38.4663,22.5864,0.0001,2.1969,0.5722,0.3152,0.0001,37.9509,683.8959,485165195.4098,5.0316,167.1738,27804.4775,0.0183,0.0001,0.3882,0.5613,261.9816,2.2734,2.6539,6226.2373,3.5103,347867.2485,7.6016,143.7648,0.1124,2.2286,84.2412,0.0439,57.6965,0.1243,56.9588,1304.1919,9.8012,20460.5826,115.1898,1.9350,90.2564,78.6167,0.1989,3958.2278,0.0001,75.9457,28.3761,0.0013,5852.3662,0.0001,5.9255,0.4729,1662.8411,5.1515,133.6799,19116.4326,0.0377,0.8764,24.1271,0.0000,3.1884,0.0131,42.6228,1566.0088,0.3880,23.0512,3.7068,0.0170,1.3311,2.6696,13.1469,10.9025,0.1415,630.4974,0.0098,0.9188,0.0837,0.3880,0.0001,202.8345,0.0044,0.4713,0.6837,220.4273,34.5436,20.6177,168.2579,12.3146,822.9536,0.0019,18.4843,0.0747,41.4523,8.9335,0.0028,0.0001,0.0134,94.4089,0.1403,14.6967,160.7442,0.0008,309.4974,0.7435,0.0673,16548.3132,26.3320,66.2120,35.9690,0.0634,0.2493,43.8371,12.9347,0.0012,33110.7901,0.0409,3.2196
108379.0468,133.8165,30140.0045,34.7165,253.1879,0.0945,128215.4029,13.7153,0.1712,56.1170,178.2657,7.8251,7.1520,3.2430,1138.0853,648.0662,732.3926,3.5834,419.7505,162085.6377,49608.5022,220.1643,0.0307,5.0316,485165195.4098,0.0719,470.7432,666.3297,280.7288,0.0241,0.6289,0.0208,10171.4743,0.0812,113730.3439,4.4123,0.0019,1350.5367,20.5354,26.6595,1.0306,146527.5343,0.3646,15613.4415,984.0754,3.1347,6.6697,103.6828,133138.0698,12.9018,0.0650,0.0698,78935.5390,148.4009,0.1846,0.4492,23925.5454,15156.4087,1702.3213,2291.6336,18.0709,203157.1424,29523.3315,745.8298,0.1170,43.6949,4.4859,1073.3632,0.5535,450.1764,0.0001,8.1517,54.1333,67.9615,13.1421,0.0001,20.0896,0.9694,0.0000,29.9680,22.0250,1.7558,18758.6114,46.7413,0.4409,90.6259,0.0953,0.0003,360.9895,0.0009,763.0661,34.5143,3.0217,33.7270,77.1404,2.5209,0.3203,0.0011,305.1968,2.2815,0.0000,138.2414,1627.2128,11.7118,0.6573,4241.8959,69423.2325,2.5207,6.5240,54.6222,0.0827,2.0874,1763.2264,135.5736,0.5984,521378.4276,1.7121,6249.4844,664.6676,0.1477,2454.2455,77.1069,105.7243,8.0627,1.5268,1.9433,0.1415,4.2220
9.9573,31364.8618,0.0191,0.0083,946.5320,845.9607,0.3362,48.7380,12.2546,0.0025,0.6609,36990.0089,4.2341,894.1489,0.0202,1.6144,0.0014,94065.4840,277.5741,97.3852,0.0094,0.0073,15706.0952,167.1738,0.0719,485165195.4098,24461.4560,702.3920,154.6586,0.0000,20.2674,13487.4549,11515.5479,96.3578,2497.0019,0.3202,37416.2158,8.7479,10524783.9344,2.4793,0.0000,94.8697,0.0118,531.9006,4853.6296,0.0077,7.9690,5324.8069,1592.7737,25.7835,71.4210,1.4542,0.4599,1491.3136,189.3180,15.9399,0.0029,36.2753,0.8528,67.2482,21.4377,7.4815,2.0930,0.0714,159.7735,30411.0836,303460.3620,2897.1420,0.0000,1.9261,0.0001,452.8051,0.0030,0.0001,1.3504,10479.6785,0.2769,1700.3157,0.0002,0.3531,7670.0941,130654.0093,2589.3345,2934.9287,577133.9321,0.0060,0.0553,143.7021,0.4082,23.3227,1.9800,0.0004,20.7655,14.1414,5353.6165,0.0020,0.0006,8.5062,14295.9202,1.1567,0.0003,12119.3348,0.9239,473.0875,0.1340,0.0626,94.4755,52.9897,3724.4417,12502.3340,253218.4734,22.3970,0.0007,68197.3474,0.3340,0.0337,9601.1403,43.2116,470056.7155,0.0128,8091.5400,0.0180,50.2873,21.8067,0.1499,5.8682,46465.3576,0.0847
115781.8876,18353.1965,653.4844,0.0956,18.5173,0.7013,3.5016,0.3567,0.0010,0.0058,0.0020,29.3300,0.0391,161.6762,15.0820,0.6185,0.0015,73.6669,136.7354,202.0924,0.3416,0.0225,422736.3340,27804.4775,470.7432,24461.4560,485165195.4098,201.9092,6.1065,0.0551,8.2805,70.2977,143.9866,1.7172,6084.6445,0.0043,5840.9996,4.0340,1156311.3375,0.0404,0.0014,1176.9748,0.0000,215285.1714,1314.3491,0.0663,1.1252,55.0135,24261.5014,0.1106,0.0547,0.3492,61.2100,12.9282,3237.8941,0.0629,30.8776,39368.9254,0.0792,72.2395,0.4332,2790.9048,61.4219,237.8347,0.9466,1633.3994,818093.6165,310.5291,0.0002,2.1998,0.0000,28270.3783,2.5215,0.0018,12.7351,533.0207,0.1710,2.1023,0.0001,0.0106,97080.3021,8239.3912,61204.2150,4.2919,1684.5810,0.0002,0.0001,0.1973,0.0202,0.0056,4.6438,0.0008,1.9485,0.0096,3872.0156,0.0005,0.0005,1.1353,1820.3783,0.1106,0.0000,164.4184,3.4622,0.7547,0.0102,3.2917,210.8090,0.0113,13179.2324,3477.1944,308.4578,3.2220,0.1745,70910.1850,0.0261,13.4228,879473.7011,4.4987,4862390.1000,0.0001,767.4558,0.9260,1.1732,5.3274,0.0002,62.9276,544.2306,0.0863
25644.5627,1784620.0563,342.9966,0.0001,1061.4411,0.4030,760975.3657,152.5317,0.0749,0.0001,0.0300,0.1911,22.9555,90.2944,0.0541,40.8978,681.5806,39775.2557,3225.1558,117442.1984,100.4240,0.0011,103.9229,0.0183,666.3297,702.3920,201.9092,485165195.4098,111387.0114,0.0000,5.4940,27.3810,217732.8299,16.1691,23232.4617,0.0462,0.0377,8.3371,20066.7156,2.2969,0.0000,4878.0673,0.0002,2205.6156,36995.6056,0.0000,0.0723,11.5796,325.0571,0.0060,5285.3069,0.0009,12.8583,58827.6320,0.0022,139802.4510,1.5623,239.3240,1673424.0008,1.3955,2299919.3477,57.3216,2828.2660,37.7018,0.4565,12092.6909,34.8501,16664356.3297,0.0000,0.1880,0.0031,4.9693,36.2119,0.0000,0.0005,15.3967,0.0000,0.0185,0.0001,12.9475,789841.9626,6.5326,8440134.9234,2635.0267,3.4447,301.2355,0.0006,0.9851,0.0037,26975.1510,2.4092,0.1511,0.2750,0.0630,499337.0900,0.0000,0.0033,0.0177,510217.2041,0.1212,0.0001,83655.7940,120.3167,0.0180,0.5852,177372.6469,339064.9048,19.0461,3674.5563,24882821.1958,122238.1128,0.2309,5036.1463,46686.6985,35.5669,328.0969,0.0936,1.0768,205256.4921,0.0012,1945746.1459,3.7380,85.1359,2.3634,0.0021,0.3309,546.2537,0.2572
3121.0317,369657.8352,7.5592,0.0435,18.7576,104.0151,4546.5207,0.4939,11.4058,0.7908,4.4153,2.8652,557.8621,31009.2914,0.7011,0.2677,177.8777,196970.8900,532.7535,20991.9565,4358.9132,0.0060,0.1224,0.0001,280.7288,154.6586,6.1065,111387.0114,485165195.4098,0.0008,514.2779,2.3368,1019.4507,2265.7486,20.1339,0.0053,0.0024,143.9334,1878.6423,0.0637,0.0000,16.9322,3.8523,904.4684,16719.0625,0.0025,0.0015,15360.2921,129.6318,0.0021,4.0448,0.0027,0.0865,3513.8322,0.0000,6686.7407,1.3853,1227.0379,26388.3294,0.0409,1374422.3100,4.8603,818.7492,0.0069,0.0334,61.3792,0.0255,203240.7811,0.0005,1.4621,0.1437,1.8593,0.1277,0.0006,0.0013,56.1985,0.0139,8.1919,0.0025,0.1790,21222.1121,2133.5529,328724.4066,1073.7200,0.0171,92.0804,0.0011,439.5609,80.5385,50.4891,22.6323,80.7291,67.6557,502.6071,1752.4553,0.0006,0.0002,0.0152,940.6913,0.1916,0.0083,1018.8773,29.5793,0.6139,0.0094,1260.5857,45903.4009,29.0045,0.0895,1093012.7053,1747.7240,2.7169,121.4462,1166.7353,0.3106,904.9012,0.0035,2.6610,1376.3980,0.0008,1359502.1288,0.0040,3.4747,205.7727,0.9459,1.7342,11048.4512,0.0107
5.1378,0.0000,254.7283,0.8496,0.0000,0.0063,0.0000,0.0000,0.0000,7.8145,0.0034,0.0001,0.0000,0.0001,0.0196,0.0000,0.0130,0.0000,0.0000,0.0000,0.1579,0.0113,0.0401,0.3882,0.0241,0.0000,0.0551,0.0000,0.0008,485165195.4098,0.0002,0.0000,0.0000,0.0000,0.0000,0.0001,0.8948,0.0000,0.0000,0.0013,1519.7243,0.0004,0.0563,0.2471,0.0000,292.4294,0.0002,0.0000,0.0000,0.0119,0.0000,0.1517,0.0033,0.0000,228.7694,0.0003,0.0117,0.0167,0.0000,0.0001,0.0000,0.1384,0.0000,0.0001,0.0006,0.0000,0.0320,0.0000,4193.6311,0.0004,766094.5628,2470.5580,0.0134,222.4996,0.2950,0.9834,1.5904,0.0264,19799.8663,0.0001,0.0229,0.0001,0.0000,0.0000,0.0000,0.0000,0.0093,1.0068,0.0047,0.0028,0.0000,0.0107,0.0090,0.0001,0.0000,6.8378,16.5624,628.5181,0.0000,0.0002,1.6029,0.0000,0.0002,0.0001,0.0200,0.0000,0.0003,0.0003,0.0031,0.0000,0.0000,0.0018,3.2658,0.0000,0.0004,0.0006,1.8253,0.0004,0.0019,0.0031,0.0000,0.0015,0.0000,0.0004,0.2479,0.0266,0.0023,0.0003
0.0460,20.3762,0.0004,1177.3449,35.9055,11199.7042,1.8549,460.4855,4700.9532,95442.9179,110.8829,66433.9699,156435.0832,23251171.7068,900534.9069,2.1145,7.9123,6762.0451,0.5676,1141.4484,4.5157,12037.7924,6.0084,0.5613,0.6289,20.2674,8.2805,5.4940,514.2779,0.0002,485165195.4098,4424.7132,43.5598,11462845.1071,0.0197,86.5496,0.0333,5174302.5943,364.2860,1.1915,18.6464,0.0438,10453.0114,0.1172,315105.4646,75.8937,418.6704,307439.9257,605.9782,0.0051,0.0116,2943.1314,2.7752,1.6706,0.0006,27.4311,839.2840,293.9401,2.9131,8.1184,7645.2140,0.0739,693541.1030,153.2082,2249.5491,114257.2312,0.1125,6.2845,1.1228,415.2568,0.0001,0.0005,66.3592,0.0842,5039.2390,15.2086,201.8346,0.0645,0.5906,37.2509,0.8760,428661.0411,27.8602,0.1397,25.9238,4368.1131,16.6806,35.4871,38159.4092,0.0678,194601.9109,27100.6069,2090496.7992,297240.2894,146.7026,13.5392,0.0019,0.0161,180.8882,9497.2729,226.7094,1909.8325,142219.6248,74.2065,1.4572,153.1312,12.7372,127.8283,0.8484,2963.6450,367.4233,9641.0287,0.0016,3199.2728,43365.1628,14057.2947,1.5485,2.0953,1.4936,39.2081,4968.4876,62.4137,55.0527,6171.1059,714.3226,17.0234,447.3891,92.3539
0.0079,29092.8630,0.0000,0.0237,663666.2405,17531.6617,0.1259,17199.6637,527.9141,0.1801,235.8774,18925.5776,47755.7547,1292.3673,153.2112,6317.6407,0.0000,225909.5661,1585.7835,8005.4267,0.0863,142.7607,638.7932,261.9816,0.0208,13487.4549,70.2977,27.3810,2.3368,0.0000,4424.7132,485165195.4098,942.5866,83858.2189,197.1249,210.5240,11678.8089,218.6925,173.0799,368.0108,0.0045,233.9634,19.4730,25.1852,30754.8807,33.8789,89826.1853,2602.9442,400.3788,4.0505,240.9040,0.2205,5.3470,15660.8980,0.0268,21622.1666,8.5516,711.3751,89.5921,10271.0162,118.1034,0.3142,1218.1939,25.7727,154580.0454,636177.4517,13014.3429,6184.9659,11.5165,784.9729,0.0001,0.0148,0.1140,0.0024,2.8395,27569.7858,168.6582,4.1192,0.0001,8081.9492,1102.9001,8871.4952,342.5243,320.6490,371248.3570,82.2555,62.8315,201312.1202,3.0565,0.5023,785.4952,0.0184,0.6267,996.8400,79290.7190,0.1790,0.0000,0.1222,2517604.3539,1014230.0896,2.5832,681.8680,2285.0999,484.4053,22384.3301,0.6915,0.0505,318980.1193,7051.6263,3280.1785,2824058.3616,556.4443,0.0000,1594769.3304,549002.9826,19.9849,0.5047,4026.2913,19.4791,16.4765,22951.1236,1.8643,100891.6738,828860.9367,0.0062,116.0495,3.6777,0.0330
226.4150,42745.8258,0.5124,4.2255,2240116.6025,91.1044,393435.7942,82395.0602,388.2473,0.2006,473.8973,5696.2563,315.2137,124.4004,25.8504,49814.1670,84.1012,213858.5973,121391.6055,851777.5143,1728.1734,70.6356,6.7191,2.2734,10171.4743,11515.5479,143.9866,217732.8299,1019.4507,0.0000,43.5598,942.5866,485165195.4098,76.4548,87381.2750,6114.2615,0.0998,8679.3705,9219.8699,19383.0385,0.0035,164660.6895,2.6242,639.1573,51380.5514,0.0444,12397.0658,16914.6446,139465.4020,1217.5509,275.9710,0.0504,13017.7111,729579.0418,0.1198,3117.0125,170.1108,3260.6884,216913.3961,193194.0694,46120.8636,40881.9054,154589.8936,4321.6733,14819.3340,979918.7541,566.3933,339213.6472,0.0010,2739.3260,0.0000,0.1972,33.9077,0.0280,0.5585,1.2571,6.1224,256.7103,0.0000,13122.5406,80.4158,1406.6583,47050.6150,858921.9900,17763.8747,2421.0386,109.2499,0.1883,163.9884,13.2752,9339.8608,2.6433,9.1598,922.1691,25849.1128,0.0350,0.0019,0.0000,5037112.8612,224.0278,0.0020,1223085.6753,17844.4913,11629.6631,84.7368,190944.8083,441755.4585,25047.8158,1580.6137,48959.4335,10743.9632,32.0799,2.0304,417369.2624,140.1678,52017.6905,6.4230,205556.4069,3878.5272,2.2423,757547.8087,3154.9332,145318.7430,3209.2550,5.5606,0.1052,1864.6394,14.4154
0.0008,498.9249,0.0000,19.0382,1852.7767,2400.2333,2.5833,4109.1577,732614.9711,549.1376,8424.4908,32829.4966,8797111.2802,26211780.9055,22815.2369,148.2808,0.7461,1030478.1266,156.5989,397.3132,0.8211,2757.5158,0.1121,2.6539,0.0812,96.3578,1.7172,16.1691,2265.7486,0.0000,11462845.1071,83858.2189,76.4548,485165195.4098,2.0907,905.6997,8.6288,1559933.6036,467.3487,2.7660,0.2582,0.6451,17699.3646,0.5462,12290.1837,16.8433,672.3464,2817319.9715,2160.6281,0.3892,56.0182,342.4873,4.2015,9.0223,0.0000,80.7073,1867.4340,263.2257,20.0881,34.0212,26801.8928,0.0288,18580.7742,28.1654,819.5050,276687.0883,0.0837,57.1925,3.3300,1749.6066,0.0002,0.0000,10.4355,0.2842,951.7870,10.4741,20.6550,0.1683,0.1570,463.6274,3.0331,121558.7999,572.5275,5.6300,40.9851,14395.3214,30.5411,472.7703,32436.9886,0.0550,1136629.2327,24907.6722,67698.0082,692470.6929,22950.3423,28.8121,0.0084,0.0475,1401.1225,995601.4149,589.3361,35228.2333,18459.1568,515.8883,84.7489,26.8907,0.3628,548.2664,1.2828,12157.7005,4107.1105,191339.4893,0.0003,7617.5788,18461.3020,436.2123,0.0295,22.8108,0.1547,2815.7792,10645.3508,1.1042,16225.3744,30252.7650,15.8646,15008.3756,31.9009,7.0666
383.8685,20944.0438,42.1873,0.0009,52535.8307,0.0159,5705.8328,1308.3285,2.8504,0.0006,229.6399,112.2956,58.5164,3.6182,0.6248,14950.8850,0.4334,2831.5403,111028.2541,11157.5985,2.0689,0.7067,2.6220,6226.2373,113730.3439,2497.0019,6084.6445,23232.4617,20.1339,0.0000,0.0197,197.1249,87381.2750,2.0907,485165195.4098,6.9258,1701.1127,26.4237,22714.0129,19.2331,0.0000,2743881.8758,0.0008,223578.1018,137.9657,0.0022,23.9917,127.2363,1861851.4025,985.9558,23948.3021,0.1130,21716.7351,1037.9039,1.7790,5.0937,230.6702,425.1839,2146.8747,5014.8544,12.7364,6503.6524,50.1658,316.2301,0.4460,15880.9413,28296.9638,37396.1469,0.0022,32.3900,0.0000,5.0351,0.6206,0.1041,4.5241,0.0106,0.0293,0.8151,0.0000,224.2419,4967.9198,1.7713,802485.5201,732.9715,1142.8626,4.4368,0.0179,0.0169,0.2532,0.0890,90.1803,0.0137,0.0282,1.1047,1277945.5887,0.0467,1.4962,1.0795,98848.5658,106.8965,0.0000,93805.2721,44.6259,11.6160,43.0215,46.9593,116.3924,15.0404,40411.1777,4361.5702,1504.1169,163.2043,5.0479,8716.9136,5.3095,12.3361,32.5475,3173.3922,30211.9826,4.9830,5752.8539,1.1191,18572.0147,4.6118,0.0007,4783.7461,0.0423,0.1784
