485165195.4098,23.5813,1656.7121,1.7586,0.5821,149.3489,0.5264,25.0157,899.4124,298.8853,2.1942,0.0073,18.7404,165.6258,240.1414,6.8761,1.8659,0.0566,0.0465,2.0243,0.0036,223.8447,0.2290,0.1108,1677.0587,0.1166,0.4094,1.8415,0.0011,17.5221,0.5224,869.2813,18.0254,58.3375,2.9940,6.8479,0.2930,5590.3666,11.0132,1.1465,16.8933,22.1308,0.0841,1.1558,28.4594,31.3376,1.0215,0.0419,0.1904,0.0291,28.5870,1367.3312,2.3923,6.5089,33.1412,123.6434,0.4559,21.0713,358.9438,379.3222,472.7234,0.0271,1.8926,9.5584,463.8764,12.0286,0.1460,4.1692,59.8477,219.8792,5.2755,41.0097,257.2807,1.7080,0.2168,3.3851,10074.4229,9.5435,211.5955,1908.3738,15139.4602,1.5063,71.5488,0.0506,34.3356,0.0807,9.2838,356.0456,13.3439,32.9703,58.7044,12.7620,0.1688,2.8593,1.7777,0.2246,6729.3051,3.4048,527.7967,0.8940,7.3139,42.6413,54.9916,465.0889,0.0156,7.8839,440.6878,0.5773,226.0863,0.5802,4.9672,0.1283,0.1410,3.4766,145.9600,4733.4575,0.0015,0.4770,0.0098,0.0159,10.6136,56.0136,0.2613,1.2255,0.0004,2.6929,8.8267,0.2078,20618.2320,285.4962,11.8967,0.1685,0.8689,1.0230,3.7484,1010.5150,2.5517,916.5318,17.6989,0.0385,11.2119,21.7485,171.8552,401.6688,0.5849,152.6465,6.5970,1613.6421,44.8883,295.4230,0.0869,1043.4593,0.0024,1706.7066,19.5146,12.0852,0.0012,0.0114,660.7015,27948.4295,0.1030,0.0157,9.9839,0.0085,0.3178,528.1945,0.9066,0.0046,0.0705,0.0620,0.7479,0.0285,23.2518,0.3038,24.6047,30.1210,2.7781,0.1479,115.1872,23.0403,1670.8924,0.0005,2.4082,296.8685,12.7683,214.6984,0.2875,466.8181,0.8662,6.0052,0.0439,149.8921,0.0668,0.6060,134.9952,0.4401,0.8862,2310.4687,455.2734,9.8510,1017.2134,308.4111,0.4476,1164.2846,3.2116,0.5001,3998.5977,118.6327,0.0044,3.6199,487.0096,0.3705,0.1452,0.0566,507.1804,242169.0135,14.3121,37.9522,47.5706,4430.8167,0.4982,127.7919,21.8878,3.9039,0.3686,0.4279,7.5718,10603.1979,32.0073,0.1458,0.0133,5180.5695,21.8744,116.2105,1.8423,17.6006,10.0901,1.7147,80.2340,490.1158,13.2209,0.3292,0.1075,103.3069,2.2138,1.1713,27.4417,0.1387,20.9364,1181.1292,5306.6536,1.7151,0.6449,0.3845,37.6874,15.6217
23.5813,485165195.4098,8.1862,0.3221,0.0145,3.0080,1.4493,99.8873,8.0903,0.8566,633.9479,0.0151,0.9568,173.6628,0.0069,7170.0756,0.0008,53.6388,44.6094,8.2779,3.2404,0.2310,0.0537,0.0001,0.0004,173.6983,115.5870,48.7030,4.4846,3.0386,1391.8255,1.2223,0.0448,12.1273,2580.1987,0.0040,287.0793,8.7493,11.8882,65399.4446,0.0203,0.0591,1799.4026,875.0667,0.0469,0.0396,101.7674,27.5709,0.3341,0.0270,0.1909,5.2747,0.0098,0.4498,21.8520,89.8886,0.0011,10.7128,38.7834,1350.6808,0.9565,46.2844,12901.4320,1.6252,0.2462,0.0371,0.0014,0.2179,4.8982,6.6932,2.0064,0.1320,2.4990,0.0171,37.3737,20778.9572,609.2430,1.4386,14.1902,5609.2167,4.8795,0.0360,0.0041,0.1651,15.4650,0.0008,326.2434,0.0144,0.0076,0.0001,1053.5792,227.3205,0.7128,0.0953,0.0014,477.0053,11.9513,0.0064,3848.0480,855.6466,11.3888,1234.4095,3461.7933,0.6322,1.0825,280.1677,0.0065,0.0146,40.4216,0.0015,445.8288,12379.5453,0.9138,14.0450,5.9227,7.8997,0.6807,48.3978,0.2279,0.0082,11708.8022,37.9673,0.0609,3.3242,1.7329,15.8228,1450.5055,2375.8040,2.5008,3.6596,22.8734,0.4625,500.6832,6361.1900,22.9873,4441.8741,0.0056,0.0049,253.6393,1665.2435,8.2622,1369.1835,4.7679,0.3595,2153.3539,757.0869,6.9097,1998.8448,1.9631,0.0002,1.0812,3.3221,54.2361,0.0017,0.1079,733.7546,0.0367,3307.9804,157.2210,1.0505,2.0997,0.7812,3.5898,89.4133,427.4223,0.1319,1.2006,0.0101,0.0001,3.1881,0.3776,0.0008,0.8275,82.2079,22.3926,376.6624,0.0642,40.3481,16.1815,804.5295,0.3463,19.6321,28.7030,100.1429,1320.4939,9.1312,1.5395,0.6572,0.2094,75.4374,0.0278,3218.6714,2747.3010,227.7240,0.0005,177.6555,0.1189,0.0002,39892.6693,0.1365,0.0001,8279.7478,95.8142,0.3181,24965.0489,382.3535,20.2586,165300.9351,0.4730,2.4956,0.0799,0.0596,11.5896,0.0005,0.0060,2.2624,1412.0748,6466.3912,11.3869,7.9477,0.0007,1.3987,0.0000,2321.2250,210.6963,2.2200,6.5808,206.0744,0.0051,0.5551,11.2534,86.1501,0.0000,47.8601,0.2038,0.1653,0.6128,0.0141,0.6037,0.0163,0.2329,1118.2555,4.5075,2.7969,0.0191,361.3118,299.9031,57.3698,2216.1397,16164.5235,0.0222,1.9906,4.2153,0.1506,31.9173,1.1639
1656.7121,8.1862,485165195.4098,14.5444,0.5038,63.5385,287.0401,13.7410,154565.6284,67.3403,0.0407,0.0042,42.0334,0.0932,2.8981,2.9546,0.0389,0.0020,0.0120,1162.4448,0.0269,22374.8345,582.0619,331.1873,8.6329,0.1471,0.9344,0.0008,1.3892,28.6828,8.9366,40956.8947,12.1252,4.6709,0.9427,46.1112,0.4977,278.7896,613.7374,82.8701,5.7285,1321.2554,50.1574,0.1748,139.6098,0.0019,17.5352,0.1048,0.4779,0.3560,10.4789,6947.8220,443.2301,6325.8883,169.0282,8508.5902,37.7748,25.4146,1071.7187,111.1942,24.2488,9.8447,0.0027,2281.2761,71.5440,0.4695,2.3136,7.8391,686.5877,2198.1155,3519.4934,34807.1571,83676.1202,0.0363,0.1898,0.0271,681.7999,1039.3284,94.6975,204.7014,24828.4172,3.0966,6805.2434,0.0281,39.6667,0.1029,3.6072,2958.9037,0.1645,1627.6962,0.0116,535.1832,1.0944,25.7759,0.0882,0.1782,10.8445,3.9554,37.7861,2.4068,5884.5982,1752.7450,293.9995,8089.0687,0.0004,3.3386,29.9730,1.2873,5865.5471,0.0098,182.7740,86.2694,0.3934,3.5411,58.6485,189.7900,0.0026,222.5964,0.0001,2.7014,17.3448,6.1067,0.1456,0.0904,0.1966,157.9836,1384.6839,0.0276,2161.7346,0.7811,0.1347,0.0286,1898.3096,141.2306,1707.2214,75.6952,134.5360,56.2331,5.2059,0.8583,159.6379,1472.6364,122836.4549,93.7307,0.1650,1836.0165,1798.4792,3105.7100,12772.5723,17.3427,52.9353,8943.8034,0.0010,40692.2041,0.0242,52.9003,0.0002,193.7600,15687.5845,23621.4567,0.1518,4.0949,7947.3505,0.0000,776.3796,8883.9504,47.1414,0.0008,0.7035,492.3490,173.3164,0.6619,756.1545,0.0006,641.2523,150.3466,886.1003,0.0188,17090.9706,0.7925,546.3480,0.0383,24.2531,814.9438,27172.6008,1.6709,0.1039,0.9568,2.8266,126.5299,39.4618,895073.8039,0.4094,0.1895,486.9279,0.0041,0.0212,48.9962,2129.6001,0.8003,68.8133,1078.5818,0.0002,7098.5339,0.0490,102.0688,10436.0252,20.3348,0.2682,70.9194,243.5475,0.6809,0.1451,0.0090,345.6441,2857.2760,23.0006,31.2396,15.0900,43442.1350,79.0060,4.3955,5.2038,648.2170,0.0492,23.2186,1.8611,1166.8991,0.0072,0.0141,0.0238,4240377.7877,2091.3215,27.0577,197.4578,5536.0214,0.1859,0.2322,2.1122,81.9373,432.3832,19.8596,0.8367,19.0965,5.3830,121.3715,367.9241,58.3257,725.5292,124.3068,26.3630,21.9315,0.2060,140.5022,0.5761,9.6550
1.7586,0.3221,14.5444,485165195.4098,1.2300,5.6045,1.1235,11.5583,0.3245,4.4393,0.0006,0.0003,4.2208,1.3144,1.0482,7.1508,0.0087,0.0135,139.9081,1.2280,0.1054,0.8160,2428.1871,59.8127,749.3722,6.2367,0.6387,45.3292,60.8028,0.0157,77.5202,79.7909,0.4427,5126.8093,37.6196,0.1515,110.9452,33.7137,0.0040,123.3039,89938.7699,0.0381,1154.3389,0.4918,1.1179,4.9191,0.1352,0.0138,209.8032,41.5333,0.1082,0.2863,0.0578,253.4828,0.2049,0.2542,0.9934,0.2294,17.8677,0.6206,40.0680,0.7242,0.0032,5.2264,15.1446,990.6903,197.8247,62.5031,93.7094,0.5334,3.8174,4.8047,3.7583,0.6175,0.0021,0.1407,18.5390,44.1088,0.2293,0.0122,16.5240,0.3829,0.4050,3.5593,0.0552,0.0403,0.2818,3.6740,5.9913,6.3841,4.8843,1392.1452,2.3778,0.1261,15.4361,0.0711,108.4232,0.1026,1.1795,399.3422,0.0816,0.0244,1.8390,0.1975,1.0648,27.4360,0.1422,6.2458,1.6625,0.0792,26.0721,1.0378,21.7849,18.6216,115.8375,0.5164,0.0146,7.6988,8.5219,0.0300,0.1233,0.9814,0.0026,0.3697,0.3342,0.0715,3.8233,18.6925,235.6329,108.2584,3.0404,0.8610,1973.9172,228.6731,0.9642,11.2311,3513.9404,73.2423,0.8414,15.6895,104.9723,3.5081,8.6245,57.4134,0.2315,2.5206,3.4365,3.4449,1.5983,13.0856,314.2028,1149.9187,0.0318,454.4038,52.9828,78.0448,8.3496,1.8798,1.5903,7433.0950,25.6373,0.2699,0.0242,0.7651,5334.1436,45.4378,0.2591,0.0004,13.8154,0.0076,0.0202,1.3730,3.3698,0.7780,0.9369,0.1110,0.1895,8.7278,3.6406,1.5201,0.0052,0.0161,0.0113,5.9570,0.1767,0.0247,0.0205,0.2692,6180.5724,2.5203,5.7104,1.7702,5.4257,1.8802,7.4344,3.9431,52.6702,122.3097,1.4099,48.7271,2889.0029,372.4508,0.0398,0.6319,0.5399,0.0175,2.9340,0.2570,0.0402,0.8227,0.0061,0.0128,13.4147,338.8313,14.7274,0.8212,0.0006,189.7151,0.2359,0.3713,3.5762,0.0571,1.2570,5.0635,0.5043,18.1169,1630.8935,4.5058,11.7664,2.4861,11.3721,4.2199,0.4007,0.0056,89.2344,0.8320,4.4921,16.0183,2.3274,10.5914,21.1567,2209.8343,19.1663,0.0370,91.0532,0.0188,0.0149,288.0914,103.3770,0.1186,856.7950,34602.3396,18.1004,0.2803,1.2377,1221.0836
0.5821,0.0145,0.5038,1.2300,485165195.4098,0.1296,10.2252,6.6137,2.9687,0.2758,0.1096,1.3755,0.0036,0.0260,0.0396,0.0819,0.2831,0.4505,0.0710,13.1150,3.7646,3903.9431,0.4472,111.1537,69.7260,3.5039,1.6469,0.7845,0.3669,2461.2777,0.0006,4.3238,149.4790,0.0154,1.3962,385.9010,0.0230,0.0182,1.9475,0.0010,0.6446,0.3211,0.0018,5.0435,808.2224,19.7264,12.2589,0.0816,0.0216,413.4605,170.9367,3267.2011,357.3498,19.9457,0.2563,2.2375,0.7539,20.1097,2.2703,1.4341,0.0026,0.0012,5.8695,330.7222,709.5120,18.5473,76.4814,0.1376,0.0071,0.5107,0.8226,3.1122,301.8873,0.6819,5.4105,0.2036,1.2186,3.2577,0.3237,0.4897,1.3776,539.3358,1.8535,8.0117,1280.2469,2912.5591,0.0050,72.9644,762.6085,196.0883,0.5847,2.8725,252.6998,70.3824,17.8243,2.6658,36.9677,0.0707,86.6920,0.5332,0.0880,1.6716,63.7809,309.1893,2.0091,0.0239,1.7072,7315.9609,1.6769,331.1332,3.6776,0.2391,0.0328,0.0595,0.0562,34.0207,5.3300,0.0270,0.0083,12.2570,3.6443,0.5185,0.8470,105.2420,7.6317,19.2641,0.4134,0.0005,16.0858,7.5166,8.9821,730.3259,0.0770,0.0038,1.3568,0.0008,8360.2492,4600.2506,953.4019,0.9715,0.5776,0.9307,56.6669,1.6555,478.3540,0.1759,289.6426,0.8209,5.0676,30.9078,131.3612,11.2526,0.0011,5150.8367,31.1241,0.0052,0.0143,0.2738,37.0280,0.3793,0.0297,7.1628,2.7291,0.0006,0.0389,1.9138,1.5777,37.8842,114.1793,3.1186,2.2979,0.2420,0.7257,0.0966,3.9734,1.1062,784.9659,4.2713,33.6489,0.0122,0.9028,6.3570,13.1922,9.0740,0.1295,1.2127,0.7946,0.0209,5.0157,0.1433,10.7694,0.3811,0.1331,0.0013,11.4476,3.4055,0.0077,40.3046,0.0261,1.6842,606.4472,45.7483,0.0103,3420.7790,3.6207,7.2661,8.4857,0.0204,18.2649,9.1257,126.8959,340.1284,0.3968,8.3140,1015.9416,435.0029,0.0426,0.1525,8.1552,2.6490,76.8198,18021.2444,43.0072,11.7370,0.1143,616.2446,5.7837,57.6639,0.1429,21.7549,0.0122,0.1724,133.1484,0.0028,0.0064,15.8973,0.0301,14.9544,1822.5596,47.1121,31.6267,0.0422,6.2723,0.0375,0.0213,0.2711,11.7680,0.0004,1.8080,1.1383,2138.4274,30.9432,0.2010,626.6574,0.9996,43.5600
149.3489,3.0080,63.5385,5.6045,0.1296,485165195.4098,85.4539,14.1316,230.1614,2548.0011,0.4174,0.0084,244.8287,0.1371,23.4085,163.0587,0.9325,0.0182,2.3934,2.8299,0.0055,3.9825,1.1913,0.4185,16.2216,1813.7268,5.7291,0.0158,0.5300,5.0775,0.2776,11.7393,0.0481,2.7876,694.4021,0.0148,452.0811,660.3168,0.3442,0.4897,1.6130,566.5888,269.0247,425.4256,8.9617,30.8531,9.3933,0.7315,86.6443,0.3556,17.7100,4.7182,0.0076,255.1385,0.0106,0.0053,0.0011,104.0446,0.1802,0.7020,0.0076,0.3944,0.0348,0.1541,8.8106,2.9222,0.5566,0.3769,0.0256,0.0964,233.6770,71.4169,10.2624,0.0003,36.2262,56.1060,6745.6294,0.1557,14.3805,288.3368,2.0558,0.0256,5.2272,297.0551,969.8121,0.0330,2.2310,0.2254,3.4574,0.0067,0.0468,14.2855,44.5731,1.3393,0.0001,0.1328,0.8084,0.1707,51.1428,0.6263,0.5197,0.0299,0.0275,0.1151,0.0086,52.1264,0.4072,0.0612,3073.2378,0.0030,5.1622,0.0305,0.0040,20.2370,0.0015,115.2167,0.1276,0.0288,0.4121,0.3623,1.7678,0.9083,0.0002,0.3716,0.0008,19.6307,1.2191,0.6712,136.5507,44.4355,450.6744,8.2618,0.5223,18.6924,0.0337,1.0476,0.1006,145.7110,0.0301,0.2222,41.7109,206.6317,1.5759,1.3932,0.9026,176.3803,6.1150,3113.5138,56.8511,1.2488,2.3726,106.3437,0.0096,4.5028,3.4668,13.6539,0.0062,0.0409,132.9623,16.7354,7.1200,0.0003,0.6438,0.8840,182.4557,197.0398,0.6422,0.0058,0.2374,6.0298,0.1979,0.0119,63873.4425,0.2430,223.9749,47.0758,7.6563,18.8494,8.5624,5265.7468,7.9027,0.0003,0.3115,16.3411,2321.8432,0.3273,93.1635,1021.5588,144.5782,12.3007,0.4293,133.9221,0.0098,511.7466,0.3655,12.0933,1.7470,16.1889,309.3631,1.6124,4.6899,17.2307,0.0081,19.2793,36.1579,5.8417,135.5512,47.0468,0.0801,1844.7696,942.5090,0.3988,13.9945,1.1002,1.2350,36.2559,3.8838,10.9326,0.3801,8.8087,1.6350,0.0332,0.0012,47.1369,493.1652,313.0384,207.7007,543.6440,0.0553,0.0056,0.0179,44.0315,0.1042,0.0500,3.8625,0.4029,0.1261,27.8095,13.6756,0.0365,774.8847,0.3197,5.8822,0.4532,0.0099,7.4908,896.2899,12.5836,0.0079,3.4840,17.2521,4.0004,0.0037,0.0038,0.0114,0.4265
0.5264,1.4493,287.0401,1.1235,10.2252,85.4539,485165195.4098,1.4125,643.7728,1.4727,0.0989,0.0028,6.8310,0.0014,1.3150,494.6915,0.0057,0.0005,1.8728,4100.5808,2.9693,273.2369,14.1315,315.6533,4.0732,799.3305,0.2482,0.0475,2846.8751,565.6840,64.5020,45.6870,0.9883,3.6495,12.8400,56.9502,542.0097,0.4516,2.3316,4.4645,0.0069,35.9750,8.4598,120.1057,115.4661,0.4932,5.1742,2.2052,0.1707,26.7451,3.8826,15.6155,27.1317,2041.2548,19.1637,21.7891,0.0041,11.2505,92.8468,5.5831,0.0002,0.1017,0.0311,44.3082,1.8623,14.3501,20.3536,0.0072,1.1197,1.3262,440.3316,69.9579,761.1928,0.0007,709.6662,0.1765,160.9114,64.7991,79.5400,36.2510,0.3043,0.0624,0.3046,10.7555,629.7501,0.1522,0.5785,0.6924,0.0020,0.3448,0.0001,202.3017,30.2955,161.8884,0.0005,13.3681,9.7596,1.1312,798.3554,19.3994,109.0395,747.7655,44.1861,0.9171,0.0006,1.8914,0.1326,0.0305,5688.1795,0.0003,26.5605,273.1620,0.3125,895.7424,0.0247,544.8972,74.9600,8.6105,0.0461,460.3582,5.4499,0.0546,0.0002,0.1373,500.0633,17544.7790,10.5804,0.0168,14.8270,2.0525,351.5461,34.0785,7.6259,2976.6747,8.7373,0.0100,0.3298,5.3002,71.3622,0.2018,3.4443,165.3413,47.5941,0.6047,0.3759,470.7817,599.5696,189.0589,5420.3041,0.9636,1.5973,273.1914,0.0559,19.1841,0.3073,6.8251,0.0264,206.0248,53.0990,7.1999,9.0236,3.6652,29.1636,0.0089,91239.7816,17.0610,0.6714,0.0120,4.8105,27179.7762,0.5556,0.1644,231.8213,0.0001,139793.4340,189.0579,1785.0012,1.0280,52781.8018,45.2706,3.9318,0.0502,0.0058,4.9732,14700.6232,0.1278,20.7975,0.0052,93.0936,663.5018,3470.3191,185.1883,25.8289,16.2850,0.0382,1.1471,0.1929,0.2855,783.9843,0.3016,4.8254,22.9585,0.0002,96.3479,0.0419,83.4223,55.1382,1.0000,86.2924,201.7919,236.9933,2.2514,7.6557,0.1161,326.0192,22.2690,1.8768,466.3959,2308.9168,72408.9343,3329.6216,0.0072,0.0242,194.2799,1.1149,1809.2563,1.2062,69.8584,0.0000,0.1127,0.0020,1894.2012,6.0700,0.0025,55.8095,13447.6686,0.0191,54.2112,0.0170,0.0360,118.9785,56.1615,287.0866,0.0001,0.4614,89.1606,7892.0578,1188.1165,1.3602,2.0918,0.3348,0.4706,31.7992,11.9824,0.1747,0.0791
25.0157,99.8873,13.7410,11.5583,6.6137,14.1316,1.4125,485165195.4098,2748.7692,1.7198,0.0005,0.0001,1.3514,94.8016,0.0028,566.6022,0.0127,0.6604,897.4964,0.0001,0.1127,99.8295,529.7066,4.2480,9.1323,1381.5603,133.9683,17.8845,28.2820,3170.3905,1.8960,58658.0660,28.8346,2.8622,600909.0831,0.0112,2.8553,11538.1453,670.4453,144.2292,2086.9022,0.0247,2.8876,262.4887,0.0010,0.0030,4.8455,1.1653,547.4914,3.8618,188.1232,216369.4111,0.0170,165176.2163,17.2544,14.2898,0.0000,485.8973,0.3722,0.5293,1.4289,0.0231,2.0446,197.1764,935.1296,9.2049,15.0789,5.6232,3.3815,64.5255,60.4359,5192.1869,5588.7946,0.1890,86.3988,13.4859,4.9015,3376.2268,3698.2340,0.3658,0.1255,3007.9318,2.5146,0.3006,124.5307,0.0100,6.9873,1146.4618,1.8485,0.0283,46.9390,3211.7404,1.2230,448.4843,0.0842,18.3507,0.0419,0.0019,247.4375,145276.7877,3.0104,0.1313,228.2197,38.8376,13.4546,224.2739,3.0635,0.7579,86.3611,0.0034,31693.4536,0.4374,0.0003,9.9618,0.1786,0.1022,0.0001,941.7096,0.4461,0.0001,7.8710,44.7831,0.0002,3301.3535,0.1710,123.5306,20.8157,49.8584,241364.3175,6.5386,78.9594,24.1187,47.6728,2104.8956,7.0267,1.2380,4070.6592,727.2121,309.5179,8999.0792,61817.2219,464.4516,19446.9786,749.4015,106.9380,253.5213,26.2215,90.1932,80.2877,0.0018,50546.6239,1192626.1191,2.1151,867.7619,992.2024,762.4084,0.0003,9.4505,6432.5863,12879.9463,211.1792,0.0000,22.1292,2.8918,42.6399,7011.9086,10.7506,0.0000,0.0006,2.6854,110.5577,0.0063,17.8152,10.6205,867.7712,0.6912,7.4625,2.3557,21.1323,2327.9040,849.6557,5.5268,0.2207,244452.9999,23.2422,0.0008,0.2403,3.7016,79.4225,0.0871,0.1672,43.6708,0.0323,1496.1430,133.2258,20.7955,0.0218,31934.1843,10258.7539,0.3204,0.8756,12620.2394,0.0030,6597.9819,4541.6265,20.5534,4094.5554,9700.0762,1041.4633,65534.5902,16.0868,0.1087,146.4979,92.4716,0.0058,0.0466,0.0036,33774.1485,0.0270,24.9126,0.0885,23.3983,0.1429,662.8423,74487.6237,1643.5018,190.9951,2.6443,4.6293,959.1216,0.0002,60.4408,0.0019,2.5945,314.3002,0.0482,2152.7096,557.9213,27918.0534,0.2375,41.4790,3.6002,5924.5277,13.5772,0.0036,8.4330,8.0021,0.2997,35.5101,5016.9220,1.5869,446.4240,0.0036,0.0089,46.4391,34716.2295
899.4124,8.0903,154565.6284,0.3245,2.9687,230.1614,643.7728,2748.7692,485165195.4098,1154.7621,0.0303,0.4466,23.7440,1.1052,4.7707,150.1506,0.5151,0.0037,0.0600,427.6297,1.8466,181605.9937,9495.5604,284.3299,6.3141,5.1643,3.8154,0.0000,2.7046,43724.5377,7.0509,1635351.2125,1470.8438,0.0019,371.9711,8.3261,0.8325,1562.9647,151014.0945,15.5728,0.0986,1591.1323,10.5437,21.1893,12.5619,0.0022,1019.3590,132.4372,0.0376,36.3115,175.9710,169239.2909,107.4151,44764.9213,7477.0383,1413.1566,0.1171,10062.9321,581.9648,11.1133,0.0151,0.4208,0.2935,2000.8466,87.1674,0.3765,13.7818,60.1835,2856.6853,1146.6306,81136.0344,214578.3931,1197425.2740,0.0011,227.7490,77.3542,164.9202,18334.8207,42358.7214,17.0379,537.3916,607.8445,336.0604,0.0953,15556.7385,0.1916,0.0438,85792.9570,0.0012,8.0319,0.0073,29.4376,4.3367,407.3156,0.0724,145.0466,0.1543,0.0006,172.0852,49.1789,111077.0348,466.4882,52.8719,35335.8713,0.0443,2.5508,0.1382,1.9537,16068.6389,0.0000,47938.2627,21.8548,0.0000,3.7064,0.0932,1.5482,0.3506,2.3600,0.0062,3.1783,71.7532,1.6411,0.0028,0.1346,0.5621,89015.7155,102.9768,0.5141,2658.9320,0.0700,7.3118,92.6412,1816.4744,376.1725,1675.7636,1.7598,1445.4013,10.6816,15043.5282,2.9200,1246.7452,17505.4261,1501796.8802,145.5984,15.7773,292930.7838,59037.4895,940.0961,475772.8721,0.4418,4328.4892,90116.8235,0.0129,28505.4631,0.0309,98.2647,0.0000,96.1209,17760.1090,4476.3420,2.4584,0.0905,24369.2229,0.0000,702.1150,8033.0291,22.1760,0.0026,0.5303,4449.1797,231156.1432,0.0171,150.6321,0.0022,2318.8665,29349.3477,5358.0705,0.0420,38135.3131,70.2401,3018.5236,0.0450,517.5723,91558.7124,543387.6114,0.0007,61.2065,2.2662,0.0220,770.6270,9117.0548,174727.1443,0.1935,76.2267,131.7899,0.0007,0.3195,105.7816,3277.9859,0.0028,11.2244,77.4049,0.0000,1660731.1102,32.5256,72170.1056,5564.2815,1162.2568,36.4327,10847.9894,7483.3944,0.5191,0.9210,0.0045,6.0426,42.9650,412.2599,178.0942,0.2010,28654.0353,397.4522,25.8499,0.7484,36337.1649,1.8328,128.8643,0.0244,869.7236,0.0010,2.2834,0.0011,180965.4484,13.1955,39.0011,526.1203,7.1991,0.0384,18.3488,483.7758,0.1661,7439.7422,5.5617,5.5951,24.3775,0.0711,40.7812,58159.5653,10.6930,13.8222,657.0549,3.4401,7.3012,1.2121,5.6466,1.0621,34.8445
298.8853,0.8566,67.3403,4.4393,0.2758,2548.0011,1.4727,1.7198,1154.7621,485165195.4098,0.0261,38.7913,3204.2467,0.0187,2.5557,86.0778,122.2484,0.2491,0.3071,42.9825,0.3064,0.3330,4.1055,0.0365,3.7216,293.9238,46.6263,0.0049,4.1148,57.6991,0.0138,6023.8905,4554.7304,0.2836,128.3012,0.0056,1.6560,2.5935,21.9457,18.0314,0.0471,3918.3066,45.4984,993.2868,104.0229,52.5279,1374.6723,10044.4771,1.9456,713.8844,344.5545,15.7097,0.0148,1012.9490,1.7375,5.9508,0.0872,1679.0865,83.6419,0.0145,0.0550,1.9272,0.0769,0.2187,0.0132,64.0597,0.0839,65.0686,0.1840,2.8903,34321.5184,859.7869,6317.9632,0.0199,111.5819,932.6706,8.5894,10.5837,29213.9518,0.3816,6.4220,7.1302,347.7880,3.5841,3703.0124,0.0084,0.0003,1.0492,0.0279,0.0082,22.9729,0.3397,3.9497,15.8002,0.0148,0.8222,60.5855,0.0076,6.6749,0.4536,86.3822,0.0141,0.0015,3.2153,1.1405,3098.3246,0.0009,7.7167,2465.8384,0.0006,0.3662,6.3461,0.0000,3.7435,0.0084,6.2941,42.4623,0.0666,0.8454,57.0820,0.2907,2.1462,0.0002,0.1309,0.7429,4.5750,23.2787,54.0617,62.2294,0.0029,20.9546,4.3298,17.5716,18.9834,0.0111,0.3208,5.0120,1.3302,76.9532,0.4747,0.2573,2.1659,4.5678,812.4945,10.3675,162.7976,69.8702,121.3299,273.7446,0.3477,249.2100,76.4615,0.0093,0.8605,3.4960,0.1045,0.0129,0.0039,0.2068,33.9345,0.4312,0.0081,0.6724,0.2054,38.7435,10.5026,0.0022,0.1520,0.2234,0.0589,6222.5836,0.0000,1497.3992,0.0008,66.1415,2019.8857,122.5262,0.1200,0.6215,212.4803,1.6313,0.0000,66.1836,196.9454,253.2819,0.1135,1.0363,1.0889,0.0375,6.1721,75.4725,149.4966,4.3756,3835.4832,0.2568,0.0257,7767.9586,0.8173,0.3254,0.0064,0.0753,0.8611,0.0034,1065.0613,0.8687,473.9429,6.1941,4.4860,0.3149,462.7728,8.7005,0.0102,1637.2589,0.0017,1.0079,1.0036,5.4320,0.1949,0.0116,191.5157,0.1156,3.1212,0.0029,355.3936,12.6678,1.7945,0.0314,38.6027,0.5162,0.0223,0.6343,8.3647,0.0138,0.9962,31.4923,0.0069,0.0005,71.8238,8.8506,0.3383,9.6668,4.9268,17.7952,6.2638,0.7898,0.0041,170.1767,28.9857,0.8977,19.5152,17.4122,0.4915,2.3669,0.0001,0.0001,0.4167
2.1942,633.9479,0.0407,0.0006,0.1096,0.4174,0.0989,0.0005,0.0303,0.0261,485165195.4098,710.7984,0.0208,6.7202,1.9455,1.1622,4.2581,43.2886,0.1122,32.9167,585.8159,0.0822,0.0004,0.0003,0.0011,0.0062,0.0085,0.1949,0.0009,0.0706,0.3081,0.0002,0.3163,0.0041,0.1646,4.6220,0.0268,0.2204,0.7978,0.0093,0.0008,6.1685,0.2767,0.0908,44.9414,31.4697,27.1998,28.8340,0.0039,0.0491,0.5246,0.0247,56.5781,0.0000,0.7942,0.1742,8.3102,0.5131,1.2109,3417.1916,2.1504,8.8012,15264.3507,0.0406,0.0146,0.0000,0.0337,0.0277,0.0930,0.0065,0.0057,0.0007,0.0009,0.8576,1.1749,77.6489,5.2631,0.0003,0.0093,1746.7699,60.0072,0.0439,0.0007,1.2410,10.2682,22.5506,8.3689,0.0021,0.6133,0.0512,6.9124,0.0022,0.8601,0.0015,0.2292,4.8212,7.1527,0.4192,19.4451,0.0006,1.2302,250.3700,4.3087,0.4020,1.8533,0.0253,0.1410,2.8337,0.0301,32.3224,0.0989,11.8874,4.3116,0.0057,0.2117,12.6497,4427.7163,0.0003,0.0722,4.2882,2040.0919,156.6344,2272.9047,0.1014,0.7696,0.0666,0.0136,0.1207,0.0001,4.5719,0.0577,1.8586,0.2411,0.0162,1.9872,5057.9945,0.0003,0.0096,1.0556,0.0166,0.0027,0.2217,0.0032,0.0001,25.9884,0.9854,10.1510,6.4465,0.0462,4.6178,0.0006,0.0000,6.4587,0.0003,0.0146,0.3228,5.3271,1.9371,1.5550,0.0001,0.0007,782.2458,6.8947,1.1914,0.0470,0.0003,0.3960,5185.4840,9.1669,0.2703,0.0788,0.5005,0.0194,30.6778,0.0132,59.2151,0.0961,128.0694,0.0242,3.2839,0.4258,30.8811,83.4073,0.0003,0.2331,2768.9143,353.5308,21.4915,0.0004,11.2875,0.3059,0.7682,954.9155,0.0642,0.0005,4.6529,0.5154,0.0002,0.1276,0.7290,0.0070,0.5452,5179.9254,0.0592,365.1632,1.9238,0.0562,148.0747,0.0186,0.0001,1.7777,86.5704,0.0164,0.0081,0.8308,172.2218,14067.1138,0.0181,16.4258,0.0273,0.0708,1.7871,0.0384,0.3352,0.0450,0.0932,0.0693,73.1048,0.0509,0.0206,268.4427,0.1559,0.0758,22.6989,0.0005,0.4228,0.1067,0.0013,0.0565,12.0465,0.9830,0.4763,0.0002,84.1108,1.1371,32.5380,7.3400,0.0189,0.0481,6.0550,0.2437,0.0034,1.1859,6.0059,16.6218,0.0062
0.0073,0.0151,0.0042,0.0003,1.3755,0.0084,0.0028,0.0001,0.4466,38.7913,710.7984,485165195.4098,0.0666,0.2052,3.1139,0.0802,182.8630,248.6450,0.0243,99.1793,11062.8596,0.0261,0.0970,0.0337,0.0020,0.0046,0.1221,0.0029,0.0256,0.1847,0.0060,0.0018,126.1373,0.0000,0.0017,1.9445,0.0009,0.0054,11.7173,0.0018,0.0000,122.0048,0.2147,0.4775,22.6823,28.6489,1369.6321,6907.3680,0.0090,455.0489,10.3751,0.0186,185.0663,0.0006,4.8453,0.1893,982.0841,20.5493,0.5116,0.7298,0.0126,26.7222,413.0258,0.0025,0.0001,0.0093,0.4948,40.4279,0.0358,0.0061,2.6260,0.0032,0.0232,10.0208,27.1168,100.8226,0.0003,0.0025,0.0147,0.0428,0.1712,11.1831,0.2180,14.8459,1.4856,686.5198,0.0012,0.1200,0.0314,0.3918,6.1192,0.0001,39.6984,0.1293,21.8168,21.0349,0.0219,0.2144,0.0097,0.0000,102.4938,1.6765,0.0006,0.6656,1967.6789,0.0269,0.0067,943.7652,0.0991,34.7227,0.0319,1.2148,0.0424,0.0019,0.0433,0.0044,68661.8493,0.0000,4.2233,2004.9373,5.5152,0.0628,564.0985,0.5484,11.8808,0.2038,0.0416,1.5045,0.0000,0.0080,0.0017,10.2627,0.3599,0.0001,2.5991,0.3072,0.1205,0.0010,3.4689,0.0209,0.0004,0.0087,0.0025,0.0024,1.9311,1.2613,12.6341,0.0021,0.0675,3.2003,0.1914,0.0000,34.6518,0.0017,0.0012,0.0008,27.6039,0.0929,0.0018,0.0000,0.0054,2470.5929,8.6608,2.7630,0.0005,0.0003,0.1206,1950611.1632,340.0825,0.1988,1354.4440,2.0218,0.0262,3.1718,0.0002,243.7073,5.8188,0.4613,0.0120,0.0130,0.1017,26.6766,10885.6767,0.0006,0.1660,0.9388,34.1253,1.5743,0.0000,16.6875,74.6894,0.0956,8.8631,0.1688,0.0073,0.0085,121.7484,0.0004,0.0000,0.0331,0.0115,0.0005,3.5855,0.2451,5.3790,20.4996,0.0006,0.0127,6.9572,0.0242,0.5053,165.1320,1.8557,0.0065,0.0482,0.0325,4148.5585,0.0000,0.0015,0.0022,19.0976,14.1451,1.9273,0.3809,0.0289,0.0051,0.0001,0.0103,1.4834,0.6892,1560.1730,0.0008,3.5428,1.5697,0.0199,0.0067,0.0008,0.0764,0.4454,5.7308,0.1977,0.0244,0.0017,165.2346,11.8147,2.1687,6.1148,0.0402,0.0102,0.0133,0.0618,0.0019,163.1986,0.9863,0.0021,0.0019
18.7404,0.9568,42.0334,4.2208,0.0036,244.8287,6.8310,1.3514,23.7440,3204.2467,0.0208,0.0666,485165195.4098,0.6412,2134.3551,1565.6447,0.1236,0.1227,0.4512,0.6800,0.0053,2.0685,8.7530,0.0180,0.7113,479.8883,10.8599,1.0045,822.1492,1.4523,0.4317,393.2354,0.2752,36.2288,4.4243,0.0555,1938.3655,7.5797,51.3893,1545.9975,1.3464,600.4832,179.0595,38.8090,2.3972,1.2098,0.0187,3.3348,0.6554,0.2666,9.2172,4.1673,0.0006,175.5512,1.4125,1.4832,1.1623,0.6104,7.9646,0.0248,1.8627,0.0440,0.0062,0.8513,11.4073,16.4101,0.3168,47.4982,47.6693,1.5751,240.9199,1870.3756,126.8012,0.0442,377.9601,30.0550,551.7124,482.6558,1779.8125,3.4306,0.1920,0.0027,47.3286,1.7646,2.5791,0.0253,0.3247,16.8924,0.1039,0.0389,0.4643,92.7861,0.0845,305.5934,0.0018,0.0153,0.5512,0.0203,0.0071,55.2299,100.9859,0.0800,0.0003,119.4108,0.0603,2751.9061,0.0997,0.0121,1.9958,0.0001,0.0166,1.0970,0.0440,267.3834,0.8422,0.8214,0.0097,61.2495,11.4440,0.6546,0.0004,0.0039,0.0003,0.7655,0.1543,0.1802,12.1762,565.9523,2091.7469,0.0085,20.2059,0.0137,132.9093,1787.9556,0.0007,14.9434,0.1329,0.1032,0.2017,26.3200,811.1854,391.4920,157.1534,16298.5929,0.0470,41.5681,1.8356,7.2383,369.3125,0.0365,1.9713,25.2495,0.5592,1.1244,0.6380,25.8340,0.3358,0.0333,0.1502,1160.0520,4.9615,0.0005,1.1399,5.5746,2.0375,451.1581,1.3000,0.0015,4.5002,0.0274,26.2202,0.0369,17136.5126,0.8625,7.0994,2.4260,4.7751,0.1394,26.3456,12.8066,0.0717,0.0000,0.4004,123.4691,189.2044,0.2137,0.0014,2.3203,0.0169,8.4276,6.1561,6.1168,0.0096,1073.0779,413.5678,0.0245,1.8459,0.3929,1082.2518,0.0007,0.0303,2.9508,0.0060,1.6839,0.0026,141.0523,12.6271,1.4069,7.3565,50.6512,5.4209,0.0001,9.3883,0.0375,0.0236,0.0666,1.8995,0.2190,0.0231,94.4475,2.2408,0.2122,0.0217,67.7239,2.1832,9.8727,52.2663,0.9427,23.8105,2.8615,1.0081,199.5235,1.0882,1967.1661,588.4427,0.1659,0.8024,18.5937,0.4421,0.0049,0.4366,8.5258,1.0198,0.0275,13.6746,0.0001,5.9179,74.1331,208.3348,0.2781,32.4018,29.0588,12.7735,0.0158,0.0114,2.1377
165.6258,173.6628,0.0932,1.3144,0.0260,0.1371,0.0014,94.8016,1.1052,0.0187,6.7202,0.2052,0.6412,485165195.4098,46.8102,4.3113,1.3960,12.1947,24.3501,0.0041,0.1951,0.6755,5.5123,0.0041,2.0907,0.1542,9.7603,352.9565,0.1138,0.2832,56.5197,2.2041,0.0383,29.9315,7.2039,0.0127,10.0274,1978.1220,7.4846,6.3429,31.6926,0.0076,1.7419,0.1565,0.0002,1.1090,0.1801,0.0311,0.4475,0.0175,0.0646,18.7679,0.0180,0.0305,1.9783,152.2731,0.0698,1.8074,4.9031,0.0685,735.4920,3.0382,40.5267,0.2871,19.4638,0.1949,1.2352,32.1318,611.3096,1.1587,0.0109,0.0092,0.3258,8.3893,0.2714,26.8896,1.9892,9.7001,3.1485,2.6031,0.5593,1.7183,0.1258,0.3891,0.0089,0.0367,648.0830,1.4947,1.1067,0.0703,779.0668,34.1695,0.2964,9.3215,8.9564,25.0930,0.4467,0.0618,10.3884,11.3635,2.2732,4.5028,11.0116,2.0703,207.6660,1.4312,30.8783,0.0462,0.0041,0.2311,187.6043,1.4230,3.7410,7.1771,1886.7014,0.4699,0.0004,2.3704,251.8559,0.0002,0.5362,0.9299,5.1841,1252.2214,0.0005,0.1350,0.0854,71.9604,29.6256,173.7198,3.5250,1.0703,8.6807,0.7938,28.5249,1831.8047,0.1036,0.2679,5.6080,48.7451,95.5836,14.6744,1.8636,11.6929,1.5021,106.3492,0.0554,0.5651,0.1920,0.9565,0.0103,14.0119,1169.1756,1.8257,299.4223,196.9370,2.8106,7.7639,1.0342,201.2412,98.6057,0.0375,1.4843,761.5516,0.0309,2.2514,490.9264,0.0276,0.2440,0.2031,1.8785,1.4141,0.0080,4940.3745,0.3173,0.3022,0.2059,0.1043,0.6150,68.4983,12.3597,5.1909,46.4794,39.9807,0.1045,19.5097,0.0269,121.0399,1.5025,0.7055,0.0065,0.0683,0.0956,22.1917,29.1330,261.5320,16.2661,16.1452,147.8442,5.5258,0.6053,209.6979,8.9667,0.0938,224.8731,0.6727,0.1872,6.6219,1.4188,4.6053,4.6477,0.0050,0.5134,2.9594,0.4124,0.5029,10.2780,2.4429,3.5778,0.0329,1.3443,17.2187,4.3191,2.4181,5.7880,2.5649,22.0175,2.5749,1354.4644,153.3992,329.7610,0.1949,0.0720,45.7498,0.0309,0.0828,201.3889,3.5246,5.8422,12.8041,0.0293,0.0520,0.1628,3.4644,2.7550,1.8026,0.7130,1.4342,33.7227,5.3618,4.6267,3.0727,60.7317,0.0860,12289.1040,30.5564
240.1414,0.0069,2.8981,1.0482,0.0396,23.4085,1.3150,0.0028,4.7707,2.5557,1.9455,3.1139,2134.3551,46.8102,485165195.4098,0.1879,31.2153,0.0565,0.0065,23.1200,0.0104,78.0873,1.0754,0.5961,595.9044,0.0461,0.0288,0.7757,0.0842,0.0376,16.3103,0.9296,0.0237,0.9307,0.0034,4.3331,423.8575,142.9421,1.9174,0.2358,0.6211,59.0426,2.9418,0.0428,1.6969,149.4151,0.0030,0.0034,0.0009,0.0894,0.0155,0.0637,0.5824,0.0446,1.0357,0.9314,127.9583,0.0066,5.6662,0.1329,9.4087,0.3969,0.0288,0.4593,164.3514,18.1948,0.7290,3.0867,499.5548,1.9421,0.4623,5.1988,0.2891,0.0882,0.7882,0.1316,266.6513,0.9210,1.8319,7.6340,101.0967,0.0019,1.5641,4.2317,0.0046,0.0545,4.3007,23.7669,0.1215,12.1621,0.0537,1.1332,0.0387,0.3438,0.1487,0.0038,3.0270,2.8372,0.0014,0.0526,1266.1351,0.2442,0.0007,47.7015,0.0027,0.0084,53.6185,0.0032,0.3194,0.0471,0.0157,0.0025,3.5094,230.5182,24.6415,96.0687,0.0157,0.0274,7.9712,6.3690,0.0255,0.0237,2.9030,0.0101,0.0185,1.9976,0.6039,0.1557,14.4548,1.8444,3.8750,0.4095,0.2812,0.3558,0.1014,18.7483,0.0041,0.3411,0.0505,0.0046,2.5614,1.6889,0.4103,10.0864,0.0107,40.4061,0.2294,0.9976,366.1559,2446.6758,0.0013,0.4381,0.1118,4.0237,0.2002,1.1054,0.5439,0.0040,0.1607,134.1512,12.0553,1.2189,0.5650,0.1657,0.0374,0.2760,36.0197,0.1618,396.4495,0.6856,0.1288,27.3448,36.9674,0.5561,0.5292,18.8319,0.8932,0.1693,70.9489,0.9587,2.2302,0.0001,3.3832,0.3372,4.9597,3.7036,0.0566,10307.1319,0.0257,5.3177,8.5140,0.3950,0.0004,0.5078,107.6260,0.0111,8.8758,11.4702,6.7524,0.6850,637.8001,0.2262,0.0235,0.4530,0.0010,0.4497,2.3458,0.0038,0.0046,0.0373,698.6189,0.1421,0.0037,0.0174,9.2641,100.0297,21.4715,0.0297,7.1186,3.7623,827.8351,0.0519,379.8688,0.3388,0.0169,0.3753,1.3227,17.0050,5.3204,0.1608,4.3154,38.6796,697.5732,54.2028,0.7750,1.1284,0.7867,3.9739,0.1777,0.5139,9.9425,0.0176,0.0098,0.0049,581.6189,0.0159,4.5412,0.9664,2.8430,0.0032,157.0093,0.1625,628.6640,5.4191,1.5206,0.0167
6.8761,7170.0756,2.9546,7.1508,0.0819,163.0587,494.6915,566.6022,150.1506,86.0778,1.1622,0.0802,1565.6447,4.3113,0.1879,485165195.4098,0.0001,0.2481,12673.6833,1.1682,33.1265,0.3145,13.6119,0.0003,0.0017,68392.1291,0.9366,1.1408,5569.1348,362.0793,24.0014,36.6483,1.8599,7.4526,20089.5042,0.0050,2934.6273,794.6719,87.6023,173.2775,0.0430,5.6834,31350.9860,49061.3430,0.3496,1.3170,170.1209,388.4995,0.7390,164.6224,1350.9498,156.4155,0.0016,1255.3197,3.0122,0.5652,0.0000,2434.9977,6.1073,18.1527,0.0019,0.0391,50.5955,0.0149,0.4405,0.4875,1.3984,34.5943,0.4607,0.0023,3709.0104,30.4563,341.7857,0.0004,240941.5324,6273.7839,145.2820,224.4441,79.8773,45.5443,0.0025,0.0676,0.0010,820.6095,2105.0162,0.1854,1.2094,0.2374,0.0116,0.0001,2.5308,57757.0797,506.8957,159.0469,0.0000,93.0674,0.4455,0.0001,786.0971,4067.9475,7.8361,36.1778,0.8286,0.6713,11.9811,50476.9872,0.0003,0.8405,927.3483,0.0000,905.7151,250.3487,0.0029,87.9391,0.0388,0.2717,2.2360,0.1579,0.4689,1.7130,93.1601,0.2038,0.0000,247.3460,1.4520,88.2092,1.3910,77.8863,111.5624,67.5925,5.5766,15.3450,37130.3869,329824.9496,0.0797,150.9551,0.4514,0.5763,369.8682,1549.5904,6672.0468,43199.0735,207.5352,3.3676,3.3836,36547.1199,15506.4361,255.4358,40.4673,0.0001,167.2700,361.6286,2.4239,0.5462,1.4112,2383.4640,0.0536,28.1502,116.1424,89.1549,1.1819,0.0017,33.6550,341.0818,3356.3726,94.1561,0.0775,0.0005,0.0738,0.4114,42.7630,0.0000,816.8834,27.3836,43.3309,603.4354,205.5388,31.5329,2217.7111,1865.2400,0.1658,0.1569,0.6851,30.2979,799.5763,0.0074,0.2563,0.0639,0.5551,71814.6757,2.4833,779.2167,122.7287,23982.0560,0.0069,481.7149,17.0855,0.1225,2336.8713,0.0178,0.0054,21500.9690,0.0017,3.4022,10970.5217,1091.5591,16.9426,318.4539,586.6770,4228.8741,2.9595,0.0124,38338.5663,0.1891,0.0023,0.1644,4.7074,628.3404,0.3488,300.2899,33.3215,0.1473,0.0000,20533.5503,1626.3488,1191.9377,539.8069,49.9073,0.4457,1.5345,1.2479,173.8354,0.0001,0.4127,4.3498,2.2904,0.2282,910.8413,1.3612,0.0285,10.3279,827.5208,5.0929,0.0504,0.3951,12.6773,21001.7173,883.9864,376.5004,300.0042,8.5479,3.8225,273.0763,0.0010,0.0047,104.8808
1.8659,0.0008,0.0389,0.0087,0.2831,0.9325,0.0057,0.0127,0.5151,122.2484,4.2581,182.8630,0.1236,1.3960,31.2153,0.0001,485165195.4098,3.4788,0.0384,3.8084,18.2555,0.1008,2.5916,41.8358,35.8757,0.0490,0.3522,0.0041,0.0105,1.9851,0.0628,9.5171,426.7047,0.0240,0.0164,0.8586,0.0152,0.0080,0.6170,0.0042,0.2026,2.9514,0.0124,0.0052,0.1838,0.8424,4.0787,128.8504,0.5785,2.0575,0.9606,0.0193,0.6763,0.0519,0.0094,0.2700,11.1249,1.0347,0.0529,0.0029,26.5533,165.0149,0.0021,0.2263,0.0762,0.7140,0.1740,10.4751,2.7856,10.3457,0.2742,0.6035,0.8517,2.3254,0.0424,0.0356,0.0056,1.6420,21.4934,0.0033,1.0471,64.4670,619.3274,0.0687,1.9316,0.2827,0.0153,0.3068,0.9199,2.2421,0.2717,0.0001,0.3538,0.8602,59.0126,9.5393,0.2092,13.1700,0.0172,0.0117,0.2111,0.0018,0.0399,0.0730,3.9763,0.0434,1.8701,0.1946,0.0498,13.3207,0.2097,0.1066,0.0710,0.0959,0.0610,0.2772,15.8041,0.0241,584.0243,7.2657,0.4234,7.2617,367.3837,0.0028,0.4480,0.4882,0.0147,0.2218,0.1195,0.0013,1.4682,3.6703,0.0030,0.0013,0.9771,0.0074,0.7025,0.0933,0.3804,0.0008,0.0014,0.0001,0.0118,0.0952,0.5364,0.0360,0.0782,0.0334,0.4215,49.3400,0.1072,0.0863,1.6650,0.0758,45.7828,0.0053,3.3599,0.0132,0.0072,0.0322,1.4870,11.6060,0.0846,0.2551,0.0169,0.1296,10.5878,507.4153,2.7434,3.7869,174.1206,2.6338,0.0739,0.0451,0.5901,1.9877,3.5206,0.0445,0.0002,5.0806,76.2079,0.0585,2.5097,0.6026,0.0198,3.0151,63.8950,14.0065,0.1051,0.0302,14.5480,0.0024,1.6258,3.8023,1.9330,0.0090,2842.5994,28.8332,0.0027,0.0397,3.2752,0.0000,20.5712,1.5243,0.0177,0.9675,0.0036,0.0104,0.0702,0.5313,3.4781,0.1294,0.8941,1.4074,19.1296,0.2096,0.1358,0.0026,0.5031,0.2300,0.0386,0.1771,56.4098,0.0324,0.0467,0.0016,0.0003,0.0983,3.8754,0.0471,1.0242,0.0022,2.9558,1.2422,0.7333,0.0184,0.0163,13.5507,0.0604,1.0410,0.1207,0.0082,0.0983,14.6141,1.8435,0.0164,0.1395,3.3192,0.0001,0.1615,0.0381,0.0012,0.6228,0.0638,4.6225,0.0096
0.0566,53.6388,0.0020,0.0135,0.4505,0.0182,0.0005,0.6604,0.0037,0.2491,43.2886,248.6450,0.1227,12.1947,0.0565,0.2481,3.4788,485165195.4098,165.7493,0.2597,25.5849,0.0016,0.0952,0.0115,0.0019,1.3764,3751.5266,1412.1337,2.3817,0.4814,0.0188,0.0018,0.4002,0.0020,0.0178,0.0296,0.0157,0.1117,0.8474,5.3470,1.4949,0.0028,0.5739,0.2799,0.0040,1.0534,13.6220,229.8817,614.3117,6.8511,17.3595,0.0212,0.0268,0.0259,0.0385,0.0052,0.9135,8.2542,0.0003,18.2487,2.8933,0.2409,14.2115,1.1091,0.0276,0.3587,43.0267,1.4034,0.0031,0.0301,0.2632,0.0029,0.0131,4254.1189,22.0000,118.2620,0.0561,0.0226,0.0037,0.0039,0.0041,94.3232,4.4574,187.4820,0.0397,29.5860,5.6592,0.0705,662.0861,0.1568,1485.5479,0.0996,11.8301,5.9329,1.9140,5.6459,0.0036,2.1038,0.1180,0.2628,0.0634,0.3482,0.5829,0.0147,176734.8608,32.3264,48.6164,249.9502,0.0214,355.1755,0.0848,0.7838,41.8882,0.0001,5.1867,0.0117,0.6733,5.0452,752.9522,0.0040,2.4228,13.4802,248.8980,84.6843,0.3943,0.0118,15.1833,360.9495,0.0014,0.0508,0.0449,0.9480,0.1963,0.0497,3.5961,0.6818,0.3753,0.1980,0.2273,26367.1807,0.3555,0.0642,0.0366,0.0035,0.6167,0.0098,0.0902,0.0058,0.0004,0.0506,1.0872,0.0020,264.3326,0.0139,0.2492,2.8056,393.1711,1.5912,0.0337,0.0004,0.0133,84.2057,40.4511,5316.7484,0.0012,0.2312,21.4624,1394.2210,0.3440,0.0332,3.0463,12.7359,0.0733,6176.1804,0.0005,0.9457,0.0588,5.8578,0.0117,6.6122,12.2807,5199.9700,18.6334,0.0536,0.0027,6.6206,0.0199,2.2948,0.0010,0.2650,0.1573,0.4971,1.4043,2.0550,1.7147,4.9258,0.0733,0.0613,0.0394,9.1675,0.0001,0.1971,10147.0400,0.0022,62.4578,0.3795,0.6901,13.0437,2.3154,0.2612,0.0018,0.1333,75.6701,2.4448,0.0001,0.0159,10.3299,0.0344,0.0042,0.0040,0.0015,5.8835,0.0778,0.1929,32.0832,0.0189,11.5752,0.0002,775.2913,119.0774,10.0557,0.0001,0.0023,3.0895,4.3793,0.0022,77.1177,3.2936,2.3028,15.2500,0.0020,6.9131,2.5322,992.2064,0.0250,0.2684,0.0020,0.1556,19.2339,5.5554,0.0656,9.6134,0.1331,0.8606,0.1075,0.0018
0.0465,44.6094,0.0120,139.9081,0.0710,2.3934,1.8728,897.4964,0.0600,0.3071,0.1122,0.0243,0.4512,24.3501,0.0065,12673.6833,0.0384,165.7493,485165195.4098,0.0230,584.3978,0.0002,747.4277,0.0916,0.0188,43032.9333,9.0994,190.6532,32326.9195,26.0483,323.9678,0.3731,0.2826,4.6475,2647.0655,0.0000,253.8101,5.9172,0.2887,9.2570,9.7764,0.0008,12186.8156,91.9056,0.0000,0.5340,53.0185,37.6090,1241.0858,1309.2555,11.3674,0.1480,0.0001,1251.3535,0.0042,0.0007,0.0000,383.3060,0.0179,0.0760,1.9407,0.0958,0.1456,0.5370,0.3660,1.6322,306.6258,271.6387,0.0718,0.0007,68.7027,0.0283,0.4332,0.1718,413.8221,2.2411,0.1152,32.8117,0.2867,0.0008,0.0000,35.5733,0.0019,643.0063,6.2048,0.4830,0.0853,0.0036,0.5230,0.0004,59.7269,2435.8288,1205.2132,67.1550,0.0290,1106.7724,0.0037,0.0115,19.8052,76974.6009,0.0032,0.0051,4.7314,0.0001,9569.4828,1420.5083,0.0259,6.7004,3.1638,0.0054,8308.8970,166.2595,0.5778,4.2458,0.1442,0.0003,0.3537,3.1939,3754.8956,0.0116,2.7506,0.1223,0.0004,190.6045,0.2133,3.1752,0.0044,94.6100,2.9746,367.8088,0.0685,14.4374,186.0945,2668.9429,0.7902,0.4261,4.4727,1.1741,2.0979,8606.4491,2509.9225,30.5039,0.5204,0.0036,1.1077,4.7199,15.6470,0.0048,0.0126,0.0003,85.3263,105.9900,631.3485,0.2737,1370.9050,65833.4359,18.6896,737.6941,1.0158,2.7616,2.9871,0.0637,3.5398,285429.3837,230.4408,251.4226,3.3129,0.0087,0.0706,0.0471,5.0373,0.0015,2.3430,4557.5152,0.4174,3.8660,10.0624,15.1204,0.4914,10061.4113,0.3436,14.2587,0.0172,0.8400,0.1460,0.0006,2.4666,0.7721,86.9911,971.3869,0.3727,0.3621,1043.9032,136995.4811,0.0685,11440.1373,79.2186,26.2625,14.3466,1.4906,0.0059,38.9764,1.6318,0.0043,6013.5159,0.1592,0.0132,63.8749,21.7005,5433.1348,0.0054,0.0002,66908.9162,1608.1176,0.0023,0.0013,0.0004,134.7018,0.2480,2.0510,1.6965,0.0003,0.0009,91.1190,193.9082,2.2342,11379.5809,0.0027,165.6736,6.2062,11.4985,0.0048,0.0000,0.0065,2.1518,0.0563,39.4051,25365.3033,0.0324,0.8777,0.0662,5852.7246,1669.1123,0.2547,0.2690,10.3532,3.7615,13665.0862,1.5332,83.3413,0.0373,35.6998,69.2143,0.0001,0.0757,1.7074
2.0243,8.2779,1162.4448,1.2280,13.1150,2.8299,4100.5808,0.0001,427.6297,42.9825,32.9167,99.1793,0.6800,0.0041,23.1200,1.1682,3.8084,0.2597,0.0230,485165195.4098,126.9205,155.4845,58.5088,217.9229,1.8273,1.1629,0.4110,0.0030,4.1087,33.6757,35.0608,4.5678,31.5422,0.0022,0.0113,95.3600,5.8401,0.0026,1.0887,2.6365,0.0001,46.8177,59.0633,0.5873,5621.1206,0.6230,1049.9179,47.2817,0.0007,327.1762,1.2899,0.1970,1227.7051,1.2890,51.2648,21.5269,58.2412,18.4387,1505.5132,296.0223,0.0187,7.6627,0.2807,265.4098,0.0720,1.8966,8.9478,2.6566,87.9052,8.2434,806.8491,0.5149,220.0951,0.0051,11.8077,17.1777,236.8202,1.6447,0.7766,3.7104,387.1954,0.3086,7.8495,6.0896,238.8793,2.5304,0.0069,2.0415,0.0012,14.5818,0.0108,0.3013,272.0121,7.3896,0.0445,542.5554,87.6154,1.1798,70.4963,0.1416,1379.1295,2997.8959,38.6655,7.4213,0.0261,0.0335,0.0481,10.7091,518.8858,0.0250,44.6685,3602.2832,1.7141,0.3801,3.1782,126.3175,4088.3297,0.0219,0.0831,5562.8860,731.2298,0.0523,2.2680,0.0004,13.3722,1994.4652,126.4345,0.0387,0.0133,0.0790,1.1745,141.7475,139.1247,1.2709,524.5563,0.1420,0.7110,0.0565,636.6352,0.0678,0.0048,3.6116,3.8907,0.0177,6.5877,1043.5553,5349.5719,4.5503,902.2436,53.4119,0.1603,0.0687,0.0091,3.6920,0.0002,1.3185,0.0942,242.1451,6.8733,0.0808,0.0102,75049.9713,598.7806,0.0004,699.2734,0.0759,13.9934,205.6460,202.6145,2578.7158,26.1996,0.2159,0.9912,0.0016,13.7597,87844.7749,1400.5619,0.5213,1853.2966,1.1294,0.2316,0.1634,473.6153,0.4409,4354.4210,2.1169,38.5237,0.1056,0.0078,7678.9579,96667.8141,1721.7027,668.3243,0.0708,0.0433,0.0008,1.9360,0.0006,0.8679,0.0394,16.2554,0.9371,0.0335,70.9061,0.0897,415.3814,2.2191,0.0421,0.0547,0.7365,45.7715,1.3096,0.0864,0.0002,2462.1396,1445.2589,4007.7243,0.4859,55.6007,1672.0354,236.4531,1.4401,0.1550,420.4991,0.0004,0.9693,0.0059,95.2551,0.0000,0.0185,10.0592,231.3684,65.3599,0.0211,0.9136,97.9375,0.0000,1.6864,0.0155,0.8541,70.4961,470.6632,0.0449,0.0486,13.4540,9.5525,1021.9717,985.5832,17.8971,1.3998,3.7524,0.1249,1608.2761,706.9717,0.1243,0.0002
