485165195.4098,7132376.5776,2036837.8570,0.0000,1049.2541,0.0000,0.0000,10.8365,0.0000,29015566.6026,0.0000,0.6836,1.1472,0.0000,0.0000,0.0001,6788.4500,0.0877,0.0000,0.0008,21766.9185,0.0000,0.0000,649093.2823,2921659.9148,1791898.0126,0.7378,19.4562,0.0000,25644966.1099,50586220.0070,179677.5869,0.0082,0.1154,0.4871,1722876.8075,1206.9249,0.0000,0.0000,55789716.2774,198684.5458,11854657.5993,0.1905,50672386.4066,21972438.5386,0.0339,0.0000,0.0000,0.0000,2.6518,8451925.9741,0.0000,0.0000,19166273.8984,0.0000,18681982.3974,58763332.5601,360.6044,478.8726,4277186.4447,58.1989,13.3186,0.0000,0.0000
7132376.5776,485165195.4098,64653881.5825,0.0000,8942116.4887,0.0000,0.0000,0.0085,0.0032,146942678.3236,0.0000,0.2385,91639.5720,0.0000,0.0000,0.0001,5845.8634,11838.8587,0.0001,0.0000,934721.3446,0.0000,0.0000,20.1699,147166674.0278,142581.9326,0.0000,597.5600,0.0000,1096948.4780,341637.2495,81758974.6837,0.0000,0.0010,0.0000,2409965.7532,54.1628,0.0000,0.0000,3201251.8280,17036806.4533,5026320.6128,2.1874,3619496.5421,54463652.3199,0.4377,0.0000,0.0000,2.0690,23569.6476,25615.5925,0.0000,0.0207,43466.8116,0.0000,92267981.4438,7035730.8607,916818.2804,0.6476,258300879.1462,0.0742,9166.7080,0.0000,0.0000
2036837.8570,64653881.5825,485165195.4098,0.0000,3853242.4656,0.0000,0.0000,0.0012,0.0021,240212956.6702,0.0000,0.0245,6100.4317,0.0000,0.0000,0.0007,1263741.7238,2118.8356,0.0000,0.0000,60023.9222,0.0000,0.0000,191.6836,204743160.8823,145024.7668,0.0005,92.0244,0.0000,9604064.4976,2043459.2139,144700560.3144,0.0000,0.0001,0.0001,264467.0258,1193.2456,0.0000,0.0000,4545048.5833,75127335.5510,21805107.2278,0.1049,15414708.8283,158097609.3796,0.0216,0.0000,0.0000,0.2268,23125.1828,5289.7879,0.0000,0.0096,83154.1672,0.0000,215498588.9055,28395247.6413,52093.6882,0.1996,18490496.5901,6.6596,97535.7108,0.0000,0.0000
0.0000,0.0000,0.0000,485165195.4098,0.0000,147593728.6576,10102519.3099,16.8456,45605.4283,0.0000,403250184.8525,33.9585,0.0716,40721254.4031,130849217.7496,1262.4519,0.0000,0.2533,231365.0804,37386.8730,0.0000,2290627.2479,163504249.4446,0.0000,0.0000,0.0000,12.1912,0.1734,76666523.6305,0.0000,0.0000,0.0000,5028.6730,1414.4101,11.4532,0.0000,0.0000,2923475.4152,85550939.6108,0.0000,0.0000,0.0000,77.4254,0.0000,0.0000,583.9511,94780460.4438,4465.0325,6401.8978,0.0018,0.0000,162568688.5718,20616.3005,0.0000,4080481.0224,0.0000,0.0000,0.0011,0.5205,0.0000,0.0019,0.0003,223584838.0891,160123666.5222
1049.2541,8942116.4887,3853242.4656,0.0000,485165195.4098,0.0005,0.0000,0.0159,0.1556,1507033.9495,0.0000,67.2486,56802608.0259,0.0000,0.0001,0.0000,6143.8376,7787197.0914,0.0006,0.0000,9026205.9443,0.0052,0.0000,0.0046,9599469.5963,32519.9820,0.0000,288373.5879,0.0030,858.2528,217.3032,7672896.4236,0.0000,0.0364,0.0000,678494.5479,0.0115,0.0000,0.0000,21848.1158,264934.1271,1845.1410,2580.9832,3780.9946,117531.8807,723.1539,0.0071,0.0001,16736.8154,17108.2563,222.2334,0.0055,2.5354,158.6220,0.0000,1118989.9897,14545.5914,113574715.1245,0.7146,15861024.4941,0.0000,1255.9186,0.0000,0.0036
0.0000,0.0000,0.0000,147593728.6576,0.0005,485165195.4098,1381341.1586,0.0227,4499143.7826,0.0000,50837974.9060,0.2689,2.4254,13401545.8798,395575143.7498,33886.3364,0.0000,31.5319,709031.1849,249.8138,0.0000,365207.4667,6257313.8266,0.0000,0.0000,0.0000,0.8065,0.0176,31838178.3167,0.0000,0.0000,0.0000,39.3818,3.3516,0.4514,0.0000,0.0007,28111.7599,36198462.0429,0.0000,0.0000,0.0000,2.8980,0.0000,0.0000,23.9753,367958421.9423,6963.9493,190145.9235,1.5612,0.0000,260239925.3402,4009585.2096,0.0000,5552151.0659,0.0000,0.0000,0.0036,0.0012,0.0000,0.0037,0.1695,40756095.7480,349975743.3904
0.0000,0.0000,0.0000,10102519.3099,0.0000,1381341.1586,485165195.4098,7.0865,1298.7555,0.0000,10728864.0046,0.0508,0.0000,318040956.3788,6456892.4748,287533.8659,0.0000,0.0000,17057.6833,221203.9793,0.0000,41996.0942,26195237.9290,0.1085,0.0000,0.0000,805937.1351,0.0000,189552.1554,0.0000,0.0000,0.0000,9022201.4588,40.7868,220925.9210,0.0000,0.8097,61765142.1164,188244712.2876,0.0000,0.0000,0.0000,0.0071,0.0000,0.0000,0.0451,145855.4369,94236.3045,0.1090,0.0003,0.0000,226572.5045,165.1819,0.0000,146099422.8241,0.0000,0.0000,0.0000,0.1612,0.0000,256.0399,0.0016,133169468.9716,254224.0669
10.8365,0.0085,0.0012,16.8456,0.0159,0.0227,7.0865,485165195.4098,0.0000,0.0361,218.4021,28470568.1837,0.0061,1.0834,0.0134,0.0000,0.3305,0.0000,0.0380,432409.8325,1693.1781,187.6242,3673.6211,3370.4363,0.0084,51917.6949,11.0858,65144.5163,21.9298,0.2106,16.2892,0.0000,20016.6764,167764055.8019,133.8684,4628.0519,0.0000,36483.4750,0.9072,268.5682,0.0000,0.0007,904440.3356,0.8539,0.0028,561578.0632,0.0354,0.0219,0.0021,0.0000,344493.4176,0.4370,0.0000,17099.3624,0.0096,0.0300,1.1779,6.9109,149227255.0730,0.3469,0.0010,0.0000,17.6688,0.1832
0.0000,0.0032,0.0021,45605.4283,0.1556,4499143.7826,1298.7555,0.0000,485165195.4098,0.0001,5243.0239,0.0001,120.5788,22692.0065,4307005.9420,713701.4203,0.0002,1983.5594,52222.7826,0.0204,0.0000,913.6160,234.1447,0.0000,0.0007,0.0000,0.0341,0.0004,23572.8121,0.0000,0.0000,0.2096,0.0178,0.0001,0.0182,0.0000,2.8973,1.0911,64957.3275,0.0000,0.3041,0.0009,0.0027,0.0000,0.0005,0.0196,3581895.8345,3184.5922,185178.6752,77480.1911,0.0000,561130.3125,125249900.4327,0.0000,174752.0283,0.0001,0.0000,0.0249,0.0000,0.0010,0.3845,10659.5872,13717.7513,1421547.0802
29015566.6026,146942678.3236,240212956.6702,0.0000,1507033.9495,0.0000,0.0000,0.0361,0.0001,485165195.4098,0.0000,0.1721,1490.6469,0.0000,0.0000,0.0001,277773.1347,225.3874,0.0000,0.0000,281779.8953,0.0000,0.0000,2840.1463,258914527.1075,1490244.2482,0.0009,208.0853,0.0000,27718683.4854,13823196.1345,56929139.0350,0.0000,0.0016,0.0004,3253683.0385,618.1403,0.0000,0.0000,42248355.6678,28646135.4680,36308083.6239,0.3979,67361449.6417,265188894.3227,0.0586,0.0000,0.0000,0.0174,1613.6149,178125.6269,0.0000,0.0004,1436766.5466,0.0000,382545375.9819,113993204.2924,65528.6946,4.2347,61653737.9951,3.9716,5046.6199,0.0000,0.0000
0.0000,0.0000,0.0000,403250184.8525,0.0000,50837974.9060,10728864.0046,218.4021,5243.0239,0.0000,485165195.4098,256.0777,0.0260,31419558.4756,44793976.0631,234.5978,0.0000,0.0530,115317.8215,161581.7228,0.0001,3461726.9802,308226088.7409,0.0000,0.0000,0.0000,23.1374,0.5868,74944076.4771,0.0000,0.0000,0.0000,20968.8496,12566.2793,34.5534,0.0000,0.0000,9686506.4166,61134307.9124,0.0000,0.0000,0.0000,308.8374,0.0000,0.0000,2017.0432,32955386.1851,3611.5946,1592.6913,0.0002,0.0000,75564518.0847,2057.3298,0.0000,1886510.7831,0.0000,0.0000,0.0012,5.4902,0.0000,0.0014,0.0000,216122540.3167,68594106.2663
0.6836,0.2385,0.0245,33.9585,67.2486,0.2689,0.0508,28470568.1837,0.0001,0.1721,256.0777,485165195.4098,127.8560,0.0337,0.0444,0.0000,1.1711,0.8303,0.0195,4799.4464,347993.4899,1740.5064,753.3260,1.1108,0.1836,85061.8075,0.0010,33371225.0076,503.0864,0.0144,0.3971,0.0013,3.8682,82028046.5351,0.0119,41080.3157,0.0000,142.9718,0.0647,90.8556,0.0000,0.0001,173055918.4438,0.0883,0.0029,110539873.7668,1.7624,0.0063,27.1878,0.0000,35286.6359,19.1691,0.0001,590.2507,0.0003,0.1213,0.2735,26902.3370,23559769.4144,17.8504,0.0000,0.0000,2.3092,6.6181
1.1472,91639.5720,6100.4317,0.0716,56802608.0259,2.4254,0.0000,0.0061,120.5788,1490.6469,0.0260,127.8560,485165195.4098,0.0000,0.1965,0.0002,5.9955,103310330.7683,0.1939,0.0000,443816.9504,0.4443,0.0010,0.0000,16870.4172,53.0476,0.0000,220203.5220,3.7711,0.1783,0.0325,62397.4191,0.0000,0.1262,0.0000,3143.7892,0.0001,0.0000,0.0001,7.2640,1088.0988,1.2029,19106.6567,0.7929,90.6599,13808.6256,48.9342,0.0008,10875392.1811,28388.7761,0.5788,27.0521,2052.1691,0.0519,0.0000,777.4395,3.1324,64679768.2900,0.0769,296155.0134,0.0000,304.2707,0.0004,24.2425
0.0000,0.0000,0.0000,40721254.4031,0.0000,13401545.8798,318040956.3788,1.0834,22692.0065,0.0000,31419558.4756,0.0337,0.0000,485165195.4098,47156342.6834,627652.2273,0.0000,0.0005,140749.2236,30589.9060,0.0000,66685.1467,34128626.2297,0.0031,0.0000,0.0000,53765.1201,0.0000,1098522.2252,0.0000,0.0000,0.0000,882736.1762,11.6188,30140.3713,0.0000,0.2748,18026927.6296,413418563.5411,0.0000,0.0000,0.0000,0.0120,0.0000,0.0000,0.0861,2061442.2767,166381.2958,3.3155,0.0037,0.0000,2013734.1042,4606.4829,0.0000,228986486.7193,0.0000,0.0000,0.0000,0.0179,0.0000,32.9462,0.0057,261500274.1453,2969030.1592
0.0000,0.0000,0.0000,130849217.7496,0.0001,395575143.7498,6456892.4748,0.0134,4307005.9420,0.0000,44793976.0631,0.0444,0.1965,47156342.6834,485165195.4098,230646.1868,0.0000,4.1662,769777.2287,394.9748,0.0000,196340.5574,7479812.8791,0.0000,0.0000,0.0000,11.3478,0.0015,14619287.6973,0.0000,0.0000,0.0000,265.9117,1.2299,5.1937,0.0000,0.0064,84521.5946,98898207.9790,0.0000,0.0000,0.0000,0.2730,0.0000,0.0000,2.4182,193372121.1968,24432.1248,23787.4992,1.2892,0.0000,121296777.6908,2883393.3662,0.0000,27511491.3711,0.0000,0.0000,0.0003,0.0005,0.0000,0.0530,0.2704,77826352.4755,181091472.7638
0.0001,0.0001,0.0007,1262.4519,0.0000,33886.3364,287533.8659,0.0000,713701.4203,0.0001,234.5978,0.0000,0.0002,627652.2273,230646.1868,485165195.4098,0.0014,0.0737,26370.3950,0.4341,0.0000,5.6295,87.0453,0.0140,0.0001,0.0000,24414.1893,0.0000,64.3569,0.0044,0.0003,0.0209,307.5676,0.0000,5448.1270,0.0000,162252.4378,127.1047,437473.5170,0.0000,0.8334,0.2791,0.0000,0.0005,0.0037,0.0000,3362.9834,176130.3802,0.4184,3131.0827,0.0000,466.7341,341170.9993,0.0000,18506473.5388,0.0001,0.0001,0.0000,0.0000,0.0000,221414.7061,22362.2488,20560.5163,1486.8905
6788.4500,5845.8634,1263741.7238,0.0000,6143.8376,0.0000,0.0000,0.3305,0.0002,277773.1347,0.0000,1.1711,5.9955,0.0000,0.0000,0.0014,485165195.4098,2.6533,0.0000,0.0242,3550.6158,0.0115,0.0000,7493.4296,394671.8505,81427.5353,0.8112,23.6528,0.0000,560559.6332,819791.1189,67541.5063,0.0062,0.0443,0.0598,20882.9848,319.2261,0.0001,0.0000,442210.8298,79960.6127,120303.6153,0.2094,1599234.8233,286002.6774,0.0942,0.0000,0.4291,0.0029,9.1654,718.1453,0.0000,0.0002,138308.1340,0.0000,919565.5664,1578587.9838,111.1571,8.2048,1732.1060,265.7065,212.2696,0.0000,0.0000
0.0877,11838.8587,2118.8356,0.2533,7787197.0914,31.5319,0.0000,0.0000,1983.5594,225.3874,0.0530,0.8303,103310330.7683,0.0005,4.1662,0.0737,2.6533,485165195.4098,1.9341,0.0000,3618.7193,0.2391,0.0013,0.0000,3455.0309,0.4624,0.0000,1165.2241,8.8169,0.0568,0.0047,66816.0843,0.0000,0.0014,0.0000,33.8684,0.0058,0.0000,0.0025,0.2238,3312.9620,1.7178,132.9203,0.1386,30.3212,84.8805,359.7572,0.0228,15799239.0240,741218.8020,0.0040,113.8981,118003.3405,0.0012,0.0014,143.2662,0.4637,1763668.8472,0.0004,8516.1863,0.0000,18070.9274,0.0026,128.9238
0.0000,0.0001,0.0000,231365.0804,0.0006,709031.1849,17057.6833,0.0380,52222.7826,0.0000,115317.8215,0.0195,0.1939,140749.2236,769777.2287,26370.3950,0.0000,1.9341,485165195.4098,20.6905,0.0001,2353.2899,21950.9302,0.0001,0.0000,0.0000,0.7029,0.0016,322836.4945,0.0000,0.0000,0.0002,39.5128,0.2806,24.4135,0.0000,0.1175,1057.7960,526312.7154,0.0000,0.0005,0.0001,0.1275,0.0000,0.0000,0.2036,434924.0373,376.8981,202.8866,5.6231,0.0000,127473.1398,59685.0265,0.0000,102311.5272,0.0000,0.0000,0.0031,0.0005,0.0001,0.1001,0.4182,212035.1313,406760.9665
0.0008,0.0000,0.0000,37386.8730,0.0000,249.8138,221203.9793,432409.8325,0.0204,0.0000,161581.7228,4799.4464,0.0000,30589.9060,394.9748,0.4341,0.0242,0.0000,20.6905,485165195.4098,0.0082,90324.8257,1915450.3567,47.1214,0.0000,0.9658,8636.0173,0.5363,7575.0267,0.0001,0.0072,0.0000,3129671.5267,1882778.3076,3844.2831,0.0233,0.0006,9149792.6574,30104.6342,0.0055,0.0000,0.0000,255.0153,0.0010,0.0000,653.5770,71.6361,68.2770,0.0034,0.0000,0.4125,622.6820,0.0013,0.6429,1968.9620,0.0000,0.0003,0.0004,29765.6202,0.0000,0.3704,0.0000,144632.0384,306.3638
21766.9185,934721.3446,60023.9222,0.0000,9026205.9443,0.0000,0.0000,1693.1781,0.0000,281779.8953,0.0001,347993.4899,443816.9504,0.0000,0.0000,0.0000,3550.6158,3618.7193,0.0001,0.0082,485165195.4098,0.0131,0.0001,4.1798,843777.9307,9561697.9096,0.0000,19572491.3043,0.0025,1951.7798,5771.2043,20205.8162,0.0000,721.0044,0.0000,140823172.3949,0.0001,0.0000,0.0000,1320206.6945,446.5519,181.4646,817385.4348,15819.6933,8615.9166,175274.4114,0.0002,0.0000,36.2647,0.5931,822617.0352,0.0004,0.0002,144639.6716,0.0000,286274.7535,57976.1162,58874417.4091,17431.7427,8521834.8607,0.0000,0.0228,0.0000,0.0002
0.0000,0.0000,0.0000,2290627.2479,0.0052,365207.4667,41996.0942,187.6242,913.6160,0.0000,3461726.9802,1740.5064,0.4443,66685.1467,196340.5574,5.6295,0.0115,0.2391,2353.2899,90324.8257,0.0131,485165195.4098,2764439.5908,0.0003,0.0000,0.0017,0.6424,24.4975,51331108.9831,0.0000,0.0000,0.0000,667.8610,8545.7131,1.7479,0.0003,0.0000,105100.7191,178121.8323,0.0000,0.0000,0.0000,1904.6903,0.0000,0.0000,8426.4905,307185.5183,23429.3054,729.9546,0.0005,0.0001,1219587.2620,117.0978,0.0001,12029.2201,0.0000,0.0000,0.0607,6.8787,0.0000,0.0021,0.0002,693178.9552,713569.2366
0.0000,0.0000,0.0000,163504249.4446,0.0000,6257313.8266,26195237.9290,3673.6211,234.1447,0.0000,308226088.7409,753.3260,0.0010,34128626.2297,7479812.8791,87.0453,0.0000,0.0013,21950.9302,1915450.3567,0.0001,2764439.5908,485165195.4098,0.0017,0.0000,0.0001,454.3052,0.4398,20124563.8207,0.0000,0.0000,0.0000,472755.6005,95440.4513,595.5403,0.0000,0.0000,74375991.0246,46885915.4331,0.0000,0.0000,0.0000,276.1954,0.0000,0.0000,1599.3619,2809517.8139,3229.8527,38.2264,0.0000,0.0004,9844458.6408,50.7630,0.0000,1533551.4011,0.0000,0.0000,0.0002,84.9805,0.0000,0.0091,0.0000,194713306.2125,7593179.7794
649093.2823,20.1699,191.6836,0.0000,0.0046,0.0000,0.1085,3370.4363,0.0000,2840.1463,0.0000,1.1108,0.0000,0.0031,0.0000,0.0140,7493.4296,0.0000,0.0001,47.1214,4.1798,0.0003,0.0017,485165195.4098,228.0534,54326.0493,151024.1443,0.0495,0.0000,2024736.3801,19405839.3145,3.2573,10863.8935,14.2163,160223.8535,2432.4955,9320.0087,6.7938,0.0005,981637.4054,37.5009,69939.2856,0.0072,1755374.1395,9246.4208,0.0018,0.0000,0.0477,0.0000,0.0002,774447.1513,0.0000,0.0000,18825332.9543,0.0039,5703.9663,878792.3421,0.0019,6472.8982,10.0593,150972.8486,0.0133,0.0004,0.0000
2921659.9148,147166674.0278,204743160.8823,0.0000,9599469.5963,0.0000,0.0000,0.0084,0.0007,258914527.1075,0.0000,0.1836,16870.4172,0.0000,0.0000,0.0001,394671.8505,3455.0309,0.0000,0.0000,843777.9307,0.0000,0.0000,228.0534,485165195.4098,410455.3819,0.0001,332.1893,0.0000,10740181.1866,3251432.6198,160861641.9063,0.0000,0.0006,0.0001,3846103.9254,322.3565,0.0000,0.0000,14399814.8862,58066039.5775,19392130.0638,0.6535,26589182.6097,131342312.5835,0.0944,0.0000,0.0000,0.1831,14853.4338,23943.1071,0.0000,0.0036,266030.9740,0.0000,333992283.1717,49438629.1290,274310.5176,0.4312,49563146.3488,1.1994,16402.2890,0.0000,0.0000
1791898.0126,142581.9326,145024.7668,0.0000,32519.9820,0.0000,0.0000,51917.6949,0.0000,1490244.2482,0.0000,85061.8075,53.0476,0.0000,0.0000,0.0000,81427.5353,0.4624,0.0000,0.9658,9561697.9096,0.0017,0.0001,54326.0493,410455.3819,485165195.4098,0.0051,629231.9824,0.0000,161637.0877,2513713.1431,1926.3162,0.0112,4749.7707,0.0043,85172038.9224,0.0118,0.0009,0.0000,68736333.9444,278.3143,3926.1893,23817.7786,1672603.9373,126178.6488,3721.7152,0.0000,0.0000,0.0024,0.0011,44804827.8502,0.0000,0.0000,57604629.6378,0.0000,1008470.6386,3176045.9938,130017.4033,2001558.6010,1036643.1974,0.0071,0.0025,0.0000,0.0000
0.7378,0.0000,0.0005,12.1912,0.0000,0.8065,805937.1351,11.0858,0.0341,0.0009,23.1374,0.0010,0.0000,53765.1201,11.3478,24414.1893,0.8112,0.0000,0.7029,8636.0173,0.0000,0.6424,454.3052,151024.1443,0.0001,0.0051,485165195.4098,0.0000,0.1024,4.9559,18.8853,0.0001,31580317.4465,0.8266,50122563.9073,0.0001,34396.5949,359043.1183,7982.1211,0.0523,0.0034,1.7026,0.0000,1.0938,0.0191,0.0000,0.0363,1926.7924,0.0000,0.0003,0.2371,0.0575,0.0031,4.6945,125045.5882,0.0017,0.2637,0.0000,1.8102,0.0000,7713093.6019,0.0450,2211.5669,0.0582
19.4562,597.5600,92.0244,0.1734,288373.5879,0.0176,0.0000,65144.5163,0.0004,208.0853,0.5868,33371225.0076,220203.5220,0.0000,0.0015,0.0000,23.6528,1165.2241,0.0016,0.5363,19572491.3043,24.4975,0.4398,0.0495,332.1893,629231.9824,0.0000,485165195.4098,9.4692,0.7971,3.4069,8.2294,0.0004,230366.7881,0.0000,816747.8541,0.0000,0.0174,0.0001,2230.7104,0.0840,0.0187,118422188.8975,3.3950,2.2388,51988801.2343,0.2821,0.0001,2630.0272,0.0025,53574.9923,1.8172,0.0015,884.3503,0.0000,99.5680,19.2937,17014800.3283,549801.4662,32548.0556,0.0000,0.0001,0.0028,0.5488
0.0000,0.0000,0.0000,76666523.6305,0.0030,31838178.3167,189552.1554,21.9298,23572.8121,0.0000,74944076.4771,503.0864,3.7711,1098522.2252,14619287.6973,64.3569,0.0000,8.8169,322836.4945,7575.0267,0.0025,51331108.9831,20124563.8207,0.0000,0.0000,0.0000,0.1024,9.4692,485165195.4098,0.0000,0.0000,0.0000,147.3009,2033.9327,0.6108,0.0000,0.0000,125016.8712,3959903.6873,0.0000,0.0000,0.0000,1670.9180,0.0000,0.0000,6704.2308,38856267.4944,12237.7176,52533.3882,0.0066,0.0000,70679249.7891,17609.2829,0.0000,125648.0855,0.0000,0.0000,0.0863,0.4531,0.0000,0.0001,0.0004,12468603.5120,68231621.4941
25644966.1099,1096948.4780,9604064.4976,0.0000,858.2528,0.0000,0.0000,0.2106,0.0000,27718683.4854,0.0000,0.0144,0.1783,0.0000,0.0000,0.0044,560559.6332,0.0568,0.0000,0.0001,1951.7798,0.0000,0.0000,2024736.3801,10740181.1866,161637.0877,4.9559,0.7971,0.0000,485165195.4098,212478700.7979,1323610.6983,0.0116,0.0010,8.6059,190327.0019,145062.7889,0.0000,0.0000,40407122.5016,4173267.8565,138905276.6706,0.0019,193965560.9855,52293553.2257,0.0003,0.0000,0.0022,0.0000,61.6829,412380.5384,0.0000,0.0000,11655014.9838,0.0000,59922691.8350,239431568.9038,17.9160,3.2862,194590.2727,13128.5349,818.3696,0.0000,0.0000
50586220.0070,341637.2495,2043459.2139,0.0000,217.3032,0.0000,0.0000,16.2892,0.0000,13823196.1345,0.0000,0.3971,0.0325,0.0000,0.0000,0.0003,819791.1189,0.0047,0.0000,0.0072,5771.2043,0.0000,0.0000,19405839.3145,3251432.6198,2513713.1431,18.8853,3.4069,0.0000,212478700.7979,485165195.4098,100906.9082,0.1662,0.0830,20.3377,1033012.2747,14825.1544,0.0001,0.0000,140649369.4164,296261.2479,29251687.8331,0.0246,297528374.1864,20467910.5757,0.0033,0.0000,0.0005,0.0000,0.6458,3409178.7572,0.0000,0.0000,111727528.8894,0.0000,25473380.0390,270893506.9499,15.8142,260.3327,112415.3121,4330.9105,13.5781,0.0000,0.0000
179677.5869,81758974.6837,144700560.3144,0.0000,7672896.4236,0.0000,0.0000,0.0000,0.2096,56929139.0350,0.0000,0.0013,62397.4191,0.0000,0.0000,0.0209,67541.5063,66816.0843,0.0002,0.0000,20205.8162,0.0000,0.0000,3.2573,160861641.9063,1926.3162,0.0001,8.2294,0.0000,1323610.6983,100906.9082,485165195.4098,0.0000,0.0000,0.0000,38186.5278,3553.1237,0.0000,0.0000,200198.2845,257818345.0507,15258016.2919,0.0151,1761636.1232,58558448.6296,0.0035,0.0000,0.0005,4.8760,2365027.7286,100.0460,0.0000,1.6234,1367.7242,0.0000,69301944.3663,3036211.8429,60648.4521,0.0011,10899631.0738,4.2643,2252186.4688,0.0000,0.0000
0.0082,0.0000,0.0000,5028.6730,0.0000,39.3818,9022201.4588,20016.6764,0.0178,0.0000,20968.8496,3.8682,0.0000,882736.1762,265.9117,307.5676,0.0062,0.0000,39.5128,3129671.5267,0.0000,667.8610,472755.6005,10863.8935,0.0000,0.0112,31580317.4465,0.0004,147.3009,0.0116,0.1662,0.0000,485165195.4098,4460.9258,39203921.1356,0.0002,5.0466,75901831.1374,268151.6148,0.0043,0.0000,0.0006,0.0296,0.0047,0.0000,0.0642,3.3000,3698.6571,0.0000,0.0000,0.8418,10.8550,0.0009,1.3838,186774.9200,0.0000,0.0015,0.0000,561.5086,0.0000,6726.1445,0.0000,295886.9253,10.2861
0.1154,0.0010,0.0001,1414.4101,0.0364,3.3516,40.7868,167764055.8019,0.0001,0.0016,12566.2793,82028046.5351,0.1262,11.6188,1.2299,0.0000,0.0443,0.0014,0.2806,1882778.3076,721.0044,8545.7131,95440.4513,14.2163,0.0006,4749.7707,0.8266,230366.7881,2033.9327,0.0010,0.0830,0.0000,4460.9258,485165195.4098,3.1391,337.6328,0.0000,93509.2209,15.2097,3.5969,0.0000,0.0000,10109894.0905,0.0080,0.0001,10894866.5602,7.0823,0.0280,0.3986,0.0000,5339.2415,113.3973,0.0000,147.1339,0.0748,0.0009,0.0112,28.6194,60693288.4012,0.0655,0.0000,0.0000,461.6226,35.8828
0.4871,0.0000,0.0001,11.4532,0.0000,0.4514,220925.9210,133.8684,0.0182,0.0004,34.5534,0.0119,0.0000,30140.3713,5.1937,5448.1270,0.0598,0.0000,24.4135,3844.2831,0.0000,1.7479,595.5403,160223.8535,0.0001,0.0043,50122563.9073,0.0000,0.6108,8.6059,20.3377,0.0000,39203921.1356,3.1391,485165195.4098,0.0010,8938.7296,362843.3485,7574.0419,0.1090,0.0013,1.0893,0.0001,0.8058,0.0046,0.0001,0.0321,34480.2909,0.0000,0.0002,2.1114,0.0239,0.0017,12.0372,35508.2891,0.0014,0.2812,0.0000,2.2027,0.0000,1625094.2466,0.0033,1791.0907,0.0589
1722876.8075,2409965.7532,264467.0258,0.0000,678494.5479,0.0000,0.0000,4628.0519,0.0000,3253683.0385,0.0000,41080.3157,3143.7892,0.0000,0.0000,0.0000,20882.9848,33.8684,0.0000,0.0233,140823172.3949,0.0003,0.0000,2432.4955,3846103.9254,85172038.9224,0.0001,816747.8541,0.0000,190327.0019,1033012.2747,38186.5278,0.0002,337.6328,0.0010,485165195.4098,0.0148,0.0000,0.0000,52827207.2430,2955.1946,12655.9064,23147.7420,1540444.9853,230649.2102,3054.5095,0.0000,0.0000,0.0480,0.1141,19374047.5533,0.0000,0.0000,13074651.7497,0.0000,3746323.5353,3720506.0270,2263655.1702,55736.0227,10781372.1515,0.0012,0.0240,0.0000,0.0000
1206.9249,54.1628,1193.2456,0.0000,0.0115,0.0007,0.8097,0.0000,2.8973,618.1403,0.0000,0.0000,0.0001,0.2748,0.0064,162252.4378,319.2261,0.0058,0.1175,0.0006,0.0001,0.0000,0.0000,9320.0087,322.3565,0.0118,34396.5949,0.0000,0.0000,145062.7889,14825.1544,3553.1237,5.0466,0.0000,8938.7296,0.0148,485165195.4098,0.0049,0.0727,35.3247,224081.3891,2270248.8584,0.0000,20981.9132,31483.4475,0.0000,0.0001,71.2187,0.0000,13262.9403,0.0907,0.0000,1.5622,18.1078,27.1633,1722.4638,6901.2783,0.0000,0.0000,0.6750,87989492.6837,738028.9038,0.0023,0.0000
0.0000,0.0000,0.0000,2923475.4152,0.0000,28111.7599,61765142.1164,36483.4750,1.0911,0.0000,9686506.4166,142.9718,0.0000,18026927.6296,84521.5946,127.1047,0.0001,0.0000,1057.7960,9149792.6574,0.0000,105100.7191,74375991.0246,6.7938,0.0000,0.0009,359043.1183,0.0174,125016.8712,0.0000,0.0001,0.0000,75901831.1374,93509.2209,362843.3485,0.0000,0.0049,485165195.4098,10319824.3229,0.0000,0.0000,0.0000,5.6472,0.0000,0.0000,21.7604,4856.0716,3160.0285,0.0080,0.0000,0.0255,22367.4269,0.0983,0.0046,1185929.1973,0.0000,0.0000,0.0000,889.5497,0.0000,6.8031,0.0000,28524919.7383,16185.9882
0.0000,0.0000,0.0000,85550939.6108,0.0000,36198462.0429,188244712.2876,0.9072,64957.3275,0.0000,61134307.9124,0.0647,0.0001,413418563.5411,98898207.9790,437473.5170,0.0000,0.0025,526312.7154,30104.6342,0.0000,178121.8323,46885915.4331,0.0005,0.0000,0.0000,7982.1211,0.0001,3959903.6873,0.0000,0.0000,0.0000,268151.6148,15.2097,7574.0419,0.0000,0.0727,10319824.3229,485165195.4098,0.0000,0.0000,0.0000,0.0382,0.0000,0.0000,0.2828,7186896.7794,179223.1467,18.4228,0.0070,0.0000,6260364.3643,14730.0370,0.0000,171280231.3401,0.0000,0.0000,0.0000,0.0117,0.0000,5.8031,0.0054,330713936.5451,10202468.6716
55789716.2774,3201251.8280,4545048.5833,0.0000,21848.1158,0.0000,0.0000,268.5682,0.0000,42248355.6678,0.0000,90.8556,7.2640,0.0000,0.0000,0.0000,442210.8298,0.2238,0.0000,0.0055,1320206.6945,0.0000,0.0000,981637.4054,14399814.8862,68736333.9444,0.0523,2230.7104,0.0000,40407122.5016,140649369.4164,200198.2845,0.0043,3.5969,0.1090,52827207.2430,35.3247,0.0000,0.0000,485165195.4098,106942.7233,3114900.8252,16.1736,125141035.2342,13888402.4389,1.8522,0.0000,0.0000,0.0001,0.2484,33789462.2752,0.0000,0.0000,198305612.3254,0.0000,52466773.4855,193059410.3177,7791.0152,7638.9508,3949346.7222,4.9100,0.9854,0.0000,0.0000
198684.5458,17036806.4533,75127335.5510,0.0000,264934.1271,0.0000,0.0000,0.0000,0.3041,28646135.4680,0.0000,0.0000,1088.0988,0.0000,0.0000,0.8334,79960.6127,3312.9620,0.0005,0.0000,446.5519,0.0000,0.0000,37.5009,58066039.5775,278.3143,0.0034,0.0840,0.0000,4173267.8565,296261.2479,257818345.0507,0.0000,0.0000,0.0013,2955.1946,224081.3891,0.0000,0.0000,106942.7233,485165195.4098,73307837.3276,0.0002,4002012.7053,88810066.8631,0.0000,0.0000,0.0030,0.1529,2995824.4049,24.8032,0.0000,1.3618,1248.5665,0.0000,43004970.1657,4408448.0377,760.9313,0.0001,938643.3872,459.5112,10450466.6177,0.0000,0.0000
11854657.5993,5026320.6128,21805107.2278,0.0000,1845.1410,0.0000,0.0000,0.0007,0.0009,36308083.6239,0.0000,0.0001,1.2029,0.0000,0.0000,0.2791,120303.6153,1.7178,0.0001,0.0000,181.4646,0.0000,0.0000,69939.2856,19392130.0638,3926.1893,1.7026,0.0187,0.0000,138905276.6706,29251687.8331,15258016.2919,0.0006,0.0000,1.0893,12655.9064,2270248.8584,0.0000,0.0000,3114900.8252,73307837.3276,485165195.4098,0.0000,86893078.0420,156889861.6559,0.0000,0.0000,0.0020,0.0001,12244.3969,4604.3368,0.0000,0.0017,258163.0886,0.0000,63645120.2663,74715475.1584,11.5555,0.0144,311919.5716,30236.9451,145639.2063,0.0000,0.0000
0.1905,2.1874,0.1049,77.4254,2580.9832,2.8980,0.0071,904440.3356,0.0027,0.3979,308.8374,173055918.4438,19106.6567,0.0120,0.2730,0.0000,0.2094,132.9203,0.1275,255.0153,817385.4348,1904.6903,276.1954,0.0072,0.6535,23817.7786,0.0000,118422188.8975,1670.9180,0.0019,0.0246,0.0151,0.0296,10109894.0905,0.0001,23147.7420,0.0000,5.6472,0.0382,16.1736,0.0002,0.0000,485165195.4098,0.0170,0.0053,368725948.0310,33.3783,0.0006,4866.0139,0.0001,2619.2499,276.7039,0.0054,22.8864,0.0001,0.1702,0.0617,842292.1171,1661459.9685,188.1124,0.0000,0.0000,1.4195,91.4355
50672386.4066,3619496.5421,15414708.8283,0.0000,3780.9946,0.0000,0.0000,0.8539,0.0000,67361449.6417,0.0000,0.0883,0.7929,0.0000,0.0000,0.0005,1599234.8233,0.1386,0.0000,0.0010,15819.6933,0.0000,0.0000,1755374.1395,26589182.6097,1672603.9373,1.0938,3.3950,0.0000,193965560.9855,297528374.1864,1761636.1232,0.0047,0.0080,0.8058,1540444.9853,20981.9132,0.0000,0.0000,125141035.2342,4002012.7053,86893078.0420,0.0170,485165195.4098,114132149.2071,0.0025,0.0000,0.0002,0.0000,19.9987,629199.2622,0.0000,0.0000,31471804.7823,0.0000,115938593.5570,408578938.3554,138.3171,22.5971,863304.4150,1467.5885,278.5071,0.0000,0.0000
21972438.5386,54463652.3199,158097609.3796,0.0000,117531.8807,0.0000,0.0000,0.0028,0.0005,265188894.3227,0.0000,0.0029,90.6599,0.0000,0.0000,0.0037,286002.6774,30.3212,0.0000,0.0000,8615.9166,0.0000,0.0000,9246.4208,131342312.5835,126178.6488,0.0191,2.2388,0.0000,52293553.2257,20467910.5757,58558448.6296,0.0000,0.0001,0.0046,230649.2102,31483.4475,0.0000,0.0000,13888402.4389,88810066.8631,156889861.6559,0.0053,114132149.2071,485165195.4098,0.0010,0.0000,0.0000,0.0018,6723.7285,19170.1368,0.0000,0.0010,550624.4234,0.0000,257802775.2693,115603261.0230,1737.5835,0.2291,9460430.0277,226.3514,52397.7369,0.0000,0.0000
0.0339,0.4377,0.0216,583.9511,723.1539,23.9753,0.0451,561578.0632,0.0196,0.0586,2017.0432,110539873.7668,13808.6256,0.0861,2.4182,0.0000,0.0942,84.8805,0.2036,653.5770,175274.4114,8426.4905,1599.3619,0.0018,0.0944,3721.7152,0.0000,51988801.2343,6704.2308,0.0003,0.0033,0.0035,0.0642,10894866.5602,0.0001,3054.5095,0.0000,21.7604,0.2828,1.8522,0.0000,0.0000,368725948.0310,0.0025,0.0010,485165195.4098,244.7877,0.0023,12814.4708,0.0001,411.8603,1978.8049,0.0240,3.0643,0.0009,0.0239,0.0077,281807.4028,865226.3199,40.8537,0.0000,0.0000,10.6165,665.4403
0.0000,0.0000,0.0000,94780460.4438,0.0071,367958421.9423,145855.4369,0.0354,3581895.8345,0.0000,32955386.1851,1.7624,48.9342,2061442.2767,193372121.1968,3362.9834,0.0000,359.7572,434924.0373,71.6361,0.0002,307185.5183,2809517.8139,0.0000,0.0000,0.0000,0.0363,0.2821,38856267.4944,0.0000,0.0000,0.0000,3.3000,7.0823,0.0321,0.0000,0.0001,4856.0716,7186896.7794,0.0000,0.0000,0.0000,33.3783,0.0000,0.0000,244.7877,485165195.4098,1689.9900,1747977.3889,2.9610,0.0000,341950104.4879,5209976.6820,0.0000,592933.0979,0.0000,0.0000,0.0863,0.0025,0.0000,0.0002,0.1310,11308159.0837,449534056.8225
0.0000,0.0000,0.0000,4465.0325,0.0001,6963.9493,94236.3045,0.0219,3184.5922,0.0000,3611.5946,0.0063,0.0008,166381.2958,24432.1248,176130.3802,0.4291,0.0228,376.8981,68.2770,0.0000,23429.3054,3229.8527,0.0477,0.0000,0.0000,1926.7924,0.0001,12237.7176,0.0022,0.0005,0.0005,3698.6571,0.0280,34480.2909,0.0000,71.2187,3160.0285,179223.1467,0.0000,0.0030,0.0020,0.0006,0.0002,0.0000,0.0023,1689.9900,485165195.4098,0.5820,3.4451,0.0000,433.3580,1419.5374,0.0001,642594.8586,0.0000,0.0001,0.0000,0.0001,0.0000,2485.6063,2.3207,30175.8763,1640.8091
0.0000,2.0690,0.2268,6401.8978,16736.8154,190145.9235,0.1090,0.0021,185178.6752,0.0174,1592.6913,27.1878,10875392.1811,3.3155,23787.4992,0.4184,0.0029,15799239.0240,202.8866,0.0034,36.2647,729.9546,38.2264,0.0000,0.1831,0.0024,0.0000,2630.0272,52533.3882,0.0000,0.0000,4.8760,0.0000,0.3986,0.0000,0.0480,0.0000,0.0080,18.4228,0.0001,0.1529,0.0001,4866.0139,0.0000,0.0018,12814.4708,1747977.3889,0.5820,485165195.4098,3328.6926,0.0001,1042369.5307,2254359.9794,0.0000,1.5555,0.0072,0.0000,55640.0669,0.0040,7.9984,0.0000,33.5207,50.2699,961459.0833
2.6518,23569.6476,23125.1828,0.0018,17108.2563,1.5612,0.0003,0.0000,77480.1911,1613.6149,0.0002,0.0000,28388.7761,0.0037,1.2892,3131.0827,9.1654,741218.8020,5.6231,0.0000,0.5931,0.0005,0.0000,0.0002,14853.4338,0.0011,0.0003,0.0025,0.0066,61.6829,0.6458,2365027.7286,0.0000,0.0000,0.0002,0.1141,13262.9403,0.0000,0.0070,0.2484,2995824.4049,12244.3969,0.0001,19.9987,6723.7285,0.0001,2.9610,3.4451,3328.6926,485165195.4098,0.0002,0.1668,603083.9373,0.0013,0.2324,2271.9580,24.7163,76.3892,0.0000,1020.7257,15.2608,129015343.6426,0.0005,0.5464
8451925.9741,25615.5925,5289.7879,0.0000,222.2334,0.0000,0.0000,344493.4176,0.0000,178125.6269,0.0000,35286.6359,0.5788,0.0000,0.0000,0.0000,718.1453,0.0040,0.0000,0.4125,822617.0352,0.0001,0.0004,774447.1513,23943.1071,44804827.8502,0.2371,53574.9923,0.0000,412380.5384,3409178.7572,100.0460,0.8418,5339.2415,2.1114,19374047.5533,0.0907,0.0255,0.0000,33789462.2752,24.8032,4604.3368,2619.2499,629199.2622,19170.1368,411.8603,0.0000,0.0000,0.0001,0.0002,485165195.4098,0.0000,0.0000,92465443.4841,0.0000,136540.6991,1454177.8675,2431.9857,2988582.2611,186826.6112,0.1100,0.0002,0.0000,0.0000
0.0000,0.0000,0.0000,162568688.5718,0.0055,260239925.3402,226572.5045,0.4370,561130.3125,0.0000,75564518.0847,19.1691,27.0521,2013734.1042,121296777.6908,466.7341,0.0000,113.8981,127473.1398,622.6820,0.0004,1219587.2620,9844458.6408,0.0000,0.0000,0.0000,0.0575,1.8172,70679249.7891,0.0000,0.0000,0.0000,10.8550,113.3973,0.0239,0.0000,0.0000,22367.4269,6260364.3643,0.0000,0.0000,0.0000,276.7039,0.0000,0.0000,1978.8049,341950104.4879,433.3580,1042369.5307,0.1668,0.0000,485165195.4098,656479.5372,0.0000,332071.0022,0.0000,0.0000,0.1256,0.0480,0.0000,0.0001,0.0126,17620578.0384,403242889.5632
0.0000,0.0207,0.0096,20616.3005,2.5354,4009585.2096,165.1819,0.0000,125249900.4327,0.0004,2057.3298,0.0001,2052.1691,4606.4829,2883393.3662,341170.9993,0.0002,118003.3405,59685.0265,0.0013,0.0002,117.0978,50.7630,0.0000,0.0036,0.0000,0.0031,0.0015,17609.2829,0.0000,0.0000,1.6234,0.0009,0.0000,0.0017,0.0000,1.5622,0.0983,14730.0370,0.0000,1.3618,0.0017,0.0054,0.0000,0.0010,0.0240,5209976.6820,1419.5374,2254359.9794,603083.9373,0.0000,656479.5372,485165195.4098,0.0000,34133.2714,0.0003,0.0000,0.3516,0.0000,0.0045,0.0661,48153.9563,3144.4106,1678114.2362
19166273.8984,43466.8116,83154.1672,0.0000,158.6220,0.0000,0.0000,17099.3624,0.0000,1436766.5466,0.0000,590.2507,0.0519,0.0000,0.0000,0.0000,138308.1340,0.0012,0.0000,0.6429,144639.6716,0.0001,0.0000,18825332.9543,266030.9740,57604629.6378,4.6945,884.3503,0.0000,11655014.9838,111727528.8894,1367.7242,1.3838,147.1339,12.0372,13074651.7497,18.1078,0.0046,0.0000,198305612.3254,1248.5665,258163.0886,22.8864,31471804.7823,550624.4234,3.0643,0.0000,0.0001,0.0000,0.0013,92465443.4841,0.0000,0.0000,485165195.4098,0.0000,2021242.7104,38447698.2756,166.2577,187140.3717,80390.7021,23.9736,0.0106,0.0000,0.0000
0.0000,0.0000,0.0000,4080481.0224,0.0000,5552151.0659,146099422.8241,0.0096,174752.0283,0.0000,1886510.7831,0.0003,0.0000,228986486.7193,27511491.3711,18506473.5388,0.0000,0.0014,102311.5272,1968.9620,0.0000,12029.2201,1533551.4011,0.0039,0.0000,0.0000,125045.5882,0.0000,125648.0855,0.0000,0.0000,0.0000,186774.9200,0.0748,35508.2891,0.0000,27.1633,1185929.1973,171280231.3401,0.0000,0.0000,0.0000,0.0001,0.0000,0.0000,0.0009,592933.0979,642594.8586,1.5555,0.2324,0.0000,332071.0022,34133.2714,0.0000,485165195.4098,0.0000,0.0000,0.0000,0.0002,0.0000,1294.6981,0.8477,43292547.2888,594587.3200
18681982.3974,92267981.4438,215498588.9055,0.0000,1118989.9897,0.0000,0.0000,0.0300,0.0001,382545375.9819,0.0000,0.1213,777.4395,0.0000,0.0000,0.0001,919565.5664,143.2662,0.0000,0.0000,286274.7535,0.0000,0.0000,5703.9663,333992283.1717,1008470.6386,0.0017,99.5680,0.0000,59922691.8350,25473380.0390,69301944.3663,0.0000,0.0009,0.0014,3746323.5353,1722.4638,0.0000,0.0000,52466773.4855,43004970.1657,63645120.2663,0.1702,115938593.5570,257802775.2693,0.0239,0.0000,0.0000,0.0072,2271.9580,136540.6991,0.0000,0.0003,2021242.7104,0.0000,485165195.4098,188044748.7425,31305.2809,1.8675,28071135.6390,14.3363,6566.4458,0.0000,0.0000
58763332.5601,7035730.8607,28395247.6413,0.0000,14545.5914,0.0000,0.0000,1.1779,0.0000,113993204.2924,0.0000,0.2735,3.1324,0.0000,0.0000,0.0001,1578587.9838,0.4637,0.0000,0.0003,57976.1162,0.0000,0.0000,878792.3421,49438629.1290,3176045.9938,0.2637,19.2937,0.0000,239431568.9038,270893506.9499,3036211.8429,0.0015,0.0112,0.2812,3720506.0270,6901.2783,0.0000,0.0000,193059410.3177,4408448.0377,74715475.1584,0.0617,408578938.3554,115603261.0230,0.0077,0.0000,0.0001,0.0000,24.7163,1454177.8675,0.0000,0.0000,38447698.2756,0.0000,188044748.7425,485165195.4098,638.9271,36.5466,2167765.4206,384.8868,220.9178,0.0000,0.0000
360.6044,916818.2804,52093.6882,0.0011,113574715.1245,0.0036,0.0000,6.9109,0.0249,65528.6946,0.0012,26902.3370,64679768.2900,0.0000,0.0003,0.0000,111.1571,1763668.8472,0.0031,0.0004,58874417.4091,0.0607,0.0002,0.0019,274310.5176,130017.4033,0.0000,17014800.3283,0.0863,17.9160,15.8142,60648.4521,0.0000,28.6194,0.0000,2263655.1702,0.0000,0.0000,0.0000,7791.0152,760.9313,11.5555,842292.1171,138.3171,1737.5835,281807.4028,0.0863,0.0000,55640.0669,76.3892,2431.9857,0.1256,0.3516,166.2577,0.0000,31305.2809,638.9271,485165195.4098,169.4590,7950813.2002,0.0000,1.5396,0.0000,0.0714
478.8726,0.6476,0.1996,0.5205,0.7146,0.0012,0.1612,149227255.0730,0.0000,4.2347,5.4902,23559769.4144,0.0769,0.0179,0.0005,0.0000,8.2048,0.0004,0.0005,29765.6202,17431.7427,6.8787,84.9805,6472.8982,0.4312,2001558.6010,1.8102,549801.4662,0.4531,3.2862,260.3327,0.0011,561.5086,60693288.4012,2.2027,55736.0227,0.0000,889.5497,0.0117,7638.9508,0.0001,0.0144,1661459.9685,22.5971,0.2291,865226.3199,0.0025,0.0001,0.0040,0.0000,2988582.2611,0.0480,0.0000,187140.3717,0.0002,1.8675,36.5466,169.4590,485165195.4098,29.9982,0.0004,0.0000,0.3207,0.0109
4277186.4447,258300879.1462,18490496.5901,0.0000,15861024.4941,0.0000,0.0000,0.3469,0.0010,61653737.9951,0.0000,17.8504,296155.0134,0.0000,0.0000,0.0000,1732.1060,8516.1863,0.0001,0.0000,8521834.8607,0.0000,0.0000,10.0593,49563146.3488,1036643.1974,0.0000,32548.0556,0.0000,194590.2727,112415.3121,10899631.0738,0.0000,0.0655,0.0000,10781372.1515,0.6750,0.0000,0.0000,3949346.7222,938643.3872,311919.5716,188.1124,863304.4150,9460430.0277,40.8537,0.0000,0.0000,7.9984,1020.7257,186826.6112,0.0000,0.0045,80390.7021,0.0000,28071135.6390,2167765.4206,7950813.2002,29.9982,485165195.4098,0.0018,200.1053,0.0000,0.0000
58.1989,0.0742,6.6596,0.0019,0.0000,0.0037,256.0399,0.0010,0.3845,3.9716,0.0014,0.0000,0.0000,32.9462,0.0530,221414.7061,265.7065,0.0000,0.1001,0.3704,0.0000,0.0021,0.0091,150972.8486,1.1994,0.0071,7713093.6019,0.0000,0.0001,13128.5349,4330.9105,4.2643,6726.1445,0.0000,1625094.2466,0.0012,87989492.6837,6.8031,5.8031,4.9100,459.5112,30236.9451,0.0000,1467.5885,226.3514,0.0000,0.0002,2485.6063,0.0000,15.2608,0.1100,0.0001,0.0661,23.9736,1294.6981,14.3363,384.8868,0.0000,0.0004,0.0018,485165195.4098,2459.3806,0.3079,0.0001
13.3186,9166.7080,97535.7108,0.0003,1255.9186,0.1695,0.0016,0.0000,10659.5872,5046.6199,0.0000,0.0000,304.2707,0.0057,0.2704,22362.2488,212.2696,18070.9274,0.4182,0.0000,0.0228,0.0002,0.0000,0.0133,16402.2890,0.0025,0.0450,0.0001,0.0004,818.3696,13.5781,2252186.4688,0.0000,0.0000,0.0033,0.0240,738028.9038,0.0000,0.0054,0.9854,10450466.6177,145639.2063,0.0000,278.5071,52397.7369,0.0000,0.1310,2.3207,33.5207,129015343.6426,0.0002,0.0126,48153.9563,0.0106,0.8477,6566.4458,220.9178,1.5396,0.0000,200.1053,2459.3806,485165195.4098,0.0003,0.0251
0.0000,0.0000,0.0000,223584838.0891,0.0000,40756095.7480,133169468.9716,17.6688,13717.7513,0.0000,216122540.3167,2.3092,0.0004,261500274.1453,77826352.4755,20560.5163,0.0000,0.0026,212035.1313,144632.0384,0.0000,693178.9552,194713306.2125,0.0004,0.0000,0.0000,2211.5669,0.0028,12468603.5120,0.0000,0.0000,0.0000,295886.9253,461.6226,1791.0907,0.0000,0.0023,28524919.7383,330713936.5451,0.0000,0.0000,0.0000,1.4195,0.0000,0.0000,10.6165,11308159.0837,30175.8763,50.2699,0.0005,0.0000,17620578.0384,3144.4106,0.0000,43292547.2888,0.0000,0.0000,0.0000,0.3207,0.0000,0.3079,0.0003,485165195.4098,20237533.3674
0.0000,0.0000,0.0000,160123666.5222,0.0036,349975743.3904,254224.0669,0.1832,1421547.0802,0.0000,68594106.2663,6.6181,24.2425,2969030.1592,181091472.7638,1486.8905,0.0000,128.9238,406760.9665,306.3638,0.0002,713569.2366,7593179.7794,0.0000,0.0000,0.0000,0.0582,0.5488,68231621.4941,0.0000,0.0000,0.0000,10.2861,35.8828,0.0589,0.0000,0.0000,16185.9882,10202468.6716,0.0000,0.0000,0.0000,91.4355,0.0000,0.0000,665.4403,449534056.8225,1640.8091,961459.0833,0.5464,0.0000,403242889.5632,1678114.2362,0.0000,594587.3200,0.0000,0.0000,0.0714,0.0109,0.0000,0.0001,0.0251,20237533.3674,485165195.4098
