485165195.4098,3550.6649,1.0983,0.0073,177794.6093,0.0201,70.4799,160.4047,0.0043,0.0005,0.0182,0.0053,20.7316,10589.2353,9.9061,0.0348,0.0025,0.1803,0.0461,0.0077,0.0050,32.7880,0.0023,170.7261,1.7750,0.0426,512991.8068,0.0097,0.0123,0.0000,2.1729,4.3121,0.0242,0.3776,0.1628,3.2098,3.9811,0.0001,0.0035,0.0003,87.4256,69.7344,0.0107,393.3501,15.7355,0.0047,11.9606,0.0016,11.9934,0.4368,1.2336,0.6565,0.0018,0.0553,0.0118,13.7973,0.2514,0.0692,0.0004,238.3139,184.3168,12.1270,0.0985,0.0027,1.2953,0.1547,0.0238,0.0032,59.0519,28.6056,0.1426,0.0149,0.0014,12.8662,3.3271,0.0012,0.0481,0.0731,3.5340,0.2698,0.3123,327.1001,50.8980,0.3249,0.0052,4424.5387,1264.8122,21.2016,537.2508,0.3098,5.7853,0.1495,7.8403,0.2190,0.0623,274.6543,615.4555,35456.8471,0.5733,12.8192,0.0068,0.0001,2.7112,79.7711,7908.1796,1530.8121,32.3681,12.8527,0.7145,12.7233,0.0280,0.0003,1.9574,13.4297,0.0110,0.0148,774.1111,0.0000,364.1567,69.1222,17.7219,2.7153,0.8640,0.0171,7.1251,6811.6223,15.5079,0.2185
3550.6649,485165195.4098,13.2134,0.6746,2911.8510,0.1317,9599.1318,85.7085,12.1150,0.0049,0.0045,4968.2564,19899.3086,2957.3712,1378.7450,6.7687,1.0936,0.0358,0.2668,0.0992,0.0000,0.0905,0.6370,790587.1677,5.9588,104.4828,187.8869,0.0387,0.0198,0.0006,552.5697,2.6466,2.2174,966.8778,9.0355,27057.6681,0.0004,0.0569,0.6225,0.0778,145.3946,4.1556,0.0017,421.2186,0.3153,0.0045,3.7350,0.0008,127.6909,23007.9987,0.0911,0.0022,0.0050,2.4294,0.2299,26399.8113,2.8449,0.0442,2.1227,1372.7258,1.7077,25.3078,406.5066,0.0013,316.0116,1.2435,8192.6447,0.0297,701.3531,2503.9725,125.9101,188.3278,0.0824,0.3936,0.5625,0.0000,0.0012,11.1274,7023.2050,0.1467,4.0754,57.6538,0.0020,1.8239,0.4621,11115.1106,1107.1594,362.0071,41761.9793,0.0663,0.0225,0.0030,4278.0067,153.9552,0.0976,3210.4890,6860.1360,2948.6006,0.1939,2.8509,4568.7066,0.0144,66.6926,602.9348,13301.4066,0.9626,33.4747,160.5478,4.8937,5952.5925,0.5661,0.0000,3118.0101,22.4215,0.0234,0.4914,21735.9254,0.4144,22901.0654,794.1117,44165.2315,7.6740,2.6568,172.7395,563.0915,26.9925,3.0480,0.0033
1.0983,13.2134,485165195.4098,389.5690,623.0059,12.1327,0.1670,0.0150,1.7342,43.6458,0.9390,1449.6718,247900.3798,0.0945,0.0161,4.4505,61196.8501,0.0000,0.0002,1.2003,0.0395,0.0099,199.8814,0.0044,0.0088,1.1098,0.0011,7.1288,0.0533,0.3977,749861.6336,2.1493,708837.8936,0.0001,0.0006,0.0003,0.0000,0.6913,0.3019,0.6802,0.1172,2.5273,103.5091,0.0979,1.6732,0.0353,13.1935,0.9977,2453.7101,2555.1018,1.0510,0.0091,0.8949,0.1489,1.4552,0.0296,0.0722,0.7571,0.0763,0.1023,0.0076,74.9191,0.0819,6035.1525,5.3775,0.7599,1.9628,3.0355,79.9241,0.0133,42777.7068,0.4180,1758.1731,0.0294,0.0067,1.8887,2785.6950,0.0000,35.7920,0.3809,0.1169,908.2516,2.6107,0.0195,17.6654,0.0228,0.0092,0.0000,2.2143,3.7084,0.0903,2.7972,20720.3455,15.5968,0.0031,80605.6405,5.3673,0.0000,0.0002,681.7415,390.5463,0.9022,53.2916,0.0002,0.1559,1.9457,0.0008,88.7822,4276.8498,3.5928,0.2420,0.0381,0.3413,117.9976,0.0328,0.4690,0.1249,486.8169,1.6075,0.1517,0.5919,0.5573,2.9904,1.4484,0.0005,16.6481,3816.1544,0.0009
0.0073,0.6746,389.5690,485165195.4098,0.0039,115963.1549,1980.5282,0.0000,91176.6484,144425.0580,2.8475,561.0970,29.7358,17.9470,0.2810,5.8415,30607.4714,64.8213,24585.0278,0.0115,0.1183,0.0000,3179.4816,0.0236,0.2477,536.9461,0.0001,549.7159,0.0049,10.6116,11887.4598,0.0000,8.0344,0.0175,0.4147,347.1849,0.0009,13709.1450,3.0699,52835.5570,0.0031,10.0722,1.3186,0.3296,0.0000,12.7109,926.8223,486467.0878,0.0477,8.8131,1420.8123,5014.5553,134345.5592,0.0036,145328.0597,0.0002,270.3770,1321.0912,47.1297,0.0843,8.7304,0.0152,0.8917,3644.3585,0.0061,56.8095,19455.4403,25595386.6374,0.0161,51.8521,5081.3774,33527.3279,1.7703,0.0000,0.3282,0.0163,21.4088,0.3648,8377.3329,0.9979,0.1435,0.1005,0.7153,0.0052,0.0012,0.0033,0.0000,1.1216,0.0000,2.5675,0.0033,0.0003,107.6797,0.8913,0.2979,184.0142,0.7513,0.0029,805.7006,1.1342,1520.6403,6205431.3685,0.0029,0.0176,0.0038,69.3825,0.0004,102.9832,18.7304,16294.7554,0.3591,0.0248,7605.6772,0.0003,0.0159,0.0124,0.0000,1266490.2839,0.0000,1.6437,0.0756,0.3246,0.0035,644.3827,24.0533,5.5851,43.0231,3.0535
177794.6093,2911.8510,623.0059,0.0039,485165195.4098,0.0570,9.6878,88.7015,0.0033,0.0000,0.0086,0.0785,7342.7809,0.3550,1.9794,13.9951,0.8340,0.0001,0.0001,0.0028,0.0000,156.8065,0.0019,3.2943,0.4185,0.0072,11283.8716,0.0006,0.8480,0.0000,40.4354,22.3315,4.1186,0.0004,0.0079,0.5071,0.0004,0.0000,0.0004,0.0000,115.8235,240.4463,0.0158,43.3532,142.6226,0.0216,2.3369,0.0001,32.4066,5534.8620,0.0032,0.0675,0.0000,1.7371,0.0032,0.3724,0.5790,0.0000,0.0013,187.8258,834.8323,18836.5049,1.3888,0.0159,0.0895,0.1530,0.0606,0.0024,45.2322,0.4745,0.2845,0.0052,0.0091,1.7669,0.4091,0.0005,23.8783,0.0001,6.1776,0.0001,0.0003,162981.5530,8.9331,0.0088,2.3126,1.3679,121.8422,0.1173,536.8582,23.4613,0.3555,1.0171,3.2873,18.5482,0.0269,124.9434,38.2587,279.2994,0.0150,830.5490,0.0356,0.0000,4.9359,2.4703,2100.6312,34.5668,0.1548,15.4787,0.2274,0.1136,0.0100,0.0010,0.7381,4242.1003,0.0004,0.0071,102.0539,0.0001,264029.3601,4.5521,17.2484,728.5622,1.3629,0.0561,1.3859,5.4508,528.8023,0.0001
0.0201,0.1317,12.1327,115963.1549,0.0570,485165195.4098,1.8139,0.0000,14739.0466,96456.3273,0.0495,25.5204,1.9680,0.0036,391.4577,5610.9682,352.3642,7775.6219,235.8978,0.0004,0.0394,0.0000,36.1013,0.0014,249.2193,0.4260,0.0616,6251.0718,2.3032,3.1856,57786.5257,0.0000,0.0155,0.0307,0.0010,114.1229,0.0003,10892.4835,0.4184,5646.7376,0.0143,0.0018,0.1183,0.0000,0.0000,54.3265,0.0521,7685672.3338,0.0085,20.0008,0.8093,3147.9394,1681475.4209,0.8098,249246.8945,0.0000,2351.3343,1534.1123,0.4007,13.1905,4.5010,0.0013,14.9790,66129.9670,0.0188,0.7723,215.0464,308160.4177,0.0101,0.2162,19.1508,1660.0541,7.6325,0.0001,0.0044,1.1722,6234.9379,2.0018,789.4159,0.0128,0.2275,2.7207,8.0131,0.0004,0.0020,0.3125,0.0013,0.4602,0.0022,0.1317,0.0073,0.0001,1.4058,80416.4320,0.0629,0.7780,0.6674,0.0258,633.7581,14.3342,467.6309,6629.6496,0.0005,0.3742,0.0002,6.6719,0.0003,41.2452,1.2000,12959.0852,0.0292,7.2725,992770.6133,0.0000,0.0054,0.0004,0.0001,198733.8817,0.0000,0.0499,0.1011,21.4654,0.0000,114.3223,242.2976,19629.8166,5.2868,432.3813
70.4799,9599.1318,0.1670,1980.5282,9.6878,1.8139,485165195.4098,0.0006,454.8027,6.7676,0.1396,816.1042,4.1010,422303.7464,0.1440,8.4138,1.1757,16.4964,40904.7243,0.0264,0.0015,0.0132,255.5340,3241.9202,1.0951,72940.8022,97.3259,8.2408,0.0019,0.0028,0.6747,2.5351,0.1497,1.5589,1478.5100,1668002.6577,0.0023,17.1477,0.6640,10.3513,2.1937,166.8696,0.0001,149542.4469,0.0005,0.4867,6875.0801,1.8220,15.1498,141.4741,2.0132,11.1605,0.1163,1.5248,1000.1395,6.2880,35.8135,33.1835,442.0223,866.9131,2338.6541,2.1335,8.0344,0.0002,0.0040,141.4173,11117.2352,152.8904,4.2758,224600.3141,47.9548,7038.3573,0.0133,0.0556,93.6913,0.0000,0.0003,235.0950,336902.6247,0.1089,0.0435,40.5571,0.0001,12.6232,0.0008,25.9130,2.4330,1445.1164,0.4419,0.0200,0.2726,0.0000,448.7352,6.3188,432.9121,44.8456,135927.9915,6220.3962,40889.2559,0.0007,827.5675,1084.1126,0.1289,1.5329,2136.7931,13089.1702,93.8581,6962.7075,2.2322,1126.3018,9.5708,0.0000,3443.0127,0.2051,0.0014,16.3292,1.0061,35.6562,5.7027,1369.4556,506.0896,0.0146,1.6387,667701.9022,29.9329,0.0609,57.8378,0.0236
160.4047,85.7085,0.0150,0.0000,88.7015,0.0000,0.0006,485165195.4098,0.0000,0.0000,13.6165,0.0072,2.4956,0.0293,1315.6904,2.4394,0.0014,0.0213,0.0000,745.2679,94.2401,875599.0792,0.0008,2419.8939,0.0325,0.0180,3087.1887,0.0067,66.3065,0.4155,0.0021,3815.3575,0.3722,1297.4957,0.3517,0.0089,427.7802,0.0001,5.2813,0.0001,25524.9553,1.2496,20.2483,0.2554,1639857.7612,0.0125,0.0202,0.0000,4.0763,3.1101,0.0058,0.0000,0.0001,3.0685,0.0000,210409.4873,0.1405,0.0002,0.2121,1.9752,0.0137,1595.5843,4.0999,0.0012,25242.5604,1.5621,0.0003,0.0000,863.1718,1.9685,0.0035,0.0004,8.5882,2960.1221,0.2752,454.0216,0.0042,16.5705,0.0013,456.8332,3.5387,0.7986,6.4174,492.4069,2416.1808,1610.6662,22632.5523,1.8823,700045.4678,19.8671,202.0450,20513.6997,0.5415,2.2990,0.2238,0.0336,0.0212,96.1634,0.0000,6.4407,0.0038,0.0000,2704.5826,774.0550,3075.0155,0.0038,3148.8093,0.0056,0.0079,0.0141,2.9782,8.3292,0.0049,365.5158,151.0573,39.9601,2074838.8414,0.0000,182891.8941,0.3594,38.7196,1.8372,268.2029,0.0003,14.4395,0.1074,2.3044,0.0615
0.0043,12.1150,1.7342,91176.6484,0.0033,14739.0466,454.8027,0.0000,485165195.4098,12045.6760,0.0003,11191.6035,0.0056,0.7448,0.9253,0.0805,1.7101,72607.4708,1354.7737,0.0150,0.0018,0.0000,45.4699,64.1573,49444.4334,0.5042,0.0167,641.6455,0.0531,0.4399,907.9588,0.0001,0.0012,150.4035,0.0727,5972.5140,0.3725,1867338.7098,1.7734,20046.9309,0.0002,0.0002,0.0001,1.3369,0.0000,11301.7038,0.0122,92212.2003,0.0484,1.3416,40.4063,4565.0875,107.8165,1.6734,42416.9884,0.2709,0.0151,45604.8001,0.0943,27.6202,0.4595,0.0000,2.7772,692.0268,0.0312,0.0032,1086071.3280,452852.0223,0.0001,31.7098,4.1219,20712.6685,0.0037,0.0000,0.0015,0.0030,73.2882,27.0567,36.2515,0.0097,25.3842,0.0008,0.6822,0.0001,0.0002,4.0815,2.6450,224.9311,0.0006,0.0001,0.0006,0.0000,1.6655,5.2333,1.8748,4.2192,26.1102,0.0688,437.4668,1.3282,76.1051,35953.5426,0.0000,14.1088,0.0013,18.4914,0.0018,52.8636,12.0050,29.2640,0.0008,0.0113,92476.3902,0.0000,3.5428,0.0594,0.0005,47139.8363,0.0004,3.4889,0.0308,10.1958,0.0728,7389.4276,686.3307,9.2290,0.0271,1573.4313
0.0005,0.0049,43.6458,144425.0580,0.0000,96456.3273,6.7676,0.0000,12045.6760,485165195.4098,15.0731,1189.6981,0.4680,1.9131,0.2109,32.8574,2335.4874,9168.8014,5859.5625,6.9224,1520.9599,0.0001,185384.6224,0.0064,1.4478,219.8763,0.0012,987986.0452,0.8341,1254.7985,661.0888,0.0498,13.4217,0.5995,0.2263,5.1641,0.7142,838888.9633,1120.2212,468884.6757,0.1072,0.0032,14.2533,0.0024,0.0001,2.0708,11.8723,1297961.7694,13.3699,0.4586,36.4713,20.3567,776680.2028,2.7959,129444.2471,0.0239,4.0485,2207386.3267,53.1611,0.6528,0.0576,0.0002,0.5118,5637.0152,0.3451,9.4006,50.0781,20840.8925,0.1706,14.6956,2717.8447,28493.1763,4114.4775,0.0088,0.0382,135.3911,17.0299,798.0500,175.5997,601.1728,32.9244,0.2604,0.3128,1.8615,0.0158,1.3855,0.0005,0.0256,0.0007,0.0112,9.6864,0.0003,2647.7399,240.7724,9.8113,66.4220,12.1242,0.0005,78.6660,0.0180,2432.1393,1238742.9440,0.0875,0.1069,0.0002,63.8480,0.1185,2325.5189,642.0688,506.6061,17.0224,198.2367,2391.8920,0.0000,10.8942,50.6776,0.0033,2515548.2109,0.0000,0.0160,0.3000,0.0009,0.1452,2916.1232,0.1127,239.3721,15.1666,1202.9535
0.0182,0.0045,0.9390,2.8475,0.0086,0.0495,0.1396,13.6165,0.0003,15.0731,485165195.4098,0.0011,481.9609,2.3249,0.0253,67.6033,31297.5445,0.0006,78.6440,1290103.6383,257631.2508,5597.2632,1371.1600,0.0259,0.0000,3357.0213,0.2119,15.9317,12459.0160,413.1514,0.1661,297.4871,4894.2635,0.0038,375.7470,0.0878,5.2051,0.0005,19604.0390,4.8719,154925.9681,466272.9365,17715190.4589,0.7865,23757.3267,0.0000,528.6162,0.2052,27.5657,11.3175,0.0055,0.0001,32.5533,1.6580,0.1918,25.5143,391.0588,0.0028,139511.7287,0.0006,11.1238,1481.6768,60.7997,0.2164,10.4448,143644.9927,0.0000,0.2913,51.6925,0.4130,51.8612,313.3534,214496.0801,248045.3257,2137.0519,8626.5373,0.7352,1.4014,0.0151,1139775.3183,1.4354,63.0358,0.0025,884186.2801,319301.1683,0.0022,0.0000,0.0029,0.0101,2842614.3974,616630.5748,2351.3645,306.9096,0.5917,15851.8996,3.1279,0.0059,0.1398,0.0118,0.0000,2.8351,10.5246,26174.1291,0.6575,0.0903,9.2778,0.5258,31.7671,0.3425,454.0979,4624765.8291,2574.4043,0.0278,1393.3550,89.2327,1859.2411,403.5747,0.5628,0.8083,0.0139,1.7870,0.0008,5206.2156,0.0772,0.0010,0.0019,341.0420,0.0000
0.0053,4968.2564,1449.6718,561.0970,0.0785,25.5204,816.1042,0.0072,11191.6035,1189.6981,0.0011,485165195.4098,38.0182,23.9552,5.3362,33.0325,10.9196,8.5182,1.1936,0.0349,0.0140,0.0001,588.3751,26.4376,4.1352,1182.5223,0.0027,233.0180,0.0001,24.4916,222.8905,0.9991,238.1511,81.5849,7.3724,190.6611,0.0007,35654.1854,9.5240,160.7731,0.0021,0.0007,0.0022,1.2317,0.0005,7.2083,67.1196,4.7606,80.3816,184.8226,130.5060,0.8732,19.6257,0.2851,30.9716,3.4156,0.5139,6565.6501,18.6085,15.2026,0.0023,0.0867,0.2074,8.0839,8.8073,2.4429,378381.8060,25.4740,296.3221,524.5173,12055.2550,38.2458,9.3447,0.0002,0.0011,0.0509,0.0257,292.3922,62014.8440,0.1066,1.4817,0.7145,0.0028,0.1282,0.0063,362.3455,73.7110,0.1715,227.2275,0.0001,0.0004,0.0008,6421.5121,106.8101,0.0640,2745.2419,709.5046,0.0068,7.8577,12.8809,256903.6191,638.7555,0.5586,0.0037,7.7613,0.2010,36.0643,306.6026,1270.6590,17.7976,0.0347,0.0037,697.4687,0.0116,0.1414,6.0441,0.3209,33602.7451,0.2607,250.0190,89.0820,0.0424,0.0479,97069.4440,17.4188,5.2205,3.5788,6.9489
20.7316,19899.3086,247900.3798,29.7358,7342.7809,1.9680,4.1010,2.4956,0.0056,0.4680,481.9609,38.0182,485165195.4098,2.0997,8.0195,3352.9763,518567.4574,0.0000,0.0079,8.0726,0.0324,1.0001,294.1106,0.6974,0.0001,214.0917,0.1533,0.3366,3.9193,0.0331,108575.0624,11.2342,387153.4326,0.0005,0.2045,0.7527,0.0000,0.0001,3.0278,0.0685,6384.3088,5260.1652,3727.4792,0.3430,256.1901,0.0000,327.5599,0.0050,2650.6562,1122105.3999,0.0068,0.0001,0.7612,0.4727,0.3190,6.4120,394.6733,0.0003,86.1230,0.5907,3.9283,27057.2067,125.3068,3.6234,200.1600,579.3254,0.2706,0.0927,16704.0784,0.5697,54133.7907,83.2814,6911.9833,19.6396,1.8458,0.8394,4.5859,0.0010,542.9870,5.4930,0.0225,64702.2561,0.0059,28.9749,3155.4630,0.1441,0.0007,0.0008,113.1646,11552.3681,7.0004,6.5874,125595.8632,569.8795,0.1168,38667.8524,5.8681,0.0951,0.0004,5.1245,6296.3251,0.0512,19728.9633,0.2775,30.4829,1.1212,0.0246,435.9272,23.1920,15722.3865,359.1181,0.0087,14.4261,22455.9307,0.0027,0.4456,566.8746,24.8844,1056.4754,0.6736,513.4106,1.5802,6.8840,0.6748,0.0258,3.5619,11610.0962,0.0000
10589.2353,2957.3712,0.0945,17.9470,0.3550,0.0036,422303.7464,0.0293,0.7448,1.9131,2.3249,23.9552,2.0997,485165195.4098,0.0183,0.0100,0.1359,0.9719,18972.9786,5.9329,0.5670,0.0339,279.1110,2785.9747,0.2952,41892.3461,55.2075,2.4560,0.0007,0.3064,0.0766,123.8567,4.6469,46.9089,14883.1336,3947.4685,5.8198,1.0272,9.8535,13.4311,9.0714,187.6677,0.0829,281030.0146,0.0187,0.0009,6357.1390,0.0534,1089.9740,0.0189,39.3784,0.0939,0.2573,0.4615,40.5153,345.7507,0.3702,252.5425,47.9321,13.6807,66.7137,0.0739,0.2931,0.0001,1.5625,34.5201,19.6979,0.2628,162.7530,6422.4961,593.1800,267.7769,0.1917,192.0090,5363.9623,0.0002,0.0000,243.0529,1092.5017,117.9406,103.7748,5.5173,0.0005,2430.6199,0.0027,1229.2593,3.3761,320.3755,1.7347,0.0188,53.8809,0.0015,5569.4152,0.0145,68.1870,6237.1789,99193.0894,3815.7064,1795.7852,0.0001,119.3556,175.0239,58.5266,3.1373,1165.3982,2270.8811,4387.5843,2267.0702,297.9617,649.1571,361.6695,0.0002,1.7332,3.5838,0.1363,428.4080,102.1084,0.4408,0.1859,832.8074,2636.4170,0.0000,93.9319,1287.3162,0.1067,14.1931,1.1582,0.3098
9.9061,1378.7450,0.0161,0.2810,1.9794,391.4577,0.1440,1315.6904,0.9253,0.2109,0.0253,5.3362,8.0195,0.0183,485165195.4098,12554.1702,0.3714,347.5655,0.0975,0.0021,0.6644,0.8937,0.0045,49.7750,0.8076,3.3837,19.6417,1.8655,0.0945,9.7389,2.8689,0.0153,0.0047,2305.3335,0.2095,120.5045,0.0318,2.2208,2.1034,0.7509,80.3979,0.0491,0.0254,0.0003,8.4694,1.0115,0.8833,0.3820,0.0017,185.3902,3.9242,10.7437,347.2815,0.3821,0.0374,26.9115,33660.3289,0.4720,9.6816,13.5771,0.1686,18.5467,266.9813,0.3593,814.1613,13.7872,40.4043,0.4575,1025.6432,609.0659,0.7658,0.3862,1.5049,0.0245,0.0062,3.4328,0.0011,1191.5907,2358.8609,2.0339,0.1032,0.1490,20.3384,0.3762,0.0953,2158.1384,953.9726,508.5777,251158.2893,0.8230,0.0097,1.6720,1.1854,1487.7916,0.0011,0.0040,0.0779,314.1334,1.5733,1669.0987,26.8148,0.0080,5.1755,822.0301,636.4343,0.0013,167.9150,0.0677,0.0241,1053.8879,0.0279,0.0791,6884.2952,0.0116,0.0467,0.0042,181.8635,0.4307,51.0002,0.7036,974.0175,222.3804,0.0001,0.0770,328690.5899,201.4703,12.6204,187.6920
0.0348,6.7687,4.4505,5.8415,13.9951,5610.9682,8.4138,2.4394,0.0805,32.8574,67.6033,33.0325,3352.9763,0.0100,12554.1702,485165195.4098,1612.3667,0.5936,2.4395,0.1024,8.8073,0.4156,507.8543,0.0606,0.0028,3097.8783,7.2658,413.3248,9.5527,28.4798,12.1588,18.3488,57.0321,0.0062,1.4500,107.3169,0.0000,0.3405,4.5197,5.6851,4903.4526,2.8933,22.3555,0.0008,3.7049,0.0033,129.1582,1.2572,3.6077,57967.5480,0.0023,0.0473,1426.4088,11.1676,18.0487,0.0892,904257.6695,0.3758,14488.2745,13.8786,73.3600,2162.1386,183.5365,0.7984,7.6024,10782.6446,0.2156,0.3702,18762.6207,17.8609,298.8591,39.7754,17648.2172,1.7501,1.1567,39.1036,0.1172,42.8174,48813.7928,1.6213,0.0014,11039.8048,0.0015,200.2176,11.4581,6.2894,0.0207,0.1170,426.0407,83.2195,10.8834,0.1383,276.9114,1744582.3564,7.4344,0.2427,2.0264,2.9725,2.0280,0.1665,15383.2018,2.0433,159.5486,0.7337,23.3568,2.2283,51.8879,511.1964,0.4998,5674.6649,240.0927,24.2091,5291.6431,6.6693,0.0003,1.4760,36.0749,412.1759,6.4548,0.0219,3480.9272,0.2628,0.0022,290.1994,32.4669,3.6318,5732.4561,0.0071
0.0025,1.0936,61196.8501,30607.4714,0.8340,352.3642,1.1757,0.0014,1.7101,2335.4874,31297.5445,10.9196,518567.4574,0.1359,0.3714,1612.3667,485165195.4098,0.0003,14.8507,908.0154,47.3376,0.0905,93041.1662,0.0032,0.0001,2515.8948,0.0002,605.2461,240.8925,102.8634,44678.5961,1.2234,299390.6088,0.0002,2.7038,0.6782,0.0002,0.7870,4556.5447,1547.2719,637.7160,6646.9399,84973.1285,0.1254,6.2496,0.0001,385.9071,17.8272,199.4635,77505.2492,0.0454,0.0031,992.8666,10.6384,42.7633,0.2309,78.3856,0.0798,17449.4958,0.0009,6.8895,517.1599,1493.1843,302.7066,2.4875,1889.9928,0.4504,434.5693,33.1199,0.1814,190399.2364,26857.2356,346707.4699,9.6090,2.5715,55.9740,154.9551,0.0051,127.1934,660.4688,0.6580,1887.4925,0.0194,75.8306,9109.1484,0.0002,0.0000,0.0014,0.0091,42551.5940,225.9315,1.1718,20899.5925,25.2042,29.0631,1198.9761,0.1954,0.0012,0.0415,0.0368,8332.9051,220.2837,778.3344,0.3811,0.0035,2.2844,0.0002,10807.7162,990.8671,10265.9656,12305.6445,5.0515,25.0560,99.4645,1.8632,8.9027,1.4471,23452.7066,0.0781,0.0194,11.5668,1.2001,46.0764,6.6140,0.0021,0.2590,1867.7285,0.0000
0.1803,0.0358,0.0000,64.8213,0.0001,7775.6219,16.4964,0.0213,72607.4708,9168.8014,0.0006,8.5182,0.0000,0.9719,347.5655,0.5936,0.0003,485165195.4098,7578.3112,0.0048,10.0710,0.0054,0.2857,8.1159,10638.3164,0.4008,19.7708,866.4664,0.0719,37.6722,0.0144,0.0005,0.0000,11871.4916,0.9366,2979.1442,1775.6839,951336.7114,2.9805,2354.7626,0.0029,0.0000,0.0000,0.0360,0.0000,51368.4553,0.0702,119460.4345,0.0002,0.0006,335.0791,107422.9377,3717.6897,1.8031,1028.4922,0.1632,1.9004,353716.1040,0.1237,355.0753,1.5295,0.0000,0.4122,3.9975,0.0160,0.0499,3274.5720,4749.9389,0.0006,744.6424,0.0063,68.8746,0.0038,0.0002,0.0191,0.1697,0.0742,149105.5166,13.8765,0.5769,6.2983,0.0002,139.7133,0.0042,0.0000,600.9068,455.7812,22077.7855,0.0698,0.0000,0.0125,0.0001,0.0041,9.5127,3.0782,0.0014,2.3286,52.2093,19417.4345,1.0178,0.3570,1405.8365,0.0000,199.0186,0.0717,9.8205,38.6410,1.1366,0.1062,2.1673,0.0013,18.3099,10764.6830,0.0000,24.0893,0.1609,0.0105,56.6749,0.0001,1.1916,0.0781,1.2233,0.0007,311.5007,44991.4913,140.7703,0.0113,6974253.0848
0.0461,0.2668,0.0002,24585.0278,0.0001,235.8978,40904.7243,0.0000,1354.7737,5859.5625,78.6440,1.1936,0.0079,18972.9786,0.0975,2.4395,14.8507,7578.3112,485165195.4098,4.3055,25.9195,0.0015,1738.5048,36.6294,14.4878,31988.8568,0.4374,79.1200,10.1732,95.9358,0.0280,0.2627,0.0265,6.3751,13233.4229,251370.9054,14.4994,4499.4049,974.4050,222850.3607,2.3489,47.9111,0.2812,772.5744,0.0000,0.8022,82.8679,3328.2872,1.4770,0.0879,1.1406,264.8317,1972.3190,86.5618,632135.5869,0.5818,57.4502,1309.5429,15875.9529,8.7715,9273.3568,0.0014,842.4276,0.0235,0.0008,186.2024,231.4855,41850.7605,0.0108,431.8544,6.5442,933599.7188,0.5873,6.3938,26779.5711,0.0030,0.0125,8461.4989,365.1396,34.5560,39.4238,0.7119,0.0012,454.1177,0.0197,0.0700,0.0005,4826.5079,0.0000,0.1881,72.3486,0.0000,6.8342,0.2879,23328.4161,0.3501,479.6457,556.5035,365800.7041,0.0000,272.4045,1947856.3432,0.3187,186.3721,0.0119,2705.1214,4.5372,5439.6064,11.6261,2541.1434,5656.1149,0.1936,624.4702,0.0040,3.8563,400.3823,0.0959,4162.3317,0.0001,0.0878,53.9756,0.0069,3.7115,54650.5885,3.5343,0.3635,0.0116,15.1883
0.0077,0.0992,1.2003,0.0115,0.0028,0.0004,0.0264,745.2679,0.0150,6.9224,1290103.6383,0.0349,8.0726,5.9329,0.0021,0.1024,908.0154,0.0048,4.3055,485165195.4098,168150.8022,9932.5614,3423.5997,17.8291,0.0015,297.8081,0.2908,51.7431,31666.8481,1423.8693,0.0961,15449.2217,2701.8089,10.9480,1055.8949,0.0559,1873.0244,0.0612,469070.6189,51.1416,23351.4281,538.4522,147875.1487,43.2867,4653.2926,0.0003,1.0077,0.0132,1101.1642,1.9036,0.0022,0.0000,0.1002,534.3766,0.0282,110864.8410,0.0043,0.0737,7629.9283,0.0021,0.0597,33.1374,141.2803,0.0509,359.9515,135.5285,0.0012,0.0026,4.2209,0.3600,88.1372,685.1654,149725.4754,570046.8967,448.8854,2829.3283,0.7179,3.4366,0.0003,1742117.1281,2461.2045,2.0364,0.0020,442240.7299,688026.0602,0.1435,0.0048,0.1198,0.1565,2021.5524,1046383.7314,426.2154,303.8952,0.0935,53935.9229,12.7798,0.1493,0.1071,0.0006,0.0000,3.9849,0.5483,15153.5153,53.7901,0.0337,0.3023,4.5273,173.3534,117.1263,1.3398,702301.6541,2198.9639,0.0029,336.8161,167403.1056,334828.4679,20806.6275,0.1705,2.7153,0.1216,10.0758,0.0006,2702334.1797,0.4061,0.0002,0.0019,3.9345,0.0005
0.0050,0.0000,0.0395,0.1183,0.0000,0.0394,0.0015,94.2401,0.0018,1520.9599,257631.2508,0.0140,0.0324,0.5670,0.6644,8.8073,47.3376,10.0710,25.9195,168150.8022,485165195.4098,3472.0365,247.3547,0.0049,0.0001,359.8981,0.2262,259.3771,417.9214,79679.1986,0.0006,1657.7488,451.2343,1.1515,224.2921,0.0027,25316.3920,7.4240,99665.3989,400.6247,1006.9063,23.5025,139861.4498,0.0713,5532.6240,0.0238,162.0279,2.0085,7.5996,0.0074,8.6906,0.0088,582.6361,2.6224,0.0669,27.7073,5.7046,29.5634,3134.7254,0.0007,0.3087,10.2242,1.3281,1.5778,45.8180,8700.6899,0.0001,0.0820,100.5308,11.1080,15.8973,3.4658,131828.4794,8636.5980,63.9264,726131.7348,0.0320,1996.6786,0.0203,2579373.7687,38.0378,0.4144,4.3730,54431.9373,757.9854,0.4678,0.0153,0.0257,0.5311,300.7381,86489.3174,1315.0926,24.9304,0.0495,762.1719,0.0694,0.0128,0.0168,0.0234,0.0013,1.0992,16.8547,6606.1369,1.1707,0.1546,2.0769,818.1543,6.2931,29.5995,0.1577,27578.6252,89947.8310,0.0076,0.2084,15338.3989,30550.0083,218.4664,0.8921,0.0025,0.0018,1.1349,0.0002,791.4353,0.0572,0.0053,0.1233,32.9268,6.6546
32.7880,0.0905,0.0099,0.0000,156.8065,0.0000,0.0132,875599.0792,0.0000,0.0001,5597.2632,0.0001,1.0001,0.0339,0.8937,0.4156,0.0905,0.0054,0.0015,9932.5614,3472.0365,485165195.4098,0.0016,1.8153,0.0001,0.7387,6825.2700,0.0013,1340.0465,0.1859,0.0000,4055.9874,3.5496,0.4396,175.4771,0.0201,2993.2847,0.0000,43.8030,0.0000,29338.0338,13989.8371,221.7057,122.9750,19034733.9485,0.0876,27.0649,0.0000,0.1719,4.4535,0.0369,0.0009,0.0001,1.6705,0.0000,1613.1822,1.0065,0.0000,16.1990,0.0808,21.9948,383593.3851,2.0758,0.0002,2.7745,422.9837,0.0001,0.0001,41.7740,19.1096,0.0009,0.0041,6.1442,10158.4486,15.7630,203.8761,0.0107,0.9561,0.0003,819.0354,0.0198,20.6652,16.5432,607.5970,25108.7327,0.8997,42.5881,1.7644,229.6891,31226.8659,1739.7312,132622.9643,0.0261,0.0043,1269.4660,0.0050,0.0061,106.5826,0.0002,0.1884,0.0003,0.0000,919.2510,34.2062,2720.6526,1.7360,330.1720,0.0354,0.0074,0.0015,81.5979,143.3030,0.0006,1299.4588,720.7064,97.9449,62427.4492,0.0000,144584.0530,1.0615,0.5616,4.4804,10689.9828,0.0003,0.3307,0.0001,49.9464,0.0008
0.0023,0.6370,199.8814,3179.4816,0.0019,36.1013,255.5340,0.0008,45.4699,185384.6224,1371.1600,588.3751,294.1106,279.1110,0.0045,507.8543,93041.1662,0.2857,1738.5048,3423.5997,247.3547,0.0016,485165195.4098,0.4016,0.0516,55635.9915,0.0037,1829922.8378,1.3126,311.5731,323.6173,110.2054,4604.0962,0.0955,28.8914,20.0163,0.0060,310.3995,576.8054,42734.6328,274.1469,3.0052,638.8326,0.9977,0.0058,0.0001,129.5763,62.7057,11274.4495,28.9859,0.1848,0.0015,629.4146,66.9806,7807.5369,10.2473,1.5228,7504.5080,20906.6167,0.1158,0.6801,0.0517,4.2512,3.3108,90.9245,30.1419,1.2856,6.3284,19.7329,3.7747,2129217.0529,168889.9546,237610.5475,47.0486,93.4870,8.4143,0.8806,16.0247,346.5003,1751.4234,74.9405,30.8685,0.0000,8402.1035,3.5824,1.4472,0.0001,0.0299,0.0072,1.3315,8519.1921,0.0010,275921.4948,593.3513,512.6834,4375.0962,134.6521,0.0080,18.6844,0.0000,50854.4944,71642.9587,32.5760,0.2240,0.0070,19.5913,1.1115,109519.5512,3466.0450,2123.0859,28295.8274,64.5544,27.4715,1.9053,0.1389,6119.7421,0.8325,207786.0878,0.0002,1.0801,526.8307,0.0000,78.8826,22137.0506,0.0007,2.9067,781.0769,0.0087
170.7261,790587.1677,0.0044,0.0236,3.2943,0.0014,3241.9202,2419.8939,64.1573,0.0064,0.0259,26.4376,0.6974,2785.9747,49.7750,0.0606,0.0032,8.1159,36.6294,17.8291,0.0049,1.8153,0.4016,485165195.4098,1150.5004,8.2254,353.9002,0.0278,1.4985,0.0248,0.1346,103.3153,0.0070,78105.0881,22.4231,10817.6600,16.6727,1.9179,17.1589,5.9809,147.0730,0.5466,0.0009,7743.5912,0.1582,0.0923,0.0126,0.0002,313.1812,28.7629,0.0038,0.0078,0.0002,347.9409,2.2304,1873043.5347,0.0047,0.4356,5.2640,1276.8084,3.0328,0.1160,1637.5503,0.0001,45.0329,0.0744,483.9797,0.0057,1.3148,566.3814,0.1708,182.5825,0.0059,12.7962,47.4849,0.0002,0.0004,599.1143,7.2226,4.0289,863.8645,0.2224,0.0016,207.0371,1.0588,1421.1903,6255.4292,20104.3535,1331.2483,0.0012,5.9520,0.0013,27.4067,1.3756,10.6002,2.1921,2228.4340,46261.4381,0.5651,0.0060,6.5466,0.0916,11.9856,110872.9299,101.0966,2.0987,240.1872,63.4449,1.2699,12.5316,7.2482,0.0000,24.8386,3.1755,23.5662,722.3615,25793.7307,0.0726,828.7289,3.9325,4485.6763,0.9838,454.1221,381.7664,178.9473,0.1817,0.0044,0.2586
1.7750,5.9588,0.0088,0.2477,0.4185,249.2193,1.0951,0.0325,49444.4334,1.4478,0.0000,4.1352,0.0001,0.2952,0.8076,0.0028,0.0001,10638.3164,14.4878,0.0015,0.0001,0.0001,0.0516,1150.5004,485165195.4098,0.0000,4.0133,1.1317,2.9419,0.0091,9.9684,0.0200,0.0000,399.9799,0.0016,24.0551,15.6300,9234.4760,0.0099,239.4891,0.0002,0.0000,0.0000,0.5453,0.0000,1443.2204,0.0000,108.3672,2.4318,0.0142,0.0234,415.2177,0.0877,2105.2587,12086.1454,1.6314,0.0000,1061.1569,0.0001,934.9638,0.9532,0.0000,18.2074,31.9166,0.1158,0.0000,508.3534,8.6256,0.0000,0.0031,0.0022,6.6339,0.0000,0.0088,0.1457,0.0024,513.0604,3.7009,0.0406,0.0000,4989.2851,0.0088,3.1084,0.0005,0.0008,13.1005,719.8549,642.1335,0.0405,0.0000,0.0244,0.0000,0.0021,14.3910,0.0691,0.0254,295.5195,59.0079,286.5247,1.8076,0.1218,5.7931,0.0001,1668.2477,0.0002,0.6168,0.0091,1.0373,4.3768,0.0154,0.0007,0.0101,62.2707,0.0016,2.1193,0.1422,0.0032,17.3030,0.0027,0.1394,0.3636,184.5366,0.0850,44.1120,7.9165,1334.8225,0.0000,19195.1668
0.0426,104.4828,1.1098,536.9461,0.0072,0.4260,72940.8022,0.0180,0.5042,219.8763,3357.0213,1182.5223,214.0917,41892.3461,3.3837,3097.8783,2515.8948,0.4008,31988.8568,297.8081,359.8981,0.7387,55635.9915,8.2254,0.0000,485165195.4098,0.4773,272.3228,0.0470,2866.2973,0.0601,408.1129,3097.7827,2.8030,1790078.0544,29748.2423,0.0123,9.6591,4423.7247,149.7962,864.7595,4839.3247,20.9295,1502.8829,1.7875,0.0023,1903428.4775,0.5714,34.8327,169.7839,5.0648,0.0176,174.4764,3.2000,13.3529,59.4629,12408.2891,21.1323,15390349.4039,1.4279,33.7219,961.7970,39.3770,0.0001,1.0433,1075655.8348,95.7448,9.5439,45583.6929,183585.4399,52009.3278,11680.4048,11866.2829,65.9835,3153.0691,0.0491,0.0000,2130.7187,223991.4417,4859.5230,0.0920,110.0107,0.0000,107828.4365,2.9473,7.7191,0.0092,42.2885,7.9651,44.8186,40.9800,0.1551,30765.0995,5.8212,8774.7597,67.0974,440.8306,16.1103,343.9513,0.0000,338454.8297,4301.9924,3930.5104,0.1385,1309.8299,37.7807,22490.3749,15670.0892,183.6913,14674.8972,90853.1672,0.4134,53.2762,7.9843,0.1475,6566.9369,236.2819,407.4252,1.3889,55.9828,56715.6655,0.0001,11.1163,68952.2691,0.9670,0.0042,873.7820,0.0032
512991.8068,187.8869,0.0011,0.0001,11283.8716,0.0616,97.3259,3087.1887,0.0167,0.0012,0.2119,0.0027,0.1533,55.2075,19.6417,7.2658,0.0002,19.7708,0.4374,0.2908,0.2262,6825.2700,0.0037,353.9002,4.0133,0.4773,485165195.4098,0.0568,15.8084,0.0000,0.0079,273.9065,0.0009,0.7048,11.9722,711.8859,16.5871,0.0017,0.0498,0.0002,6368.5106,19.0262,0.0039,265.1542,33.0452,0.3322,0.7585,0.0075,1.8180,5.2584,0.0030,0.2432,0.0014,11.1652,0.0220,168.4542,4.5430,0.0502,0.0505,33962.4688,5679.6041,114.7086,3.2723,0.0000,0.2221,15.9664,0.0112,0.0023,26.7207,1187.4122,0.0009,0.3809,0.0086,82.5479,18.2316,0.0107,0.0229,23.5420,0.8304,0.5891,0.0272,2123.8936,0.4678,5.3434,0.1699,13553.2664,6628.1788,237.9796,425.2080,0.8880,77.8024,0.0590,0.2077,40.9020,632.3419,0.1044,2081.6862,168630.6039,0.7442,0.0409,0.0952,0.0001,5.3654,388.8043,7693.7414,11749.1364,2322.1234,46.6167,0.0215,1.2750,1.0476,0.0758,160.1135,0.8788,0.1859,1.7150,14035.3510,0.0000,2675.7707,37.7071,63.3875,4.7396,4.5060,3.3651,62.9824,48.4106,13.0496,0.1713
0.0097,0.0387,7.1288,549.7159,0.0006,6251.0718,8.2408,0.0067,641.6455,987986.0452,15.9317,233.0180,0.3366,2.4560,1.8655,413.3248,605.2461,866.4664,79.1200,51.7431,259.3771,0.0013,1829922.8378,0.0278,1.1317,272.3228,0.0568,485165195.4098,0.1071,514.2719,473.2593,0.3926,0.8978,8.6271,0.4278,5.1817,0.1792,4435.9382,70.2692,5157.3167,8.9399,0.0068,5.4048,0.0012,0.0027,0.0269,7.2076,7521.7571,4.1752,0.9431,6.9752,0.2848,17007.4003,2.8841,357.6391,1.0306,2.4808,251527.2496,83.8091,0.1597,0.0042,0.0021,0.1239,38.1952,132.6925,0.7448,1.6053,23.0338,2.4386,8.7919,12902.9854,2277.6040,18301.0203,0.3078,0.0081,84.7966,3.4291,257.2679,111.1340,939.4648,14.2501,0.1675,0.0083,23.8876,0.0170,105.8747,0.0264,0.0490,0.0373,0.0435,304.6702,0.0015,1715.3965,5403.6564,7.2690,64.1274,3.1493,0.0093,116.4417,0.0018,327.7801,2483.4672,0.0226,0.2784,0.0077,1.0217,0.6630,2788.6597,46.3933,907.7969,9.7788,4071.8939,1292.9797,0.0006,0.1615,7.4799,0.0449,18601.9809,0.0000,24.1644,7.5559,0.0003,0.1435,1151.9367,0.5479,263.0027,923.3378,26.0490
0.0123,0.0198,0.0533,0.0049,0.8480,2.3032,0.0019,66.3065,0.0531,0.8341,12459.0160,0.0001,3.9193,0.0007,0.0945,9.5527,240.8925,0.0719,10.1732,31666.8481,417.9214,1340.0465,1.3126,1.4985,2.9419,0.0470,15.8084,0.1071,485165195.4098,0.8149,1.0871,394.7011,7.1606,0.0191,1.0060,0.3127,45.6410,0.0356,11822.5963,26.2914,6186.4199,42.2742,8107.4565,0.5749,79.3194,0.0335,0.0002,0.5677,110.6561,228.5028,0.0000,0.0003,0.1724,89067.5186,6.7754,160.9252,0.1677,0.0005,25.8873,1.0624,839.5476,7.3428,429043.0610,5.2758,0.1741,4.4412,0.0002,0.1720,0.0065,0.0012,0.0040,1165.6061,620.3757,48859.7653,294.9907,664.7776,4296.3366,0.7170,0.0002,62.7303,500.3092,801.0307,0.5494,464.4573,3260406.4588,0.0011,0.0006,0.4557,0.0067,2507.5773,73825.3367,4.0399,0.3320,26.9825,34842.9720,0.0094,0.7581,3.4241,0.0013,0.0003,0.6357,0.0565,1201.4012,12335.2914,0.0003,28.3833,0.0025,42.4514,2.3634,1.1933,69413.9123,141.2211,1.1428,210.7479,26775.7198,1201.8975,1235.8363,0.5365,2.2873,0.0000,0.8090,101.4851,38744.0508,0.1882,0.0011,0.0778,0.0078,0.0021
0.0000,0.0006,0.3977,10.6116,0.0000,3.1856,0.0028,0.4155,0.4399,1254.7985,413.1514,24.4916,0.0331,0.3064,9.7389,28.4798,102.8634,37.6722,95.9358,1423.8693,79679.1986,0.1859,311.5731,0.0248,0.0091,2866.2973,0.0000,514.2719,0.8149,485165195.4098,0.0088,3.8123,114.3484,151.0385,778.5877,0.0624,156.5348,1119.3865,23941.9678,5512.1797,0.2006,0.0765,377.6749,0.0124,3.1658,0.9809,56.0199,18.6790,0.1281,0.0094,32.7725,0.4936,13387.2328,4.0357,1.8346,1.2755,10.5449,294.6941,31375.8887,0.0018,0.0007,0.5261,2.2428,3.8794,2.3043,132.5207,2.7523,4.0336,60.8330,0.2696,171.9563,2.4593,31891.5982,5.6994,8.0007,6692.3909,0.0107,91.5053,1.7936,7025.5381,29.7937,0.0043,0.3254,1296.5668,14.4088,0.0640,0.0121,1.6803,0.9089,1.3645,5.2667,393.7006,1.9439,0.1352,8.2250,0.1161,0.0014,0.0037,3.4686,0.0339,48.9363,512.1036,17.8700,0.1232,0.0105,0.0006,128.0976,1.7695,208.6981,3.3567,261.5618,20690.1975,0.0108,0.1782,688.0229,370.4294,0.4862,573.7683,0.0009,0.0227,4.3364,0.0034,0.2616,5.4015,0.4157,0.0238,0.1124,165.7112
2.1729,552.5697,749861.6336,11887.4598,40.4354,57786.5257,0.6747,0.0021,907.9588,661.0888,0.1661,222.8905,108575.0624,0.0766,2.8689,12.1588,44678.5961,0.0144,0.0280,0.0961,0.0006,0.0000,323.6173,0.1346,9.9684,0.0601,0.0079,473.2593,1.0871,0.0088,485165195.4098,0.0007,151.2114,0.0153,0.0000,0.4242,0.0000,8.1640,0.2741,49.3671,0.3168,0.1089,15.3217,0.0011,0.0022,0.0217,0.0204,1039.7102,62.2725,2961.4897,0.1910,0.0552,212.4734,0.1680,697.4413,0.0787,0.9663,4.8166,0.0071,0.7109,0.0208,0.0537,5.6907,128501.6313,75.7089,0.0306,28.3563,372.6590,0.2416,0.0141,11537.0975,637.3801,111.5418,0.0044,0.0010,0.3272,69693.7447,0.0004,59.6765,0.0958,8.4112,27.5408,1.0878,0.0010,1.1662,0.5930,0.0020,0.0009,0.0661,2.3096,0.0542,0.0042,5326.5152,5237.0378,0.0011,26060.3207,4.8457,0.0004,0.0095,82.2642,1157.2488,13.5687,0.3533,0.1537,0.0026,1.6847,0.0000,67.2366,49.5604,13030.7810,0.0786,0.0125,10720.1931,0.2116,0.0079,0.0021,0.0303,17145.4742,0.0266,1.1719,0.5417,10.8817,0.0792,2.1632,0.1860,16903.2937,112.2776,0.0239
4.3121,2.6466,2.1493,0.0000,22.3315,0.0000,2.5351,3815.3575,0.0001,0.0498,297.4871,0.9991,11.2342,123.8567,0.0153,18.3488,1.2234,0.0005,0.2627,15449.2217,1657.7488,4055.9874,110.2054,103.3153,0.0200,408.1129,273.9065,0.3926,394.7011,3.8123,0.0007,485165195.4098,7127.5541,0.0681,883.0462,0.0666,19.3105,0.0099,744.3840,0.1333,17546.3860,49.6955,103.7292,2248.2378,1696.7951,0.0001,5.4902,0.0000,2513518.3098,45.5013,0.0001,0.0000,0.0001,54369.2092,0.0202,27303.4784,0.0107,0.1358,942.7040,12.6789,43.8320,411.2102,64.5230,0.0001,16.0262,50.9182,0.0001,0.0000,20158.7719,3.2870,7.3456,0.3992,3177.7121,1639546.5835,3332.9959,22.2226,0.0032,49.1253,0.5948,563.6724,28.2108,43999.3059,0.0003,2137666.8931,13588.1760,7.9099,14.5591,0.0608,1545.4391,0.5586,476364.6433,2.9673,2324.4054,2.6424,6157.3073,3.6840,14921.4454,106.1743,0.0101,0.0001,21.8823,0.0046,1153880.7603,7.8858,63.6438,72.9991,28739.8062,4596.3136,2359.3348,0.0065,199995.0026,1.3679,0.0006,68095.0222,59.3399,7265945.0408,146235.0652,0.0107,184.7640,0.0170,16434.5728,0.0008,272652.4326,87.6540,0.0000,0.0115,3.4708,0.0007
0.0242,2.2174,708837.8936,8.0344,4.1186,0.0155,0.1497,0.3722,0.0012,13.4217,4894.2635,238.1511,387153.4326,4.6469,0.0047,57.0321,299390.6088,0.0000,0.0265,2701.8089,451.2343,3.5496,4604.0962,0.0070,0.0000,3097.7827,0.0009,0.8978,7.1606,114.3484,151.2114,7127.5541,485165195.4098,0.0002,24.4325,0.0010,0.0019,0.0658,1417.8890,11.5629,47.1441,965.6670,198006.6333,7.3855,924.7934,0.0001,2099.7730,0.0054,93366.3102,1058.3751,0.7367,0.0000,1.8476,0.9515,0.2207,2.3275,1.8948,0.0469,1132.9547,0.0011,0.2779,5358.6602,2.8185,24.7769,47.4137,6347.3728,0.0248,0.0475,58072.7839,0.3377,249982.1163,3.6543,383503.4802,730.5945,67.0572,429.9410,3.3032,0.0065,32.6919,306.1490,3.3846,7823.8485,0.0105,1224.0511,26199.1598,0.0094,0.0006,0.0000,8.8386,1275.2629,128.9402,292.9732,138874.1928,0.4823,5.2156,15885.0738,8.8991,0.0001,0.0001,0.1605,12925.2282,4.0566,1390822.1617,0.0005,1.2034,1.9274,1.6888,257.9824,42589.4575,2.6684,15023.1984,0.8242,0.0052,23215.0750,3.5078,3145.0744,88.4622,170.3706,3.7587,0.0319,124.8035,0.0040,2059.2612,1.8403,0.0000,0.1120,545.5214,0.0000
0.3776,966.8778,0.0001,0.0175,0.0004,0.0307,1.5589,1297.4957,150.4035,0.5995,0.0038,81.5849,0.0005,46.9089,2305.3335,0.0062,0.0002,11871.4916,6.3751,10.9480,1.1515,0.4396,0.0955,78105.0881,399.9799,2.8030,0.7048,8.6271,0.0191,151.0385,0.0153,0.0681,0.0002,485165195.4098,43.2109,521.5911,2479.7214,337.2781,33.3504,13.2910,0.2782,0.0004,0.0010,1.3429,0.2029,31.5305,0.0200,0.4342,0.0085,0.0026,109.0577,0.5179,0.8632,0.8881,0.0369,67973.8051,0.0402,151.0195,0.6770,4.1298,0.0002,0.0014,1.7934,0.0064,1378.9989,0.0090,3100.3777,0.0457,0.2496,412.3835,0.1462,3.3325,0.0557,0.1901,0.0644,0.1273,0.0001,27947.9289,0.5754,33.7760,1538.5220,0.0000,0.6541,2.3651,0.0102,45258.9523,38981.3015,34285.6505,612.0952,0.0004,0.0306,0.9206,0.1808,0.3857,0.0658,0.1498,0.2489,71.4670,7.7338,0.6493,0.8748,0.4546,0.0461,1936.5360,44.2885,0.0002,1624.0916,0.0136,0.0512,2.3716,0.0248,0.9691,10.0050,0.0008,313.5889,4.6925,214.0742,0.1849,2.3460,347.9794,33.7596,0.1401,0.5424,2.8770,14372.4374,2.1767,0.0010,14238.1586
0.1628,9.0355,0.0006,0.4147,0.0079,0.0010,1478.5100,0.3517,0.0727,0.2263,375.7470,7.3724,0.2045,14883.1336,0.2095,1.4500,2.7038,0.9366,13233.4229,1055.8949,224.2921,175.4771,28.8914,22.4231,0.0016,1790078.0544,11.9722,0.4278,1.0060,778.5877,0.0000,883.0462,24.4325,43.2109,485165195.4098,9648.6301,125.1807,1.2293,5599.3705,5.5525,84.1837,7677.2582,1.5333,203145.3998,15.6962,0.0802,34864.0386,0.0166,1.1105,1.9452,7.2965,0.1169,0.7854,13.1728,0.0999,233.2963,35.7236,0.4901,1325688.0732,0.2712,82.9806,365.7334,55.8415,0.0000,0.0373,22231.0530,40.7706,1.1986,679.4153,13736.0798,6.5925,308.3512,7.0871,1547.3984,14104.6137,0.1149,0.0000,1549.9794,41.4170,418.1605,2.8392,8.5259,0.0001,38384.1259,29.6081,2.3175,0.6100,1612.9336,2.9427,34.5520,31.3778,2.9238,1.5597,0.0016,370911.3013,0.3239,64.2533,1013.8732,667.9873,0.0000,652.4874,38.9615,458.6639,4.7079,633.4457,2.4074,40562.6024,299.6717,72.4879,9.5176,19288.4585,1.3071,0.3136,23.9457,68.1300,2992.4605,398.0812,0.0943,20.0244,678.0566,3605.5007,0.0165,185.0753,431.2253,0.9099,0.0003,0.1044,0.0253
3.2098,27057.6681,0.0003,347.1849,0.5071,114.1229,1668002.6577,0.0089,5972.5140,5.1641,0.0878,190.6611,0.7527,3947.4685,120.5045,107.3169,0.6782,2979.1442,251370.9054,0.0559,0.0027,0.0201,20.0163,10817.6600,24.0551,29748.2423,711.8859,5.1817,0.3127,0.0624,0.4242,0.0666,0.0010,521.5911,9648.6301,485165195.4098,0.0236,91.4797,7.2418,33.0118,30.3627,9.2594,0.0001,1604.6162,0.0003,2.6808,57.3456,33.2712,0.0795,142.9523,0.1506,30.4355,9.3124,19.3565,803.1721,54.2452,700.1118,9.1494,1502.9756,8455.4707,4433.1603,1.0382,1063.1950,0.0001,0.0105,275.3778,77794.4948,904.1108,0.7356,124984.4284,1.8285,202444.0005,0.0194,0.0343,58.6956,0.0000,0.0004,3991.3445,25124.5282,0.1605,0.1051,5.2229,0.0002,3.4037,0.0035,226.8386,4.1464,304843.8197,0.5571,0.1143,0.0515,0.0000,7.0411,110.2752,2585.0877,1.2268,2653.2645,31442.4436,31575.9172,0.0008,4460.1225,412.5697,0.0505,552.1117,136.6085,411.1194,84.4514,2131.5492,0.0838,27116.1200,8.3657,0.0017,641496.8348,0.0047,0.0736,1.5260,26.8453,63.2888,9.2849,428.5719,850.3263,1.9112,0.0806,331942.9932,25353.9967,0.2723,0.4844,0.7191
3.9811,0.0004,0.0000,0.0009,0.0004,0.0003,0.0023,427.7802,0.3725,0.7142,5.2051,0.0007,0.0000,5.8198,0.0318,0.0000,0.0002,1775.6839,14.4994,1873.0244,25316.3920,2993.2847,0.0060,16.6727,15.6300,0.0123,16.5871,0.1792,45.6410,156.5348,0.0000,19.3105,0.0019,2479.7214,125.1807,0.0236,485165195.4098,12.0996,437.5206,4.3345,0.4604,0.1680,2.1252,69.7299,64.8835,57.0703,0.0395,0.2856,0.0796,0.0000,22.5690,5.8119,0.1035,4.7470,0.0063,305.5219,0.0001,21.6188,0.0966,0.0536,0.2346,0.0065,0.1714,0.0313,0.2426,0.0516,0.0145,0.0601,0.0045,0.6440,0.0001,0.0581,0.0334,150.7790,5.2704,441.8618,0.0370,401.4733,0.0000,2621.6631,2404.7470,0.0004,811.7928,25.7356,2.4840,6.7368,140.5276,130.4065,0.1022,0.0516,235.7417,40.9718,0.0006,0.0000,264.0151,0.0057,0.0466,24.5939,0.3621,0.0246,0.0001,0.1323,0.2640,633.5309,0.0761,1.5217,84.0051,0.0664,1.6217,0.0003,1.9662,462.7868,0.0005,0.0090,1496303.6181,188.3304,39.5249,0.0002,0.0357,0.1754,0.0039,0.5118,892.2260,0.0047,0.4378,0.1561,0.0001,4331.9237
0.0001,0.0569,0.6913,13709.1450,0.0000,10892.4835,17.1477,0.0001,1867338.7098,838888.9633,0.0005,35654.1854,0.0001,1.0272,2.2208,0.3405,0.7870,951336.7114,4499.4049,0.0612,7.4240,0.0000,310.3995,1.9179,9234.4760,9.6591,0.0017,4435.9382,0.0356,1119.3865,8.1640,0.0099,0.0658,337.2781,1.2293,91.4797,12.0996,485165195.4098,103.1882,1448564.5885,0.0000,0.0000,0.0008,0.1446,0.0000,19594.6294,0.0742,175111.4191,0.4644,0.0283,731.4094,3906.2307,14380.9970,12.4507,76322.8661,0.0853,0.0371,5675787.5380,2.5919,5.3513,0.0499,0.0000,1.4117,1287.7089,0.0685,0.0594,106622.9454,57239.9823,0.0041,69.0175,22.6295,1075.4089,0.6901,0.0001,0.0424,0.5778,2.1399,4162.3421,308.2909,0.5467,604.5856,0.0013,2.3462,0.0088,0.0002,8.0464,7.6662,66.1409,0.0155,0.0000,0.0049,0.0000,2.1034,3.9674,1.7280,0.2307,84.4942,0.0082,689.8189,0.5335,1858.6203,719189.4470,0.0020,0.7103,0.0005,2.7486,1.3335,32.8451,1331.5995,0.6743,0.0316,0.5813,2259.1160,0.0000,73.3813,27.2108,0.0005,534000.0888,0.0000,0.1784,0.6088,0.1932,0.0266,22985.9282,17.0562,81.2841,0.0054,291350.0915
