485165195.4098,3099.7830,756432.5209,0.0356,0.1251,0.0236,3491.9104,0.0923,0.0000,0.0312,0.0026,0.0310,0.0011,1.1070,2.2946,0.2099,6.3709,0.2128,11.5036,10241.7856,30995.2814,0.0014,111.4048,0.1141,91232.2584,3.9453,95968.9214,13172.6121,3280.0439,22.2753,0.1032,0.0070,115.2407,0.0016,147.8437,0.0000,0.0083,0.0421,1321.8476,0.8489,0.0017,4104.5187,0.0000,856275.6276,219.9899,0.0083,0.0010,0.1725,31.4121,0.0057,0.0007,0.0001,257.0398,245.2717,7.0820,16.9908,26.7575,55247.5091,10.9566,0.4370,94.6246,455248.3447,202.8804,0.3934,0.1107,0.2573,323.8063,29309.3011,0.0045,0.0786,0.0596,257307.3728,20.1198,0.0018,0.0255,9.6454,0.0186,0.0656,0.0001,0.0171,131207.2666,4.1832,27347.7059,11.4962,0.2943,0.0003,0.0000,0.0312,0.0088,0.1734,0.0163,0.0074,0.4240,0.0006,57.6353,0.0000,0.0001,0.0033,117.8381,0.0001,0.0000,0.1652,39.8327,0.0046,0.0200,793.8795,638729.9378,0.0984,797.5894,1661.1158,0.2902,0.0080,3698.6390,317.1528,0.0080,1791.4257,149.8940,3.1416,414305.5892,0.0000,905.8774,3.4239,0.0089,0.1048,0.0138,0.0011,239.0092,0.0005
3099.7830,485165195.4098,0.1589,0.0006,115266.2463,1171.9817,1953.2463,33.8050,1.0692,0.0001,1.5820,7.1251,379.3330,2409.4437,0.1928,313.4962,0.0236,4666060.4718,69404.0251,226845.2564,33.4476,0.0058,1054.4155,2.7033,129.2230,40050.9962,14374.5199,925336.9732,506340.6774,0.0001,16.8627,34558.8755,30882.8471,1265.0072,38847.6101,0.0325,153.1888,9.2600,32904.5297,2.4525,0.0000,22542.8289,0.0172,75523.9760,156662.8580,0.0063,5.2215,2409.7514,1901.8814,0.0521,695.7426,0.0000,5.3817,1755001.5234,0.0038,125613.5878,2.1333,194083.8104,87683.3108,207.8236,53229.4862,38.6749,686.6915,0.8649,8.8800,10020.8776,707.3594,19685969.7781,0.0011,15.8691,0.0001,9.1782,0.1044,0.0000,0.0003,20444.5042,0.0224,9.5396,0.0000,6.0564,19896182.6325,7235.2190,31717674.2448,61159.0696,107.3381,8.2273,0.0033,11122.2674,0.2307,16.7362,55.4386,0.0106,0.0272,6.2452,2490866.1028,0.0000,0.0000,0.0098,11610681.0549,42.5077,0.0000,3486.2800,20.6795,6.3911,6.3949,178.9470,2760.0031,744.0569,527.6655,21550947.9094,2665590.7387,0.7758,0.0928,10710186.8737,8.4836,325.2907,0.1569,550.0521,195778.6334,0.0003,24274955.3101,0.0060,3439.6678,34120.8486,0.0000,41.6945,3792.3475,0.0012
756432.5209,0.1589,485165195.4098,0.0830,0.0000,0.0000,88.9142,0.0000,0.0000,0.0829,0.0000,0.0001,0.0000,0.0010,0.0188,0.0001,493.0391,0.0001,0.0072,0.2102,9.8040,0.0001,18.6868,0.2991,15580.0701,0.0027,349.2215,95.6128,2.7650,1531.5879,0.0007,0.0000,0.1115,0.0000,10.1818,0.0000,0.0028,0.0019,3.0299,0.0002,0.1210,0.6556,0.0000,134.7841,0.1143,0.0001,0.0000,0.0003,0.5508,0.0007,0.0024,0.2810,0.4787,0.0041,564.8820,0.0022,0.2067,0.2457,1.1798,0.0004,0.0226,77.1571,0.1609,4.6426,0.0000,0.0003,1.2475,0.5092,0.0004,0.0001,33.3850,121005.9602,1.5825,0.1560,0.0155,0.0082,0.0001,0.0090,7.9479,0.0000,50.0180,0.0016,25.5344,0.0026,0.0001,0.0014,0.0000,0.0000,0.0006,2.3479,0.0002,0.0252,0.0314,0.0000,0.0216,0.0017,110.8595,53.0754,0.0021,0.0000,0.0000,0.0189,0.0052,0.0000,0.0000,46.7969,1062.3138,0.0000,0.4890,0.4645,0.0011,0.0015,5611586.2129,0.0022,0.0000,0.9740,422.0893,0.0003,5758.9232,0.0000,0.0829,0.7350,0.0000,0.0000,0.0258,0.0180,0.6961,0.3957
0.0356,0.0006,0.0830,485165195.4098,4.0345,27.3064,3.2141,5.0523,4517.8332,730539.8187,119.1916,215.7500,24.9936,115.0181,111604.6232,6.5385,403.7196,0.8422,0.1997,0.8465,185.6228,839964.9110,0.0475,7.5823,73.4087,0.0255,0.4639,0.0003,0.0594,0.1701,1605.9760,0.0203,11.2463,29.6004,0.0026,27832.4239,0.0003,131441.0582,0.0847,107.2483,4291216.1204,0.0423,605845.4036,0.0011,3.2969,358072.7610,11622.0469,7590.5993,35.7698,216.0586,0.0001,871.8932,204.4649,0.1011,3.2372,0.0002,3294.8943,25.5571,0.0099,7081.1748,0.3711,17.8877,1147.1024,4237.2782,318.8794,21.7771,0.0014,0.0002,68.7131,16362.7705,0.0002,0.0004,491.4910,802166.1286,13276.0354,0.0009,455331.8435,2719.2535,0.4567,9.3011,0.0000,2183.2960,0.0041,8.6668,1.2460,411.2895,129052.5726,0.0003,3149562.4330,0.0008,248245.1039,238567.4974,78620.7461,38766.6820,0.0002,71023.9429,7.1495,0.0001,0.0138,99.7120,284.1602,15.2115,63.1355,189044.2536,0.2234,10.5112,14.8807,0.5094,0.0001,0.0035,0.0001,34.7613,0.3276,0.9342,0.0511,18005.7152,19.3045,430.9459,0.0019,1370.1054,0.0593,4923.2797,28.3695,363.0103,158418.7168,0.2658,246.2938,171780.2364
0.1251,115266.2463,0.0000,4.0345,485165195.4098,4030.5176,2080.6573,302833.0382,40348.6831,0.0528,55057.7933,7093.5194,91115.5938,144.5628,65.2682,11687618.2052,0.1144,1687686.7427,717204.6687,179855.2685,87.9797,4012.2203,1.6019,186.9407,100.1840,7808.5195,16.0971,1055.3885,51.7315,0.0000,25.8524,690064.4647,2732508.9270,3015.2515,69166.6294,96126.5730,55.2576,5535.9622,184.9970,178694.1147,0.0080,456823.3687,542.2722,83.0585,4243.7808,51.9770,2202523.7167,51253.2512,61666.4450,38138.2105,9223.4806,0.0052,15206.8206,3413556.7034,0.0033,9855.7600,920.4731,16304.4014,43590.8578,15766068.9624,5869.5417,626.5611,4944.4666,360.9927,88489.3440,1189904.0243,157.2125,78420.7002,3.5514,393436.0101,0.0000,0.0004,5.0226,0.8212,1.1762,6.6172,1717.3569,1717.4859,0.0000,1267464.2230,47.3444,1343.3513,9841.1060,2406882.6387,107174.2228,10852.3356,9264.7541,217.3029,774.4108,0.3136,157415.6382,3.5410,0.4950,28932.9444,87627.3662,2.2359,0.0006,0.0000,16979229.1596,1040877.1783,0.2729,130719.2155,3121.4066,627316.9441,244060.7408,482.8378,48.0302,374444.7859,340.6255,7462.3928,75790.1395,130.0586,0.0002,3005686.5932,3050.3866,5930.7904,0.0170,5933776.0715,7.1611,386.2916,137309.9453,61.2404,59283120.3242,2918470.5263,0.1960,48.7468,26.4679,4.8425
0.0236,1171.9817,0.0000,27.3064,4030.5176,485165195.4098,0.3318,98.4181,242.7676,109.5956,193.7538,48125.3359,533.5315,6498.1116,41.9804,39.5328,0.0143,4967.7956,2.7469,1472.8716,1.1137,478.7334,27.9653,0.2283,0.1460,3757.7051,1.0712,0.4988,171.9519,0.0027,5461.5044,22844.9730,143.8775,3590.5764,0.0679,26.2674,6.8737,333.8357,5.7895,80.5454,3.7781,1.0520,24904.5494,0.1525,16015.8549,5269.0492,16156.5882,1134.6715,6.5716,1.6071,0.0740,1.0959,0.1284,9519.8407,0.1229,788.6903,0.0798,892.0697,16.8972,1006.5831,32.2255,0.0873,3542.7456,0.0580,30672.2744,265.9101,10.9521,71.2874,14.0644,1078.9915,0.0027,0.2184,0.0582,0.0709,1.0378,6459.4515,12903.7303,614.0380,0.0008,27.7629,8.0134,41393.2568,4.4799,594.5515,4539.8571,93.8645,611.2028,83794.5852,2397.5385,0.3871,273.8141,0.5272,22.8041,69263.2207,3.6705,12.7652,0.0000,0.0058,1878.7855,816.1469,8.9473,2.8690,73.2864,5169.0329,24.2639,0.6236,10.0780,22713.1367,0.2480,38.1722,2075.2938,0.0404,0.0000,12580.3407,611.9427,731.8664,0.0820,2270.4353,2.5058,0.4352,12673.4423,0.8592,325.3530,74417.2478,27.3442,0.0710,1661.1291,0.2862
3491.9104,1953.2463,88.9142,3.2141,2080.6573,0.3318,485165195.4098,8268.3912,25.7772,0.0634,65.5072,0.2063,52.1868,103.7818,27.9815,23559.4526,988450.6145,597.6379,148546.5682,39232.7204,128066.1991,16.2689,0.0381,0.0015,80644.9135,0.2903,3.2746,799401.4158,6754.9593,0.0000,4.3071,0.1100,194307.5328,6.4468,1955.5993,275.6808,0.0001,814.8097,31.3501,2271.3148,0.0298,42019.4333,0.7534,204.6540,685.5274,0.0013,13.1809,59.9745,652.5570,16.7629,403.9242,0.0177,84492.6920,3203.3633,0.0005,2898.1010,5943.7019,1588.5027,2593165.1027,161.8223,741856.5231,18431.6211,35498.7082,5362.1347,8.4237,2294.4218,0.0615,37842.1864,0.0208,119.9362,0.0011,0.0081,240920.6985,0.1197,0.1474,0.0013,0.0400,0.1717,0.0002,3001.2403,20.0979,0.7309,63559.1732,8995.6013,1.0911,13369.0384,3.9734,0.0005,26.2923,141.4708,1135.4124,1920.6120,5.5295,5.7171,2117.3006,0.0090,0.0806,0.0000,11197.1692,1.7445,0.0166,48009.6076,15248.0900,9.3207,30.7399,29183402.6977,3611286.0095,88.7291,68.9676,37044.2041,2.0135,0.8172,36397.6489,524.0746,24.2923,277981.5386,0.0142,633.0691,30.3624,2.3261,23055.6324,48429.7190,4698.6512,7.2703,2.7502,0.1222,24.3898,151.6953
0.0923,33.8050,0.0000,5.0523,302833.0382,98.4181,8268.3912,485165195.4098,349804.9917,7.6381,343589.1315,69509.6900,138959.8913,1895.9781,3869.1402,12816074.1517,34.4370,4781.1110,35969.6051,108506.5226,2110.1127,193899.1200,0.0179,0.7203,8.3144,402.8094,0.4157,570.2046,3.5574,0.0000,1178.8968,41680.2777,193908.9501,7662.0234,815.4906,206212.8752,0.3164,30269.5193,118.7639,9252705.6614,2.9575,66403.9109,619.1504,22.0130,1593.2734,15.9395,749064.0727,5973.0277,921.6944,16769.9918,646.8098,1.8813,1181803.7702,9655.8951,0.0008,9590.1449,9460.2006,1532.4500,364.9044,109522.2267,31637.8736,4036.0064,79080.5218,134.9554,3990775.6416,895400.2421,108.5487,3522.6404,33.0106,127039.7908,0.0001,0.0001,33197.0609,0.4769,5313.4857,0.0582,792.7652,0.8208,0.0001,29350339.0581,0.2815,109.4901,62.5909,8890.7033,445005.6195,6214.0266,49679.4139,0.5085,1332.3657,1.9172,36255.3651,219.3650,969.7772,7410.8910,16309.0951,2.4207,0.0029,0.0000,176812.2624,267493.2494,33.7986,44704.3605,6510613.0557,26090.3777,2912998.7073,2442.1647,861.1558,1606843.1004,115245.3344,735.3012,102.1712,4531.5746,0.0010,15945.7474,1295537.2076,8040.6825,0.0594,179935.8723,0.2013,10343.8783,3402.2984,76172.1540,4709098.8300,2149.9777,759.7162,0.3008,2.9134,41.4611
0.0000,1.0692,0.0000,4517.8332,40348.6831,242.7676,25.7772,349804.9917,485165195.4098,1455.2135,4323258.4239,54439.3449,6189727.7970,19471.3856,2206.7952,105519.0535,36.3059,85955.9359,3478.1557,77.5970,50.1721,694632.5660,0.0001,0.9269,0.4059,44.0266,0.0023,0.2844,25.5599,0.0000,7861.9513,1710.6661,1166.5795,879016.8161,7.6742,3435666.9551,0.3405,1395128.0913,6.5810,23529.5677,65.7570,27.5838,4153928.9041,0.0162,43.4230,1247.1004,102695.9630,2784139.5834,655.0195,35762.9045,626.3079,139.0788,1413.5146,59.6961,0.0001,10.3329,2675.3391,16.2723,20.5640,17374.1485,2257.3566,1.0605,444.5028,12.7899,9229.4635,40351.1534,0.0105,1.5484,51.0333,896323.2927,0.0004,0.0000,71.8043,1864.0469,7539.2869,0.0038,11563.9971,583.0236,0.0455,306461.4432,0.0003,2432.5798,1.8477,3812.0803,813.1934,265702.2419,736068.5529,2.5655,3699589.5448,0.1432,3066628.9722,290548.0879,19144.8953,13187134.4243,75.8744,15725.4493,1.4139,0.0007,102.5299,2580187.2874,48427.7880,96669.5277,6299.8927,2513044.4558,8782.8087,8.7631,1.0674,17441.3651,0.1362,17.9459,8.1412,157618.0739,0.0004,117.3183,1090.5211,292.7000,0.0024,27979.7953,0.0003,3525733.3623,115.9523,44.3555,2254182.9064,18637.6080,19669.0252,395.5831,7.3545,3942.8382
0.0312,0.0001,0.0829,730539.8187,0.0528,109.5956,0.0634,7.6381,1455.2135,485165195.4098,6177.7855,25884.9737,854.8904,1691.9620,2081777.0172,0.2077,39.8604,0.0565,0.0012,18.3859,201.9199,1561400.5075,0.0004,0.1135,227.3664,0.0039,0.0175,0.0002,1.9807,2.5961,150929.1941,0.1360,0.3984,617.6426,0.0013,542.0618,0.0003,220416.3054,0.0812,3.7898,1092699.2134,0.0046,599250.1727,0.0049,140.0065,353739.6316,83.9493,3048.7937,51.0233,1.0840,0.0000,19276.7738,13.0039,0.0024,0.1114,0.0018,2760.8377,3.6968,0.0049,6.7919,0.3849,2.2057,14171.0252,4.0110,67.1635,3.4825,0.0024,0.0010,2107.5116,881.5911,0.0346,0.0067,6.7844,27626.6983,444212.4152,0.0007,303837.9837,0.8520,13.8459,5.4949,0.0000,667.6810,0.0014,0.0020,0.2908,330.3757,384.6654,0.0519,3484480.9822,0.0000,5231.9146,94588.9299,1033811.1863,410004.5810,0.0009,436157.0408,2.7071,0.0820,0.0033,274.1390,2297.4434,0.3595,7680.1507,190.5706,0.2624,0.8417,2.8785,4.6947,0.0010,0.0021,0.0005,1612.0722,0.0281,0.0371,110.9945,15739.9185,1.2168,12.6792,0.0018,581.1708,0.3489,81.2442,0.4740,39.5206,3420028.9382,0.2414,0.2621,109.6644
0.0026,1.5820,0.0000,119.1916,55057.7933,193.7538,65.5072,343589.1315,4323258.4239,6177.7855,485165195.4098,95470.9265,495584.0143,617.7771,4105.1988,740645.9686,9.6689,1290.7192,8691.3101,4069.6830,2107.0100,1332251.4020,0.0000,0.6942,477.9769,3.8512,0.0049,0.1677,36.9984,0.0006,227.8847,884.8208,2466.1009,10857.1670,489.2379,349407.8365,0.6794,65094.8057,1.0276,80994.0040,48.4156,9589.4008,444046.8091,18.1074,61.6328,14412.2117,24496.9079,132657.8674,8393.4809,385890.4860,103.6540,10.3517,78354.2779,75.1875,0.0001,29.8403,19418.8479,201.5635,50.4751,25723.4035,116.9829,952.6056,920.5518,0.6805,4168.4206,1639.7212,0.2228,22.9271,7634.5539,332184.8583,0.0017,0.0000,6.9064,7159.7543,8619.1741,0.0005,98929.9259,37.0580,0.0012,1345104.1967,0.0023,24.5958,1.9274,574.8532,486.7501,7638.5734,25893.8541,6.8282,1358174.8150,0.0004,148087.2322,8710.0184,498.1577,3618708.2655,243.8048,64720.4112,0.2296,0.0008,388.5678,1882463.7356,536.5344,651.7306,162678.5697,118846.5886,168580.7101,10.2392,3.4274,232181.1564,5.2929,0.8875,1.1422,126435.8278,0.0005,27.4728,9051.4721,3195.2893,0.0013,1077348.3579,0.0008,255328.2125,139.4961,19.8442,1468105.9899,11116.1503,4060.8815,165.8942,0.0138,1.2142
0.0310,7.1251,0.0001,215.7500,7093.5194,48125.3359,0.2063,69509.6900,54439.3449,25884.9737,95470.9265,485165195.4098,33289.9860,64356.7322,55857.1110,495.7587,0.0109,2734.4963,6.0071,7550.1334,1.6794,136766.6583,1.1636,190.4113,15.4235,94569.9060,52.4961,0.5132,7.6347,0.0000,111024.1663,41810.9802,15847.8012,35890.4931,128.4553,11004.2209,97.6226,377046.2905,31082.5802,1102.2557,16.4431,29.9729,4076.9416,3.1447,49249.8262,3660.9439,82119.0297,333838.8212,117904.3272,1123.3114,0.0621,1168.8920,366.6645,61.5965,4.8678,0.5043,302.8198,313.4364,0.0809,26645.8859,10.5035,76.8271,41505.1239,2.9944,369447.0662,240888.6278,2673.4959,30.4159,1.3263,20718.0805,0.0000,0.0916,0.3233,4.5888,550091.9617,2.3892,100512.1857,24.6356,0.0003,980.8088,0.2568,699496.1044,6.2161,16.4114,1017169.1001,21.3425,403.7057,11.2822,113631.3425,0.0003,18195.6004,7.0227,155044.6248,1167939.2540,215.3202,1294.7207,0.0030,0.1092,1974.5239,58767.6027,2.0186,4276.2851,55710.1352,80016.1599,149.2665,0.3182,19.1828,5364.3490,291.7670,13.9781,367.0267,15314.6162,0.0000,11970.1731,6319.0908,1064.9677,240.0055,14291.7345,52.8450,401.0475,1666.8899,33.6921,3826.6737,3143.3523,21658.4471,3.3287,22.3926,2.1071
0.0011,379.3330,0.0000,24.9936,91115.5938,533.5315,52.1868,138959.8913,6189727.7970,854.8904,495584.0143,33289.9860,485165195.4098,363400.3737,69582.2089,39812.3099,4.2368,300472.1067,314.3087,31381.8914,117.4116,130344.9842,0.0012,0.6139,12.3269,12.3449,0.0446,87.1316,3629.3288,0.0000,140163.5374,26646.8456,420.0753,10792941.5529,80.3359,17864.7348,0.2860,2919396.4752,41.6079,634.7115,0.4372,40.4773,134958.4270,0.1836,18652.8384,171.1678,5709.9321,1137935.4543,4978.2856,10.3939,151.9261,3.4772,178.3575,677.1006,0.0000,446.0244,48907.5301,1035.6567,411.3937,2142.3260,124577.6045,0.2293,43162.3557,4.0617,871.9265,191065.5612,0.0182,1349.1817,121.7115,398326.5399,0.0002,0.0000,47.6280,3.6515,1828.8512,0.0409,824.5466,0.4256,0.0074,83978.3012,1.7095,10863.9445,1100.5655,168.3575,104.2062,1206348.3016,491.3299,142.1505,145806.6243,0.0385,1171571.9486,55955.0875,11660.3446,4936182.0223,8738.1629,136.4822,0.0160,0.0043,4377.1326,5875452.0596,1294.5851,44909.6772,52866.4398,8140.5313,10814.3611,19.4041,2.4401,5152.1379,1.0938,7707.7818,893.7739,38563.6034,0.0005,8074.1830,83503.5983,10444.3958,0.0001,1573.7296,0.0229,21559.8284,31201.9215,1.5074,802725.9022,93195.4248,435.4993,872.1631,0.6100,45.7384
1.1070,2409.4437,0.0010,115.0181,144.5628,6498.1116,103.7818,1895.9781,19471.3856,1691.9620,617.7771,64356.7322,363400.3737,485165195.4098,138567.2023,15.7239,17.0030,228078.4551,68.5303,4795.3687,16.3026,1443.7174,2.5088,0.9243,8.6913,727.0646,293.1226,187.7097,60553.6348,0.0000,39411752.5702,1700.2192,202.8134,33490535.3024,2.8120,20.7136,0.5069,3259577.6875,51547.2483,1.1008,0.2608,2.1854,1354.4856,18.0327,450392.1500,7.6999,72.0276,2645632.4162,10052.4753,0.0294,0.3849,274.4169,38.4019,11.6187,0.0004,25.2238,4250.7565,14006.3988,6.8688,14.0471,85223.9874,1.3315,440955.4806,32.1475,298.7358,242899.2224,0.5167,276.3504,0.0550,687.0877,0.0000,0.0012,187.9900,0.0235,7889.1010,5.2524,15.5094,0.0754,0.0314,14.6590,53.7771,2165518.6933,12289.6805,4.4590,42.5338,810.2110,0.9153,9.2309,44713.4353,0.0402,409866.3526,23132.9422,1551605.6879,145421.3386,16516.7382,1.1511,0.0005,0.0064,1160.1821,5171.1092,2.2603,46829.7861,72698.0251,146.8054,1.1235,188.1339,334.3095,30.4016,4.6667,199921.2683,507.6405,14526.8128,0.0074,36449.3324,1456.5110,18551.2683,2.1360,8.6700,53.9475,14.6454,114343.4442,6.0364,617.3571,3500.2174,90.1294,457.3310,2484.8035,16.9208
2.2946,0.1928,0.0188,111604.6232,65.2682,41.9804,27.9815,3869.1402,2206.7952,2081777.0172,4105.1988,55857.1110,69582.2089,138567.2023,485165195.4098,182.5004,11.0129,7.7642,0.6387,5737.7784,989.1540,6145962.4766,0.0618,8.3450,2101.6488,0.0615,31.2100,0.2917,6.5697,0.0093,2306266.4891,48.9780,47.3431,43875.0740,0.4825,3867.9229,0.0036,6255052.2333,28.9908,120.9218,14892.6975,3.1393,12234.1722,0.6435,7726.4435,33095.6917,4888.4392,20285.8030,16286.2544,1.0654,0.0002,248.2226,6461.1695,0.3759,0.0274,0.0556,10679927.6350,5966.0427,0.1099,1686.0104,278.1580,281.7388,3951460.4193,3956.0478,6127.8253,21127.8833,0.1189,2.2597,1478.9232,31458.5594,0.0000,0.0006,12278.5469,330.7784,2975348.3699,0.0038,76345.1085,0.0085,0.0275,655.0365,0.0231,16781.2150,6.5070,0.0404,36.0581,947.8615,70.1115,0.0133,228892.7204,0.0000,580561.5767,111754.1294,2239235.2049,85143.7540,8.5914,2022.5349,0.0144,0.0004,23.0608,39299.4759,15.6238,162.3625,1823097.1666,411.8503,99.1928,223.8030,45.3551,11.1963,2.1859,8.4054,0.0465,5604.4590,0.0110,557.7033,10103.0278,2348410.1881,4.3387,175.5297,0.1741,397.4755,52.1959,9608.0646,226.5167,2384.3450,21132.5963,4.2576,0.3780,148.1489
0.2099,313.4962,0.0001,6.5385,11687618.2052,39.5328,23559.4526,12816074.1517,105519.0535,0.2077,740645.9686,495.7587,39812.3099,15.7239,182.5004,485165195.4098,8.7387,6658.9820,1471753.8935,91356.4358,9098.2718,98273.3521,0.0039,11.1039,234.7495,26.4676,0.5232,106.3373,1.9853,0.0000,2.1900,10280.2584,109407.4585,210.4882,15267.7636,213824.8045,1.0063,1628.1085,1.5032,16795434.6576,1.4769,5103336.9154,901.5980,211.6673,30.5385,160.8642,1820179.7820,2258.9020,1568.3104,469756.8142,5418.0295,0.0099,5192680.1907,221883.9645,0.0003,7490.1847,22154.9519,22428.1611,5155.4397,5349768.0636,2513.4238,21019.1930,3200.9733,205.6828,137314.0525,29311.9862,30.3383,3964.0021,711.9473,2290421.0902,0.0001,0.0000,3362.8602,40.0110,36.8386,0.0151,3121.1162,83.3468,0.0000,88541800.7194,0.3999,3.1782,340.5056,699299.9366,46516.4450,9081.1210,145246.9246,2.0377,1016.1364,0.2803,69003.1561,74.8945,0.7564,4030.8304,9915.4834,8.9980,0.0055,0.0000,277529.6034,603447.7621,2.7523,7065.0585,100306.0833,243583.9723,17957422.4287,1941.6540,97.9443,893407.2616,3256.8794,146.3309,32.3246,250.5308,0.0028,18985.1369,15973.9423,10451.8428,0.0015,13576029.2335,0.0267,6675.6131,2060.5426,6852.7985,78105769.7032,26102.9902,3.2137,5.3710,0.3052,22.1628
6.3709,0.0236,493.0391,403.7196,0.1144,0.0143,988450.6145,34.4370,36.3059,39.8604,9.6689,0.0109,4.2368,17.0030,11.0129,8.7387,485165195.4098,0.5915,8.7139,7.3343,2971.8473,36.5481,0.0003,0.0001,782.1430,0.0006,0.0016,911.3513,130.8652,0.0124,12.7333,0.0000,58.6189,1.1767,0.2015,62.3743,0.0000,805.6740,0.0929,11.0196,50.7840,2.1289,52.0762,0.0281,2.4965,0.0032,0.1171,5.2413,1.4770,1.6701,13.9949,73.1269,402.0730,0.1242,0.0003,5.7310,115.0691,0.2186,4545.8271,0.0870,8395.1173,14.4496,304.0932,349.3997,0.0263,2.4275,0.0000,0.5436,0.0340,2.3864,1.1447,0.0004,57252.0400,9.7603,2.4829,0.0000,0.0151,0.1073,42.4775,33.8817,0.0014,0.0098,3.2680,5.3606,0.0004,37777.0571,20.6483,0.0000,267.2746,836.9738,246.7068,628932.0657,689.4150,10.3495,0.2025,1.8171,925.3009,0.0006,0.0666,0.0257,64.3655,600.2003,183.1905,0.6138,0.0841,683508.1832,20800.7865,0.1902,0.0133,17.3030,0.0012,2.9135,1361468.9419,0.0066,1.3293,2149.4500,0.0039,0.2189,0.0180,106.7268,3.0076,7346.6412,4.9472,0.0088,2019.0127,0.0848,17.1931,24872.2674
0.2128,4666060.4718,0.0001,0.8422,1687686.7427,4967.7956,597.6379,4781.1110,85955.9359,0.0565,1290.7192,2734.4963,300472.1067,228078.4551,7.7642,6658.9820,0.5915,485165195.4098,234736.3352,35847.7649,6.7846,13.6517,8.1689,12.6210,5.9156,134888.6684,85.3842,25038.5593,115054.4473,0.0000,4807.1926,350045.9008,231975.2510,1371976.2498,8786.7888,226.9653,64.7226,29532.0779,28986.0792,46.7079,0.0000,2249.0957,228.4163,230.7704,115718.9544,0.2436,2321.6865,5970229.4058,21579.7787,13.7675,13280.2948,0.0903,28.2789,232126.2123,0.0001,12126.2817,19.1013,11151.1896,33570.1094,7820.0092,168486.2487,1.7023,3264.8324,17.9178,393.6740,1345188.0209,22.5782,118316.0918,0.0018,3155.0468,0.0000,0.0006,0.2324,0.0056,0.1877,297.2544,2.3419,713.1555,0.0000,782.3553,3133.3800,224682.3114,883145.6840,312068.4819,762.0198,9676.1176,23.6034,2060.3407,1769.8301,14.8158,215871.7710,35.7426,42.1846,51350.7009,1435495.4244,0.0204,0.0003,0.0039,2984593.2412,65718.5217,0.1234,2168097.4028,236.8021,14784.6406,48.4583,153.3316,155.5899,10443.3437,12.9238,4490701.7877,2085053.1084,3291.5230,0.0024,4861344.6402,124.3786,411.5457,0.0611,8195.6045,399.8159,14.8978,8055865.0269,0.0615,870117.5601,864637.0952,0.0365,3265.3853,17110.2749,2.1536
11.5036,69404.0251,0.0072,0.1997,717204.6687,2.7469,148546.5682,35969.6051,3478.1557,0.0012,8691.3101,6.0071,314.3087,68.5303,0.6387,1471753.8935,8.7139,234736.3352,485165195.4098,3922.0157,2205.5470,12.8412,0.3118,1.3715,228.9274,597.6566,143.2015,1467.7324,404.2405,0.0000,0.6377,4042.1290,102590.2800,149.7000,85957.5443,1820.9595,27.1281,74.8225,264.6884,20945.2032,0.0008,3321255.5896,2.7416,43890.9190,80.5533,0.1809,1410.2893,8690.5497,4493.5969,25564.4477,85919.1875,0.0066,133309.0218,25814.2564,0.0014,8282.6254,415.2625,6707.5857,54837.4966,19832.7684,3865.5188,14328.2323,54.4475,277.2255,187.1692,33164.4389,155.1139,10718.9437,0.1391,3975.9673,0.0001,0.0090,284.8447,0.6311,0.1358,1.7545,4.4473,601.0580,0.0000,60940.3824,74.5743,21.1919,31625.1815,834275.5760,2078.0808,99.9532,145.6295,3.9009,44.8329,5.7731,3604.4877,10.7023,0.0434,53.7040,127032.6153,0.0816,0.0031,0.0000,625067.3579,2126.6721,0.0202,97912.3765,1435.2153,4682.6128,4201.9498,7598.7740,1102.8365,45983.0797,2876.5113,11601.3018,753.7125,647.2256,0.1785,23117.1473,24.9592,236.1266,0.2128,389547.0713,14.3864,60.0173,18410.3766,131.0012,2486746.2937,10267.6614,0.0047,357.4102,27.3741,2.2317
10241.7856,226845.2564,0.2102,0.8465,179855.2685,1472.8716,39232.7204,108506.5226,77.5970,18.3859,4069.6830,7550.1334,31381.8914,4795.3687,5737.7784,91356.4358,7.3343,35847.7649,3922.0157,485165195.4098,433258.5019,1081.6737,0.4961,0.1366,126661.5511,308.3143,140.0431,154443.7341,95273.5087,0.0000,1041.0806,4710.3265,599260.8883,707.0430,10736.7042,10.9686,0.0117,9730.5254,1160.3431,22186.1617,0.0076,314078.8170,20.1278,16011.8265,2551030.4048,13.8365,1504.8141,20845.5516,21567.2993,2.5510,0.4671,0.0008,32518.6537,2620797.3735,0.0003,108910.5903,5397.5183,4519127.1590,28359.3878,26344.8257,261754.2921,40943.8840,6378914.6354,2.3223,8886.6399,31870.1482,267.4987,8448863.8551,2.2727,33315.9561,0.0000,0.3822,49.6447,0.0090,4.6989,4.9216,284.8574,1.7463,0.0000,24314.6568,11332.0212,5504.3062,358953.0184,24434.9607,2028.8608,1228.1434,2.8946,66.9754,865.3478,0.1410,3910.1222,5.6563,88.5646,4698.0686,44387.8087,0.0049,0.0000,0.0000,3501863.5150,1442.3503,0.0009,1553.9241,916064.9971,414.7673,2829.9495,7252.3305,428221.6539,135513.3724,3200.5975,251250.8752,2168.7478,28.5950,0.0448,1895866.1269,15254.6207,4095417.0643,0.0179,204882.4185,1990.8507,0.0217,16223467.7227,54.7699,46206.0497,57360.6798,8.5871,0.0341,145.1343,0.0253
30995.2814,33.4476,9.8040,185.6228,87.9797,1.1137,128066.1991,2110.1127,50.1721,201.9199,2107.0100,1.6794,117.4116,16.3026,989.1540,9098.2718,2971.8473,6.7846,2205.5470,433258.5019,485165195.4098,725.8784,0.0003,0.0001,53328.9582,0.0235,0.5953,162.7751,11817.2480,0.2260,6.3124,0.1003,1229.9711,0.9490,2.1137,13.4573,0.0000,176.1775,0.2934,174126.8413,14.5463,19668.1198,185.9177,1170.2461,259.9469,151.0687,10.4823,268.8509,7.5544,23.7495,0.0070,0.0001,100386.1418,8421.8053,0.0001,3364.4014,14600.1302,180239.2963,632.4874,313.0577,40675.4984,680270.9390,16350.3553,0.2350,181.5062,3.7348,0.0451,4141.0187,210.2460,22439.4682,0.0643,0.1425,11294.9134,20.5776,1.5448,0.0165,1005.3587,15.1889,0.0001,9838.9940,2.1895,7.1189,94.9896,10292.0507,1.7431,110.6515,66.0500,0.2329,3252.2109,0.2001,182.3712,1980.5262,49.7468,189.4469,1.6716,0.1063,0.0001,0.0000,152.6284,2.2538,0.1030,2.0251,138430.5635,280.7305,724.0284,17121.8219,1065413.4343,6217.1537,6.1260,78.0431,0.0048,2.2430,28.9793,53.5514,11.8072,1549704.0738,0.0011,36707.9774,0.2581,0.0449,1744.4323,1531.4141,560.6658,312.0467,1067.1477,0.0002,50.0568,0.4692
0.0014,0.0058,0.0001,839964.9110,4012.2203,478.7334,16.2689,193899.1200,694632.5660,1561400.5075,1332251.4020,136766.6583,130344.9842,1443.7174,6145962.4766,98273.3521,36.5481,13.6517,12.8412,1081.6737,725.8784,485165195.4098,0.0005,14.1548,283.0793,0.0768,0.0386,0.0045,0.0477,0.0018,31808.8333,143.8488,242.7372,6888.0596,0.9832,2191627.1987,0.0075,3349459.4326,0.0930,82382.8985,657768.2959,52.8343,3870995.9277,0.0288,134.6511,1485362.3658,3335008.5848,32677.2269,1459.3688,6231.3426,0.0268,953.3237,107739.0564,4.2157,0.0062,0.2309,362419.5087,366.5896,0.4953,306069.4678,10.7311,124.8431,168206.4891,1662.0531,130811.2404,6206.5056,0.0694,0.0570,46962.4806,2577626.1457,0.0000,0.0000,3376.9458,85231.9648,1350913.1927,0.0002,5841352.6063,10.0843,0.0165,398530.5613,0.0000,371.1333,0.0404,11.5431,861.0860,51091.2265,1342693.8174,0.0302,6838816.4196,0.0001,3388765.2944,172210.9303,61700.6472,2949087.2802,0.5427,410840.1581,0.5683,0.0001,14.7568,1553844.2561,3818.1251,174.9565,533178.3642,380477.3598,18496.3767,34.8699,3.1051,4492.0998,0.4757,0.0459,0.0146,7002.6429,0.0004,41.9536,24660.8040,238838.2765,0.0858,91889.0583,0.0002,399398.2280,5.4234,35204.0520,89572.1952,10372.4659,172774.6439,3.4245,0.1037,6207.5737
111.4048,1054.4155,18.6868,0.0475,1.6019,27.9653,0.0381,0.0179,0.0001,0.0004,0.0000,1.1636,0.0012,2.5088,0.0618,0.0039,0.0003,8.1689,0.3118,0.4961,0.0003,0.0005,485165195.4098,656.5979,0.0106,17772.5647,432119.8498,28.5127,0.0457,0.1060,2.8957,331.3740,3.3539,0.1106,1.8152,0.0028,4728.9186,0.0258,5890.5078,0.0056,0.0027,0.0971,0.0000,5.6853,336.1407,0.0064,1.7735,0.0741,1.0068,0.0012,0.0813,0.7525,0.0040,13.2491,77794.3686,1.1912,0.0014,6.4959,0.1006,1.6261,0.0530,0.0684,1.2618,144.2953,6.6008,84.7502,107656.7725,10.9179,0.0001,0.0039,0.0028,18398.7464,0.1884,0.0000,0.0253,523003.3544,0.0131,1.9480,0.0408,0.0004,13423.3921,1762.6109,89.0123,0.9296,987.5564,0.0004,0.0028,9.3405,0.0001,87.1555,0.0097,0.0000,0.0297,0.0003,9.5841,0.0001,0.0018,37.9634,276.7934,0.0040,0.0001,4.5588,0.0088,0.0603,0.0011,0.2309,3.8888,0.0186,432.9253,309.7110,7970.5251,0.0031,0.0419,4206.4442,0.0924,0.0327,209739.0567,0.0138,530986.8800,0.0000,34.9280,1.4750,0.0101,1.4988,0.0002,0.1108,3878.7723,1.1436
0.1141,2.7033,0.2991,7.5823,186.9407,0.2283,0.0015,0.7203,0.9269,0.1135,0.6942,190.4113,0.6139,0.9243,8.3450,11.1039,0.0001,12.6210,1.3715,0.1366,0.0001,14.1548,656.5979,485165195.4098,3.1284,556.6103,19501.2314,0.0378,0.0003,0.1148,0.6089,166.5213,10.4037,4.4656,11666.7748,5.5375,357723.4334,8.2638,445.2025,0.0601,0.8514,49.7369,0.0566,47.5650,0.0888,26.5159,1433.0587,36.0038,26575.3715,189.4980,5.0615,92.0000,40.3868,0.3129,3491.9425,0.0001,23.3200,11.5154,0.0016,6244.5177,0.0002,3.8668,0.2720,2272.7457,4.4411,207.7306,8870.6518,0.0372,0.0876,12.0382,0.0000,2.6580,0.0045,68.1190,614.2733,0.7181,12.1647,16.2724,0.0117,0.5627,1.8614,32.3907,20.4899,0.5212,289.2116,0.0125,1.4383,0.0727,0.8345,0.0001,307.6427,0.0069,0.7520,1.2206,259.6304,32.5490,32.4518,199.9963,13.6916,752.6667,0.0017,84.2357,0.0273,89.3614,2.3377,0.0035,0.0002,0.0170,25.1865,0.2598,35.0355,299.5345,0.0021,377.5958,0.1062,0.0361,22224.1368,23.8395,127.2835,45.6499,0.0938,0.1082,45.1221,17.7014,0.0012,51973.7964,0.2048,3.4790
91232.2584,129.2230,15580.0701,73.4087,100.1840,0.1460,80644.9135,8.3144,0.4059,227.3664,477.9769,15.4235,12.3269,8.6913,2101.6488,234.7495,782.1430,5.9156,228.9274,126661.5511,53328.9582,283.0793,0.0106,3.1284,485165195.4098,0.0800,416.2316,762.7120,921.6546,0.0348,1.8153,0.0159,8058.7408,0.3079,70390.8792,6.5607,0.0021,2016.1457,58.9915,12.4560,0.9598,52286.8487,0.7083,11912.3393,2172.6889,7.3360,2.7828,406.5980,175748.6283,11.0478,0.0294,0.1151,73251.4191,54.7203,0.1302,0.2188,35555.1940,13076.0742,1114.0349,1013.7659,26.1548,179445.9224,25899.9298,191.5385,0.1046,38.1342,2.0577,1186.3460,0.7173,377.6155,0.0001,7.4858,24.9074,165.3064,29.9907,0.0001,41.7174,0.7865,0.0000,11.4084,21.2548,7.2557,20070.5908,19.9429,0.2437,64.6892,0.0388,0.0005,1296.8314,0.0003,935.8555,71.0559,17.3549,76.3410,65.3509,4.9451,0.1815,0.0019,165.2527,3.0692,0.0000,118.1765,1822.3123,10.8514,0.3158,2810.8561,89356.4082,1.7435,2.4641,60.5180,0.0550,11.2142,1335.4469,120.6564,0.3421,773577.1614,1.8714,3782.9913,898.7622,0.1236,2926.9478,22.4655,71.8088,11.4317,4.3876,3.4700,0.2266,1.1829
3.9453,40050.9962,0.0027,0.0255,7808.5195,3757.7051,0.2903,402.8094,44.0266,0.0039,3.8512,94569.9060,12.3449,727.0646,0.0615,26.4676,0.0006,134888.6684,597.6566,308.3143,0.0235,0.0768,17772.5647,556.6103,0.0800,485165195.4098,22583.1091,373.7182,48.8903,0.0000,28.2076,86738.1332,27237.9788,142.9431,3811.2865,1.7967,54189.4430,17.8393,5049182.6296,34.5479,0.0001,477.5648,0.0676,637.1868,6204.4120,0.0657,224.3678,6364.0815,1916.5026,148.0655,73.9145,0.7783,2.8777,9995.3759,109.3049,42.3098,0.0085,173.2183,1.0255,1372.0025,16.6911,17.3433,6.8621,0.1569,2410.5896,56106.3191,626675.1146,3064.0057,0.0000,26.1825,0.0000,118.5099,0.0056,0.0003,2.9820,20020.0856,2.8105,3348.9394,0.0000,4.7009,4218.4056,140324.2961,2122.3842,11874.8660,2377859.1128,0.0166,0.9230,345.0987,1.4159,9.8319,10.2135,0.0005,12.9720,51.3095,9714.6302,0.0041,0.0002,1.2158,69346.2091,13.3914,0.0005,11448.3204,4.3484,3608.5650,1.9332,0.0593,64.1649,479.3133,8966.7470,8914.7630,510957.6443,24.6408,0.0001,334002.0150,1.7741,0.1219,3844.5579,626.3652,253243.2097,0.0422,15095.2893,0.0610,471.7372,157.7244,0.1630,3.9816,47806.0580,0.1243
95968.9214,14374.5199,349.2215,0.4639,16.0971,1.0712,3.2746,0.4157,0.0023,0.0175,0.0049,52.4961,0.0446,293.1226,31.2100,0.5232,0.0016,85.3842,143.2015,140.0431,0.5953,0.0386,432119.8498,19501.2314,416.2316,22583.1091,485165195.4098,112.2898,8.6965,0.0797,16.9273,66.9663,210.3911,3.2428,3333.9563,0.0097,4890.4440,6.8067,1831100.7679,0.0608,0.0028,672.1178,0.0001,177715.3901,1626.7512,0.1821,1.9774,115.2613,18445.9457,0.2173,0.0226,0.4121,91.4431,10.7776,3913.1741,0.0372,64.1222,41935.4840,0.0303,114.9700,0.4589,4567.0843,94.2757,297.2744,2.8441,1801.8054,409976.1431,197.0169,0.0002,2.7237,0.0000,20728.9750,3.1538,0.0040,27.5549,906.5451,0.4329,2.3055,0.0001,0.0079,50714.9109,20770.7124,40791.9950,4.9044,1279.0017,0.0001,0.0003,0.1547,0.0713,0.0021,9.3708,0.0020,5.1370,0.0204,2729.2406,0.0009,0.0003,0.5294,1629.3453,0.1685,0.0000,142.8215,6.6394,1.8228,0.0085,3.2873,332.3207,0.0182,7307.9229,2428.8182,181.1765,7.0915,0.1141,73877.5250,0.0147,27.0269,1151592.6825,7.8310,5444647.8964,0.0001,670.0339,1.3984,1.2680,9.8248,0.0004,44.0121,1532.3513,0.0688
13172.6121,925336.9732,95.6128,0.0003,1055.3885,0.4988,799401.4158,570.2046,0.2844,0.0002,0.1677,0.5132,87.1316,187.7097,0.2917,106.3373,911.3513,25038.5593,1467.7324,154443.7341,162.7751,0.0045,28.5127,0.0378,762.7120,373.7182,112.2898,485165195.4098,113036.2544,0.0000,8.2850,23.0169,150049.1548,45.5538,23641.9898,0.1010,0.0411,21.7951,19802.8030,4.9553,0.0000,4135.3609,0.0006,1196.0223,32570.1631,0.0000,0.1459,25.0453,569.3328,0.0125,3302.4178,0.0015,46.0732,39208.2731,0.0016,63439.1062,10.1238,540.0073,1230168.1293,2.3592,2389678.1619,102.6432,4812.6821,23.1726,1.2683,9455.8853,16.2037,13199380.5358,0.0000,0.4748,0.0023,1.2323,65.6290,0.0000,0.0027,6.5707,0.0000,0.0076,0.0001,25.7567,452929.0993,11.1173,6898613.0770,1256.5443,2.9727,344.2220,0.0011,0.6597,0.0164,5094.1059,7.8708,0.5311,1.4868,0.1639,707162.9229,0.0000,0.0029,0.0116,391247.1527,0.4446,0.0002,59979.1508,274.4134,0.0366,2.4300,135055.6463,215472.1456,20.7881,3421.4994,19276082.1561,55499.6430,0.8402,2124.5570,45729.4740,77.6413,740.8611,0.0571,2.0641,87511.4580,0.0032,1266074.9143,3.7155,180.1857,3.9391,0.0084,0.5061,347.0754,0.1403
3280.0439,506340.6774,2.7650,0.0594,51.7315,171.9519,6754.9593,3.5574,25.5599,1.9807,36.9984,7.6347,3629.3288,60553.6348,6.5697,1.9853,130.8652,115054.4473,404.2405,95273.5087,11817.2480,0.0477,0.0457,0.0003,921.6546,48.8903,8.6965,113036.2544,485165195.4098,0.0015,682.1406,4.0756,782.7346,5081.0386,35.0652,0.0130,0.0036,337.2601,1349.5855,0.2614,0.0000,51.0496,9.6937,1361.2598,37282.3085,0.0152,0.0053,15367.4293,319.6117,0.0036,2.4617,0.0015,0.6873,5610.4802,0.0000,8131.4447,22.6187,11182.8718,30326.7557,0.1545,1543435.9403,16.8439,3073.6804,0.0052,0.1142,59.2615,0.0331,443722.5129,0.0049,12.5305,0.0582,0.6686,0.4289,0.0012,0.0072,22.5975,0.0567,1.3825,0.0010,0.7326,34850.1230,2586.6768,610752.0590,721.8657,0.0323,153.7648,0.0015,502.3137,206.0405,4.9164,77.1359,137.0627,82.8620,824.8915,5454.4988,0.0011,0.0001,0.0060,1946.8472,1.2073,0.0078,525.0658,158.0455,0.9169,0.0848,1399.0647,43338.2899,46.1399,0.2169,1317371.5014,917.6524,5.8886,32.5345,2930.2892,1.6781,5729.9269,0.0015,10.5340,805.6684,0.0015,2556722.8018,0.0055,16.8823,616.4879,1.3056,2.4216,3535.8449,0.0054
22.2753,0.0001,1531.5879,0.1701,0.0000,0.0027,0.0000,0.0000,0.0000,2.5961,0.0006,0.0000,0.0000,0.0000,0.0093,0.0000,0.0124,0.0000,0.0000,0.0000,0.2260,0.0018,0.1060,0.1148,0.0348,0.0000,0.0797,0.0000,0.0015,485165195.4098,0.0002,0.0000,0.0000,0.0000,0.0000,0.0000,0.3771,0.0000,0.0000,0.0007,592.5784,0.0004,0.0090,0.5275,0.0000,57.3317,0.0000,0.0000,0.0000,0.0031,0.0000,0.0598,0.0013,0.0000,218.6853,0.0009,0.0065,0.0118,0.0000,0.0000,0.0000,0.1540,0.0000,0.0001,0.0002,0.0000,0.0441,0.0001,3096.6283,0.0001,1268431.0838,9320.6535,0.0154,57.0225,0.0429,1.6765,0.3119,0.0153,15368.9709,0.0000,0.0711,0.0001,0.0000,0.0000,0.0000,0.0000,0.0023,1.2375,0.0007,0.0101,0.0000,0.0042,0.0018,0.0000,0.0000,1.7620,13.0943,622.0391,0.0000,0.0000,0.5512,0.0000,0.0002,0.0000,0.0086,0.0001,0.0006,0.0002,0.0047,0.0000,0.0000,0.0004,13.6647,0.0000,0.0004,0.0006,1.7201,0.0002,0.0041,0.0006,0.0000,0.0028,0.0000,0.0001,0.0722,0.0103,0.0015,0.0003
0.1032,16.8627,0.0007,1605.9760,25.8524,5461.5044,4.3071,1178.8968,7861.9513,150929.1941,227.8847,111024.1663,140163.5374,39411752.5702,2306266.4891,2.1900,12.7333,4807.1926,0.6377,1041.0806,6.3124,31808.8333,2.8957,0.6089,1.8153,28.2076,16.9273,8.2850,682.1406,0.0002,485165195.4098,2431.1720,55.3650,12741417.3364,0.0327,104.6628,0.0344,7462630.8671,1636.4445,1.3925,24.9898,0.0822,9249.2741,0.2731,391827.7255,95.1486,369.5864,318072.9933,1142.9216,0.0067,0.0108,3873.2783,10.7512,0.8485,0.0011,11.0227,3033.7763,440.0611,1.3173,8.2891,11619.3159,0.2213,1312538.5255,196.9962,2177.1268,179408.5164,0.1173,8.0340,0.7455,350.6353,0.0001,0.0005,200.1058,0.0700,47234.3492,3.8566,197.3871,0.0255,0.5632,35.9513,0.9762,521793.0369,52.0185,0.0918,27.3119,3607.5640,10.7590,6.6039,58626.0054,0.0254,256896.5530,54870.8878,6459938.0474,250257.0083,321.3895,16.4625,0.0029,0.0141,160.9737,10066.0429,138.5103,3895.4209,305602.7286,63.2475,1.2954,154.9888,36.3113,56.8404,1.9490,4449.1840,178.8471,20751.5294,0.0027,3396.9267,42944.4265,27675.0224,3.0417,1.6586,2.6324,64.7878,5290.5172,84.9287,63.4825,3913.2959,1925.1247,26.0434,415.3521,120.1919
0.0070,34558.8755,0.0000,0.0203,690064.4647,22844.9730,0.1100,41680.2777,1710.6661,0.1360,884.8208,41810.9802,26646.8456,1700.2192,48.9780,10280.2584,0.0000,350045.9008,4042.1290,4710.3265,0.1003,143.8488,331.3740,166.5213,0.0159,86738.1332,66.9663,23.0169,4.0756,0.0000,2431.1720,485165195.4098,1481.0910,67990.7333,377.6528,211.5532,29583.5166,172.7834,587.6914,741.2696,0.0022,611.0213,27.7934,75.3650,21484.3168,44.4282,110258.8646,4864.3205,315.6772,18.4786,573.4474,0.2357,11.1738,19921.5149,0.0362,21387.7631,3.0459,611.2807,49.5115,11711.0754,107.3018,0.6279,539.5171,5.6080,196897.7881,577085.7385,22732.3176,5787.0061,6.1129,657.7084,0.0001,0.0218,0.0851,0.0015,5.5409,39906.0546,239.1813,11.5849,0.0001,10432.5769,1077.3734,12513.0329,306.8369,640.0233,570336.2937,33.9759,117.6444,222442.8874,5.9991,0.6417,607.5398,0.0178,1.2198,1384.4920,134713.3643,0.1541,0.0000,0.1245,2963081.7003,1001266.2354,2.1060,1036.2471,2100.4144,1091.1831,31402.1089,0.2361,0.1003,468240.2141,15860.4762,3763.0004,4233665.9924,1139.8261,0.0000,1332012.7316,327436.2044,7.7221,0.9232,5922.6480,29.8154,23.4218,26987.8555,0.6848,139044.5343,853847.0278,0.0130,123.9176,9.0100,0.0239
115.2407,30882.8471,0.1115,11.2463,2732508.9270,143.8775,194307.5328,193908.9501,1166.5795,0.3984,2466.1009,15847.8012,420.0753,202.8134,47.3431,109407.4585,58.6189,231975.2510,102590.2800,599260.8883,1229.9711,242.7372,3.3539,10.4037,8058.7408,27237.9788,210.3911,150049.1548,782.7346,0.0000,55.3650,1481.0910,485165195.4098,152.9717,124593.8996,14493.1970,0.3427,11140.6198,25499.2875,30986.8205,0.0050,254007.3333,7.1097,772.7185,45299.6917,0.1708,34351.3800,41126.6305,303468.0253,6060.3062,280.4857,0.1036,46150.1408,412506.8965,0.1495,1198.1851,331.8178,4525.9321,102173.8919,476549.9455,25233.9921,74761.2522,93412.7044,2030.9616,35518.3766,1046998.9284,783.9181,197217.0794,0.0013,4431.6385,0.0000,0.1218,20.4741,0.0804,2.8614,1.0402,24.2217,337.3235,0.0000,21433.1727,47.4358,2531.0659,32109.2618,533882.8079,22689.1399,1104.8205,197.6641,0.1852,579.2326,2.3559,21524.4872,3.7338,37.0704,1861.0228,42785.3989,0.0841,0.0018,0.0000,5470256.5165,798.8792,0.0024,1247005.8301,22121.1847,25367.3658,240.9319,83060.3183,242675.0386,24932.7803,2104.0431,29390.8544,9673.6642,185.5932,0.5132,585159.1691,151.5353,45364.5213,10.2003,382253.2063,3714.2309,5.9760,494330.6396,1743.3729,295795.6266,8168.8377,10.5638,0.2898,2570.7857,6.0052
0.0016,1265.0072,0.0000,29.6004,3015.2515,3590.5764,6.4468,7662.0234,879016.8161,617.6426,10857.1670,35890.4931,10792941.5529,33490535.3024,43875.0740,210.4882,1.1767,1371976.2498,149.7000,707.0430,0.9490,6888.0596,0.1106,4.4656,0.3079,142.9431,3.2428,45.5538,5081.0386,0.0000,12741417.3364,67990.7333,152.9717,485165195.4098,4.9740,941.7370,7.8851,2723947.9955,1471.1425,2.4558,0.1817,1.3034,22355.2113,0.7846,30258.8151,23.4928,1098.4648,3302485.9648,4356.7586,0.2627,58.3789,246.3031,8.9182,14.7311,0.0000,65.3334,4262.7066,545.3701,30.9279,55.7269,49113.8730,0.0371,47636.0641,41.2370,729.6843,504813.6374,0.0708,124.7448,2.0616,2129.6086,0.0001,0.0000,18.2135,0.1763,2607.6643,4.8000,25.2882,0.1220,0.0807,426.5689,6.4373,211925.9620,1960.5357,6.6207,33.3247,29141.8670,24.7563,232.4381,50474.2954,0.0324,1805000.8329,34117.6248,103938.5136,819771.5459,53825.5836,23.4897,0.0080,0.0414,2874.0175,1486373.2265,335.6975,81264.2449,21003.5487,496.1848,66.4549,30.9431,0.9966,389.4700,1.4646,37654.0142,6205.5908,167112.7610,0.0004,19117.5784,21357.2014,1329.1538,0.0343,23.2695,0.3507,3250.6486,29936.7450,0.7166,21873.7671,76081.8709,20.2885,18574.3428,45.3961,15.5736
147.8437,38847.6101,10.1818,0.0026,69166.6294,0.0679,1955.5993,815.4906,7.6742,0.0013,489.2379,128.4553,80.3359,2.8120,0.4825,15267.7636,0.2015,8786.7888,85957.5443,10736.7042,2.1137,0.9832,1.8152,11666.7748,70390.8792,3811.2865,3333.9563,23641.9898,35.0652,0.0000,0.0327,377.6528,124593.8996,4.9740,485165195.4098,12.8996,2766.2391,31.5177,23063.1415,19.0133,0.0000,1776207.7080,0.0029,122857.2489,201.4044,0.0075,55.5255,539.5173,1532147.6078,1238.2475,16887.0954,0.0711,15468.7065,2073.8897,0.9754,5.2217,145.1138,522.6377,2916.3361,9141.0561,10.4744,3370.3235,34.7688,115.7001,0.9573,12326.7952,14706.5528,37271.3221,0.0024,60.5530,0.0000,2.9558,0.1154,0.3087,2.4321,0.0314,0.1193,3.6572,0.0000,196.4218,4428.9820,6.3495,768513.5779,1283.8006,754.3359,5.9996,0.0394,0.0931,1.0403,0.0459,168.7858,0.0147,0.0437,3.9830,1005580.2595,0.0783,0.5735,1.2673,140090.5383,375.6646,0.0000,68453.4396,22.0973,32.8476,46.6943,20.5461,63.9310,45.1495,11202.0024,4567.3525,3899.5138,364.1127,1.5608,19216.0146,3.6227,15.0515,18.6516,7317.1598,27890.0166,5.1590,9531.6820,0.2020,25553.9734,32.3928,0.0008,6358.7036,0.0995,0.0829
