485165195.4098,2548.8334,1149251.0394,0.0316,0.0604,0.0101,5018.2178,0.0513,0.0000,0.0286,0.0024,0.0129,0.0003,0.9591,0.6648,0.1502,9.7065,0.1876,39.6818,5810.6513,55123.6001,0.0009,119.4105,0.1476,131315.4936,4.6574,220679.5318,4642.7807,1760.8914,77.9572,0.0609,0.0064,93.1188,0.0006,286.4072,0.0000,0.0125,0.0126,1436.1558,0.6253,0.0022,12103.4519,0.0000,5119520.8323,132.0247,0.0097,0.0010,0.1222,27.4441,0.0069,0.0013,0.0001,1220.3539,113.6748,8.6794,21.7418,7.3489,41588.6698,9.8245,0.2738,21.7692,1697280.5249,77.0169,0.4334,0.0436,0.1669,1157.0632,10579.3939,0.0027,0.0229,0.0721,577123.6688,11.5945,0.0016,0.0105,6.9820,0.0105,0.0840,0.0002,0.0102,131756.3484,1.3054,17975.1222,10.1449,0.1327,0.0001,0.0000,0.0321,0.0048,0.2415,0.0116,0.0059,0.1498,0.0003,96.7702,0.0000,0.0002,0.0043,80.5276,0.0001,0.0000,0.0722,43.0910,0.0020,0.0119,779.9602,913387.3500,0.1520,1383.9491,1162.1203,0.1912,0.0136,2943.8414,119.2527,0.0050,633.3707,713.6192,3.8943,585109.1076,0.0000,484.1475,3.2519,0.0069,0.0513,0.0021,0.0020,305.9684,0.0003
2548.8334,485165195.4098,0.0990,0.0014,193246.3602,888.2731,737.3832,78.9429,2.6320,0.0002,2.0553,22.2128,218.5048,1353.4885,0.0919,797.3800,0.0058,7608959.1267,79978.5920,565865.3588,86.9822,0.0061,1181.9959,11.2487,66.2304,261441.0226,23812.3129,689655.1453,375515.2176,0.0001,7.2015,59040.2062,85710.3888,555.7107,58325.7530,0.0458,242.8342,4.1382,79713.1297,13.7312,0.0000,42099.0153,0.0271,98462.6932,68453.5153,0.0253,19.3251,7080.7147,3291.7697,0.1828,392.7934,0.0000,10.4732,6809189.7185,0.0040,186521.1414,0.7264,388789.4109,60305.8558,953.6271,42994.4472,128.8672,401.4048,0.2959,41.4793,12598.9819,2930.7040,25722763.1883,0.0009,95.0232,0.0001,15.9839,0.0276,0.0000,0.0001,30927.7955,0.0638,76.1963,0.0000,15.2763,23543791.0816,11479.0262,24720869.5071,473475.4259,478.9916,3.4604,0.0128,17418.2233,0.3449,22.2788,80.6940,0.0050,0.0204,9.8372,2488764.2616,0.0000,0.0000,0.0039,15643414.6750,75.4555,0.0000,2491.3902,12.0620,52.3447,19.5226,55.0545,2680.2693,3277.4432,521.3826,22112815.3605,3274903.8148,1.0418,0.0253,17962428.3530,3.2702,161.7397,0.2079,3704.6553,265215.3831,0.0002,21881797.1690,0.0029,8547.4550,29140.2366,0.0000,25.1693,25776.3950,0.0005
1149251.0394,0.0990,485165195.4098,0.0862,0.0000,0.0000,674.8423,0.0001,0.0000,0.0628,0.0000,0.0000,0.0000,0.0008,0.0086,0.0003,3946.4722,0.0001,0.0874,0.1562,20.0733,0.0001,5.0798,0.2993,58372.3203,0.0048,355.9502,82.8404,2.7542,1293.6454,0.0003,0.0000,0.4066,0.0000,72.9790,0.0000,0.0025,0.0013,4.1790,0.0003,0.1224,9.1594,0.0000,1930.1527,0.0417,0.0001,0.0000,0.0003,1.0565,0.0057,0.0132,0.8329,9.7217,0.0039,629.7947,0.0019,0.1621,0.1777,2.2308,0.0007,0.0097,1058.9921,0.0882,6.2464,0.0000,0.0003,4.7354,0.3366,0.0002,0.0000,22.8705,124487.3039,1.9254,0.3421,0.0188,0.0016,0.0001,0.0204,4.0799,0.0000,18.5959,0.0004,28.0464,0.0058,0.0001,0.0007,0.0000,0.0000,0.0007,3.0211,0.0003,0.0324,0.0296,0.0000,0.0760,0.0015,237.4677,35.6661,0.0024,0.0000,0.0000,0.0409,0.0134,0.0000,0.0000,117.9658,4048.9581,0.0000,1.9899,0.2909,0.0004,0.0035,8005951.8416,0.0012,0.0000,0.6272,2458.3523,0.0011,8213.2239,0.0001,0.0608,2.1244,0.0000,0.0000,0.0145,0.0412,0.7167,0.3396
0.0316,0.0014,0.0862,485165195.4098,6.0135,90.0462,2.6529,0.7769,1102.1692,353815.8065,29.1021,98.5735,18.6112,96.4785,175636.1387,3.0344,195.8352,0.5873,0.0681,0.4769,57.4191,903550.6520,0.3197,20.8526,89.0232,0.0043,0.9978,0.0002,0.0226,0.2396,3064.4104,0.0418,4.4641,42.8939,0.0009,33803.0528,0.0002,158815.8886,0.0226,30.4663,4843202.5271,0.0144,517405.5005,0.0004,8.1769,385019.4274,21333.5472,3737.6610,50.8579,28.2547,0.0000,656.3053,61.3600,0.0782,4.4995,0.0001,5734.3199,31.0229,0.0145,8233.0457,0.2683,4.1207,2494.8264,21805.0725,223.6207,37.2912,0.0004,0.0001,171.9659,14987.6651,0.0001,0.0004,627.2818,1076331.4313,7830.0331,0.0031,597013.6071,857.1292,0.5052,3.7414,0.0000,2557.3158,0.0048,1.8529,0.3893,1067.9332,91365.0452,0.0010,2064763.4300,0.0003,372710.5070,212405.0934,41428.5219,23541.9597,0.0001,81527.7390,5.1239,0.0001,0.0186,196.5003,297.3409,7.6642,33.4609,103464.0432,0.1227,18.3348,4.4264,0.1535,0.0000,0.0040,0.0002,7.0440,0.3690,2.5282,0.0773,61236.5316,13.6456,198.0136,0.0015,775.0548,0.0541,5755.6618,21.5645,875.6751,36494.8936,0.6201,78.7501,211840.8520
0.0604,193246.3602,0.0000,6.0135,485165195.4098,3429.7630,597.6549,157493.6760,39575.0635,0.0306,15495.6787,3922.4051,38660.3712,47.7976,30.6216,12357797.8593,0.0178,2516529.2676,323761.0048,128099.0088,34.1876,1952.7558,6.1119,1319.9618,33.7495,6049.2049,32.0892,1017.5039,21.2251,0.0000,20.1811,1464777.0933,2418295.9339,2814.3167,33209.2414,103535.1858,98.4035,2901.0355,106.4958,208474.0901,0.0077,144884.1275,420.1207,24.8700,2330.3896,65.0772,4444691.0757,58262.6623,64825.9438,36598.5192,6341.3531,0.0015,4170.2478,4891542.7637,0.0038,8457.6876,388.0175,13818.4763,79728.9197,23640991.6727,4390.2133,173.1392,3842.8612,897.0458,145329.4361,2001095.0282,120.0408,61292.8259,2.3107,970935.1174,0.0000,0.0004,1.4774,0.9429,0.1792,22.8833,1275.5349,3724.8609,0.0000,1366401.2525,72.2799,1713.0919,11652.3010,3554124.3095,114732.1596,16049.5577,22439.9605,522.7170,424.2973,0.4466,245370.3416,1.9077,0.1296,17494.5953,76354.1294,1.3506,0.0008,0.0000,21554054.4590,2036803.6186,0.3383,112215.2648,487.1127,1584765.0064,240193.2761,430.9585,10.2094,308067.7132,75.7023,10327.5132,261812.1346,104.6428,0.0002,5924984.4323,1410.1067,3587.8916,0.0117,7493035.6354,6.5569,221.9628,110295.3577,23.0907,71232440.3931,3658317.6115,0.0323,112.8417,64.0483,6.6456
0.0101,888.2731,0.0000,90.0462,3429.7630,485165195.4098,0.0092,46.2843,597.8110,455.2777,263.4805,305752.2911,1213.8755,9572.7040,107.7147,14.5061,0.0006,6344.2407,0.4493,1303.3459,0.8975,981.7423,50.6817,0.8728,0.0442,4286.2505,2.0064,0.0747,115.9640,0.0074,19052.0478,98842.2090,61.0864,11644.9567,0.0127,36.3087,12.9401,616.1790,5.0119,67.4340,8.5120,0.2193,81602.8589,0.0874,28847.5853,41656.6123,34716.5009,5171.1899,7.6090,0.4708,0.0094,0.5088,0.0223,6927.6911,0.1087,456.6289,0.0999,1657.7771,1.8972,1814.0291,16.8278,0.0292,3147.2254,0.0285,100731.6036,330.6982,11.1668,34.2013,36.3673,6247.3521,0.0020,0.1913,0.0141,0.1320,1.9107,29474.3789,103019.0286,1221.4452,0.0009,21.1647,8.0633,310660.7942,1.5511,323.2142,7956.7407,73.5667,1393.0734,374138.8488,8473.1666,0.0680,635.0713,0.5366,54.5202,207286.2386,1.2772,17.8482,0.0000,0.0065,1163.1586,3523.9274,18.3457,0.8091,53.6077,22209.2027,26.9440,0.0374,1.4731,28098.0179,0.0574,24.8275,3186.7958,0.0980,0.0000,23268.6297,501.2401,643.1895,0.0782,2827.5372,1.5186,0.2664,9167.0843,0.1147,310.8467,204289.2219,45.7364,0.0690,3636.4845,0.1119
5018.2178,737.3832,674.8423,2.6529,597.6549,0.0092,485165195.4098,5300.2175,10.6435,0.0553,30.3323,0.0998,12.9668,28.1870,15.0678,9797.1548,864973.6390,263.4753,110372.9902,13275.2057,75524.4048,6.4720,0.0473,0.0089,189029.6994,0.2045,12.1397,608473.9856,1676.8727,0.0001,1.7547,0.0505,147565.8021,1.5364,10293.0424,216.0399,0.0001,399.0542,65.3354,1182.0015,0.0203,55481.0423,0.0834,512.4749,254.8462,0.0006,5.2260,36.7869,1824.8601,15.6729,338.8791,0.0251,175710.1988,629.0691,0.0015,391.9680,3671.1919,307.0105,2117289.7227,110.9522,182754.9384,30168.3164,10778.2405,13454.9931,1.6152,4309.5523,0.1571,14373.7906,0.0041,32.5434,0.0008,0.0239,95106.7346,0.1989,0.1436,0.0004,0.0136,0.0873,0.0004,1441.9652,20.9644,0.2840,62920.9106,2037.2480,0.4317,4403.4017,1.1812,0.0001,7.1517,128.4190,691.3663,1260.9037,4.0718,1.1969,3293.8724,0.0044,0.5853,0.0000,4378.0460,1.3549,0.0073,67880.4614,5830.5153,4.1098,11.1407,25460439.7226,2320053.9705,16.3717,77.1312,29023.1318,1.3572,2.9544,79696.1874,250.0332,6.6083,60578.0284,0.0937,247.7403,91.1618,2.6095,4766.5708,30158.9842,1819.0118,0.8849,0.9096,0.4904,8.8506,213.7960
0.0513,78.9429,0.0001,0.7769,157493.6760,46.2843,5300.2175,485165195.4098,202702.7692,2.5928,203865.0905,20547.5675,153617.5819,1169.9499,1721.3199,7763193.1344,9.6735,3321.3291,18809.6410,79205.7916,1018.5089,40686.9763,0.0334,0.3625,3.8423,109.2556,0.3519,912.6896,3.2537,0.0000,1125.1381,74239.4748,39161.9551,9722.1628,505.0453,86248.4780,0.4107,15454.6013,83.4517,5853208.9743,0.6441,17502.8559,148.8058,6.3269,2940.0405,4.5405,148424.7704,2011.6445,419.1579,2730.6285,975.3089,0.6312,199284.5560,4608.4805,0.0003,23214.8245,5163.4794,448.5912,1106.2836,15680.2000,62056.8414,371.1673,45467.8293,116.3242,1384829.3817,1351770.2020,27.5807,6435.0729,26.0145,60726.1121,0.0002,0.0001,24038.5582,0.1013,1532.1550,0.0976,162.2612,0.1161,0.0005,25732165.7774,1.3533,64.2405,101.8942,2083.4950,275002.0709,12319.2462,12392.2725,1.7773,212.9471,4.5858,10517.4768,160.1489,164.3995,2261.1517,24456.3608,1.6362,0.0051,0.0000,189667.2752,211755.3767,79.2283,28029.0250,2283133.6968,5333.6547,2616495.0398,2819.6935,291.9053,867382.3858,66740.3621,2127.0492,386.4980,4569.9256,0.0018,11056.7244,2850021.5038,3416.6267,0.0111,33364.2630,0.1629,5705.3425,3444.8591,23010.4456,2353854.7782,1053.3717,197.5292,0.4831,0.4662,50.8067
0.0000,2.6320,0.0000,1102.1692,39575.0635,597.8110,10.6435,202702.7692,485165195.4098,985.9003,2387214.2233,61063.9877,14437140.2801,18674.5756,2700.2383,50429.0026,9.7589,103001.2157,433.8094,117.0961,10.7532,375961.0015,0.0002,0.7911,0.1524,11.2241,0.0011,0.8022,31.6459,0.0000,19521.1855,5327.7664,392.0807,2921296.8272,2.4064,3077369.3603,0.2789,1948221.7998,3.2589,7198.8283,25.8966,2.1952,3446400.9401,0.0011,171.2145,530.3566,63527.2237,2104962.6032,503.1215,2393.8736,492.3844,97.5686,60.7750,50.7380,0.0000,18.4111,2485.3550,7.5256,85.0006,5600.1037,7101.6879,0.0315,1087.6444,17.8842,6111.1260,84456.8587,0.0022,3.7700,76.4540,910335.6599,0.0007,0.0000,29.5062,546.0328,2994.5223,0.0173,4493.8749,82.1310,0.1071,225032.0335,0.0012,3737.9111,3.3056,713.9829,420.4710,1804738.3065,337270.3897,16.0221,1921855.1558,0.2453,2130405.9361,205151.5454,10492.0514,12014559.7769,79.0179,14696.7293,1.3348,0.0019,154.8654,5550968.2554,125722.2143,95939.9114,2335.4430,843654.5741,6620.6577,11.1890,0.2301,8087.7867,0.0341,56.2177,65.3643,143117.9281,0.0004,226.4965,5276.2786,405.3300,0.0002,5358.0485,0.0002,2373146.4790,287.8728,13.5282,1421286.6867,22895.6378,13771.2311,822.5201,1.6150,4125.2168
0.0286,0.0002,0.0628,353815.8065,0.0306,455.2777,0.0553,2.5928,985.9003,485165195.4098,10892.0856,37803.0889,1503.5424,6695.5589,3529214.7005,0.0663,41.8389,0.0340,0.0003,17.0712,199.5362,1950855.7822,0.0003,0.0253,147.4296,0.0005,0.0100,0.0001,3.9511,5.7734,790389.9716,0.1291,0.0825,2387.9820,0.0001,459.4325,0.0001,438748.8388,0.0238,0.9922,1354184.8144,0.0009,1029402.3818,0.0018,605.6877,252488.7360,38.4743,2052.2507,24.5540,0.0467,0.0000,21606.1970,3.0379,0.0011,0.0255,0.0029,5581.7415,5.4005,0.0052,1.4857,0.9449,0.4667,45492.5891,3.0424,39.7958,1.9738,0.0004,0.0011,8554.6718,746.4525,0.0969,0.0042,14.3449,13111.2208,807858.3601,0.0018,249993.4623,0.0832,47.7634,2.7732,0.0000,897.7827,0.0011,0.0003,0.0598,915.4803,126.0125,0.1939,4389721.6804,0.0000,4671.0684,217224.4646,1695191.6481,477152.3764,0.0006,501808.1332,1.2611,0.0617,0.0021,319.2180,5043.2800,0.1046,15552.0397,37.5890,0.1631,1.7905,2.1248,2.1842,0.0003,0.0036,0.0005,1096.6008,0.0300,0.0319,486.7229,53544.0013,0.2191,2.3447,0.0007,311.4179,0.6205,76.1503,0.1781,37.1023,5989900.3130,0.1843,0.0771,68.2426
0.0024,2.0553,0.0000,29.1021,15495.6787,263.4805,30.3323,203865.0905,2387214.2233,10892.0856,485165195.4098,93084.1104,812248.4882,1108.5617,10977.2413,301490.6310,3.6062,674.9616,1293.9875,9496.9714,2164.4702,1177037.2538,0.0000,0.2347,289.8227,0.4372,0.0069,0.2652,51.0120,0.0009,1802.1127,1896.4061,437.0218,35851.4206,62.3243,159398.5007,0.2363,121978.9569,0.3340,29965.7035,42.3295,1152.2544,255911.4114,3.7170,429.9928,6235.4020,7644.4784,79707.0119,4101.6119,14353.5228,24.4142,11.1346,11609.0097,23.7864,0.0000,76.7472,32339.5154,224.2108,115.9081,3284.4948,291.2466,98.5244,4452.7843,1.0268,1935.8674,2087.9117,0.0851,32.9402,14041.7864,570328.1746,0.0050,0.0000,9.5364,1356.0526,9043.3633,0.0020,39288.7071,2.5611,0.0064,1359668.3282,0.0083,29.2095,2.4922,37.2945,209.6070,34581.2007,5953.0527,31.7152,666616.1514,0.0004,85775.3875,12859.4836,445.8521,2331934.2569,276.7528,38479.2979,0.1373,0.0012,334.2715,2400209.8838,964.0962,296.5577,270261.1629,14039.6121,94715.3768,23.8029,1.6967,113317.4222,3.9152,2.9094,3.9251,257519.1160,0.0006,31.4420,105471.8176,7484.4008,0.0002,161949.1040,0.0006,79616.5482,379.8332,13.6218,410504.8594,6950.5218,3071.6584,219.9171,0.0038,1.4021
0.0129,22.2128,0.0000,98.5735,3922.4051,305752.2911,0.0998,20547.5675,61063.9877,37803.0889,93084.1104,485165195.4098,105377.7618,159857.0324,46271.4662,155.6957,0.0071,5338.8439,1.2366,15830.5999,1.8916,73154.2702,1.0268,20.1378,4.9042,13499.1820,13.2439,0.7182,62.7783,0.0001,483437.2403,83119.2962,4154.7887,173696.7057,5.5896,5765.1390,19.1221,478542.9616,8558.8644,264.2208,9.9402,2.3100,15405.2356,0.4589,235698.8732,2711.2413,27815.0825,422602.5216,37859.3572,38.2444,0.0321,626.2845,13.8439,76.6175,0.3558,3.9231,203.4166,379.0926,0.4634,3362.6598,63.9048,3.7705,128053.9985,1.2089,220655.1315,155716.5644,190.1160,64.0126,3.2460,33599.5906,0.0000,0.0321,0.1381,0.9155,88306.1478,16.3229,58501.6451,8.3626,0.0009,637.9588,0.6687,1069513.4549,7.9352,6.1156,187096.4692,237.7767,191.3635,267.3128,155617.6262,0.0006,15160.5010,18.1086,99470.4344,2690018.4725,161.9642,989.6920,0.0014,0.1030,1818.0217,79490.0719,12.6556,1518.4302,40554.2621,26002.2363,78.9074,0.7099,10.5754,4842.3634,20.9208,56.9242,1774.7144,14513.0337,0.0000,10945.0032,27818.8805,2895.6312,10.7107,3712.6696,16.0609,118.4687,7775.5207,8.0484,1619.2971,6244.8237,20287.5257,2.4898,21.9110,1.1908
0.0003,218.5048,0.0000,18.6112,38660.3712,1213.8755,12.9668,153617.5819,14437140.2801,1503.5424,812248.4882,105377.7618,485165195.4098,629935.4788,73285.9613,14243.7200,1.4824,179061.8177,28.0987,22928.0452,47.3559,109988.4263,0.0006,0.4026,1.8588,5.9990,0.0102,60.8305,3470.1309,0.0000,390726.3735,32381.4261,125.0414,28377646.3048,9.1379,23188.1495,0.1730,3149178.6110,23.9966,382.8749,0.6602,2.8967,289634.4994,0.0169,21284.2515,178.7456,4040.7140,1071646.5267,2916.4945,1.4130,55.4308,3.0455,14.8598,306.4576,0.0000,420.1099,29574.5267,322.7169,350.0040,604.7791,282415.6043,0.0218,61608.1521,2.1677,1689.5823,184069.8979,0.0037,1266.5031,232.0986,380883.4870,0.0007,0.0000,24.1866,2.7787,2125.3154,0.0860,702.5333,0.0949,0.0271,72448.0012,1.5486,15848.9377,450.7298,38.1873,68.2162,2093065.5239,488.2799,424.1269,164548.6916,0.0361,887629.7750,71622.8596,22975.6329,7228513.9166,4090.0057,210.1927,0.0184,0.0073,2029.8475,10337204.1347,7481.8005,20680.7916,34839.7947,5431.1376,14789.7505,11.8822,0.5377,4209.6005,0.2523,7947.2096,1498.8333,52412.1413,0.0003,5100.9609,227598.3702,7595.3929,0.0000,359.6505,0.0070,24191.8723,22306.0169,0.6730,339902.4257,39159.1326,1629.1455,833.6741,0.2329,26.9439
0.9591,1353.4885,0.0008,96.4785,47.7976,9572.7040,28.1870,1169.9499,18674.5756,6695.5589,1108.5617,159857.0324,629935.4788,485165195.4098,225378.8176,4.7545,6.5151,56071.1705,4.5456,10377.7166,51.7263,1580.4337,0.8345,0.1532,5.2073,160.7549,58.9224,82.3311,108179.4638,0.0002,42576877.3835,1454.1929,37.8471,26678296.0297,0.2746,14.1900,0.0785,2129458.3157,22377.6987,0.7242,0.5973,0.2519,3498.9783,2.5691,1022770.7392,27.4530,29.0421,2006775.5032,3536.7730,0.0016,0.0366,74.9178,4.9331,9.1371,0.0001,38.5934,4147.9853,12562.5929,3.9930,4.5047,174285.0734,0.4043,769321.2156,3.6154,379.1396,78947.0584,0.0851,477.4693,0.4963,1105.9072,0.0001,0.0015,84.7306,0.0241,7632.5006,8.3881,41.3247,0.0203,0.0569,9.6752,74.9762,2646396.6052,4300.2983,1.1142,15.3254,1011.9167,0.4146,47.1596,65869.7296,0.0190,135518.5798,26439.5505,2507328.1423,235544.4621,3502.3474,1.6687,0.0002,0.0051,401.5343,4844.6105,9.4631,4266.2130,100777.6939,66.7640,1.7148,74.3136,229.3681,24.6019,0.7993,133169.0178,283.5189,12147.7914,0.0046,14823.6801,3246.8836,39311.3792,0.2062,3.3437,16.2905,4.4427,98134.4719,2.2194,172.9708,2102.0257,559.3811,93.7026,612.8360,3.2403
0.6648,0.0919,0.0086,175636.1387,30.6216,107.7147,15.0678,1721.3199,2700.2383,3529214.7005,10977.2413,46271.4662,73285.9613,225378.8176,485165195.4098,84.0447,9.9725,2.4245,0.1472,1963.9782,1111.7329,10248410.2755,0.0245,3.2892,798.2460,0.0054,7.8856,0.0397,3.8138,0.0389,4957935.0615,39.1081,5.2011,75964.9937,0.0327,5229.2177,0.0010,6962599.5698,3.9280,66.4464,54760.4521,0.4685,50682.8237,0.1086,8761.1032,78326.2890,3867.3727,12276.9397,7407.9898,0.1755,0.0001,229.1947,1969.4654,0.1068,0.0084,0.0437,13260955.3545,3587.8638,0.0678,530.2314,311.1035,58.7562,4862920.1751,3043.7512,4643.8314,10820.1931,0.0075,0.7390,10482.6864,36707.7624,0.0001,0.0002,20411.4279,842.6574,4826388.0630,0.0039,155615.3687,0.0025,0.1562,605.3115,0.0091,10675.3935,1.4855,0.0076,6.9457,2419.7826,84.3219,0.0444,376283.4132,0.0000,634267.2042,451977.2339,2401736.0349,132008.8544,1.9043,8417.4650,0.0201,0.0002,6.0236,61649.5303,149.7710,28.2448,2006171.7945,225.9563,140.1004,269.1442,10.1163,6.3865,0.2238,3.7384,0.0194,5189.6132,0.0096,165.6269,20932.4280,4076051.7590,0.5642,54.2774,0.0156,583.9979,17.8003,10134.2071,133.9778,2024.7032,44072.5026,6.1531,0.0629,156.5670
0.1502,797.3800,0.0003,3.0344,12357797.8593,14.5061,9797.1548,7763193.1344,50429.0026,0.0663,301490.6310,155.6957,14243.7200,4.7545,84.0447,485165195.4098,0.9660,7534.1197,1955777.9959,53703.8555,3048.3418,28931.3508,0.0227,64.4820,164.8667,17.8299,2.8396,113.1172,0.5479,0.0000,1.6545,36660.2812,61067.5284,167.2183,23828.4954,160661.7097,5.0876,770.0515,1.2651,15548600.9556,0.4936,3133976.4028,160.9153,142.3129,37.3652,87.2810,1590706.4740,1538.3295,2436.1036,478967.9660,7707.6266,0.0040,2465159.1472,131063.0526,0.0004,6095.3078,11251.4114,10783.0867,10409.2612,4269791.4497,1222.3460,6954.4854,1764.0913,999.3899,75875.3143,93887.1916,46.4706,3512.2826,289.8087,1893431.0905,0.0000,0.0001,1405.6946,25.0873,9.6164,0.0439,1296.1881,64.8781,0.0000,85235655.7137,1.3665,3.0075,622.6726,355758.4396,62333.8026,8846.6055,99923.5233,4.1101,204.6775,0.2991,54449.6737,27.3566,0.0922,1021.4737,18408.1270,5.6237,0.0101,0.0000,539308.2016,916069.0488,2.0081,8153.1818,21775.8330,195336.6788,13863061.5695,1808.7360,20.8567,554686.7507,2706.1112,242.8066,172.5648,426.7276,0.0028,35541.3922,12453.0795,4371.8681,0.0020,10047355.0882,0.0508,4342.1022,1508.7269,2740.8506,87615834.2281,29095.2836,0.2141,33.6048,0.1626,33.0965
9.7065,0.0058,3946.4722,195.8352,0.0178,0.0006,864973.6390,9.6735,9.7589,41.8389,3.6062,0.0071,1.4824,6.5151,9.9725,0.9660,485165195.4098,0.1339,1.9077,1.1644,587.0178,14.3443,0.0003,0.0003,2712.0613,0.0002,0.0026,610.4720,40.7757,0.0195,6.3981,0.0000,22.7543,0.4037,0.7738,53.7813,0.0000,601.1153,0.1725,1.3063,31.8147,1.0471,4.7434,0.0378,1.5846,0.0008,0.0168,1.6766,2.2763,0.4461,7.8415,277.0506,229.7663,0.0099,0.0019,0.2519,99.4579,0.0155,2215.6495,0.0265,1460.8100,7.8331,95.9952,578.8386,0.0025,2.4257,0.0000,0.2070,0.0110,0.1899,1.6635,0.0017,24093.8705,18.6868,6.9375,0.0000,0.0042,0.0140,101.6005,4.0427,0.0012,0.0046,2.8507,0.2457,0.0001,10883.0675,1.9398,0.0000,77.7552,339.2306,68.6644,329198.3642,985.7871,2.0322,0.1607,1.9025,6868.8491,0.0052,0.0134,0.0129,22.4937,642.4152,70.5929,0.0921,0.0101,281097.2252,15303.0113,0.0108,0.0117,7.5376,0.0005,4.0687,4102789.6028,0.0020,0.3918,523.7746,0.0276,0.0222,0.0672,139.1363,0.6736,3317.5749,0.5500,0.0007,2153.4370,0.2217,1.3045,31582.4225
0.1876,7608959.1267,0.0001,0.5873,2516529.2676,6344.2407,263.4753,3321.3291,103001.2157,0.0340,674.9616,5338.8439,179061.8177,56071.1705,2.4245,7534.1197,0.1339,485165195.4098,60395.8697,86084.2578,6.3420,5.1808,11.8373,24.4779,3.5005,318330.5267,66.7260,50432.7891,135750.0914,0.0000,1116.6672,323934.1596,372499.0730,440804.5994,7942.4949,248.3655,59.1239,10413.4255,46185.4491,78.3911,0.0000,989.4806,195.4084,48.7796,80645.8925,0.3089,2541.2339,6719818.9647,27124.0341,13.3014,6902.9550,0.0111,5.9895,932695.9719,0.0002,14742.7983,5.6650,10265.3235,73063.6453,14773.5090,240581.3457,0.8818,2169.1182,4.7524,610.5385,1096150.4814,22.9359,343704.3961,0.0014,11453.3180,0.0000,0.0013,0.0343,0.0047,0.0254,616.7363,2.4621,2130.2989,0.0000,797.5093,7574.4977,265370.6527,1168810.8275,1065392.1628,1416.6917,9633.8779,30.5497,5107.1882,1301.7285,27.6962,111984.0186,9.1737,14.2893,49765.6741,823590.3059,0.0113,0.0003,0.0034,3522477.6268,53474.8590,0.0953,1425606.3526,39.5711,47991.3168,59.8026,80.9866,123.9250,10842.4269,3.7628,6136391.7289,5031886.6029,1211.5604,0.0022,7321482.4544,41.1573,277.4267,0.0185,15982.1468,649.2249,4.4445,11481753.1077,0.0147,889235.3634,462472.2199,0.0355,1504.1098,35935.5127,1.0307
39.6818,79978.5920,0.0874,0.0681,323761.0048,0.4493,110372.9902,18809.6410,433.8094,0.0003,1293.9875,1.2366,28.0987,4.5456,0.1472,1955777.9959,1.9077,60395.8697,485165195.4098,3905.8170,2504.9904,2.3695,2.4832,5.5979,283.8127,578.0915,1430.6425,1949.8551,63.8169,0.0001,0.0582,3107.5310,70724.3901,8.9615,204926.7426,562.9599,69.8041,7.0921,288.3018,39783.8620,0.0006,4407473.8837,0.1648,50690.6187,35.2964,0.1081,912.0977,1609.4001,3074.4234,57735.6691,50294.4688,0.0012,182241.3324,26396.7714,0.0085,5812.2461,145.7747,7972.1041,51841.1468,21952.8978,795.6120,32365.1601,15.7944,340.0720,79.6822,20732.8849,1270.9144,10086.1933,0.0671,4474.2260,0.0002,0.0839,169.2818,0.3369,0.0239,4.4583,1.5780,820.4631,0.0000,41565.9582,286.5234,6.8094,35900.6806,944883.2746,4466.3022,19.8982,69.9787,2.7985,3.6532,11.6395,593.8220,0.9614,0.0029,3.2913,110618.6643,0.0164,0.0040,0.0000,628092.6126,489.8279,0.0027,37315.6262,235.4148,2655.2617,2883.2147,7154.9245,1118.8513,16460.7474,7550.4288,8396.5171,706.5919,336.0474,0.2952,21143.0845,6.1918,80.4862,0.8132,517795.9259,60.6176,8.4433,8059.3453,127.8319,1321092.6686,2426.1877,0.0004,318.3845,28.5229,1.5464
5810.6513,565865.3588,0.1562,0.4769,128099.0088,1303.3459,13275.2057,79205.7916,117.0961,17.0712,9496.9714,15830.5999,22928.0452,10377.7166,1963.9782,53703.8555,1.1644,86084.2578,3905.8170,485165195.4098,458096.8702,492.4681,0.4686,0.2426,66831.7350,474.0510,331.5254,76317.0321,142425.2508,0.0001,2030.2071,10897.7664,399118.9460,1711.5510,8062.1956,9.7930,0.0292,6680.8881,2186.8736,16455.7750,0.0037,224304.9809,15.5923,31165.5962,4493767.9981,15.9842,1136.3430,56711.0402,33623.1050,0.9848,0.4657,0.0003,19830.9816,1681796.8986,0.0001,176680.6595,1696.7718,4211004.4446,33888.2505,13039.3059,231657.5151,26562.5773,4125637.2307,1.1976,7537.4194,45791.5881,336.8018,9597766.8333,1.3966,38194.4001,0.0000,0.6897,10.4219,0.0051,1.7437,10.6502,183.1411,1.2750,0.0000,17772.0215,35513.0488,9891.3264,512404.4503,18672.6747,1563.2200,905.1289,1.4799,307.0378,844.9732,0.0911,5022.6012,4.6827,42.5581,5145.2790,105817.1547,0.0027,0.0000,0.0000,3832850.9097,3409.8202,0.0012,806.5816,598226.7338,428.6529,2205.2800,3594.4271,224646.5638,237553.5180,1682.9086,621076.8136,7100.8297,107.5310,0.0171,2074739.9348,11680.5146,1668320.8943,0.0151,196109.2266,2794.7885,0.0119,26167303.4012,7.2035,44704.3400,34790.8453,2.1588,0.1026,200.0797,0.0073
55123.6001,86.9822,20.0733,57.4191,34.1876,0.8975,75524.4048,1018.5089,10.7532,199.5362,2164.4702,1.8916,47.3559,51.7263,1111.7329,3048.3418,587.0178,6.3420,2504.9904,458096.8702,485165195.4098,438.4566,0.0011,0.0001,83781.4687,0.0153,7.3729,76.8948,6153.6209,0.7860,30.0366,0.3291,414.5372,2.0080,2.6814,4.9537,0.0000,142.1291,0.5238,72010.9828,8.4123,19195.1216,30.2239,6074.8893,1484.4783,132.5977,7.7005,253.4102,11.5500,2.8476,0.0036,0.0002,163208.1786,1722.0954,0.0001,4098.3357,10595.8925,266182.1798,404.1264,90.2006,15187.4057,724757.4882,23154.0732,0.5113,85.4177,7.6530,0.2133,3385.2331,153.0608,5953.2904,0.0481,0.7721,7996.5759,5.4574,1.7332,0.0556,459.8932,1.3011,0.0002,3213.0960,15.0869,12.4124,146.6212,1017.3451,1.0239,41.6472,8.7099,0.5984,1188.7493,0.0709,137.0504,929.9009,26.4436,54.4268,5.1437,0.0373,0.0000,0.0000,227.7025,3.5712,0.0455,0.7091,248693.8347,40.1886,297.5873,15619.5761,874708.5450,6393.4202,18.0943,193.7398,0.0121,6.8532,9.9049,80.7615,31.2120,1224752.3162,0.0045,14343.8363,0.9594,0.0140,2463.4824,734.9300,252.7753,186.7513,98.5047,0.0007,20.3469,0.1332
0.0009,0.0061,0.0001,903550.6520,1952.7558,981.7423,6.4720,40686.9763,375961.0015,1950855.7822,1177037.2538,73154.2702,109988.4263,1580.4337,10248410.2755,28931.3508,14.3443,5.1808,2.3695,492.4681,438.4566,485165195.4098,0.0009,9.5820,200.0498,0.0054,0.0357,0.0014,0.0298,0.0045,109443.9496,167.4873,31.4561,14219.7451,0.0872,2060753.5938,0.0031,5297938.0333,0.0142,26954.7199,1037727.6341,5.9500,5128769.4415,0.0048,392.5054,1760047.7961,1641083.2623,18638.0253,897.0996,584.0598,0.0065,716.8582,16130.3823,1.1360,0.0031,0.1456,569343.8937,238.5315,0.5168,86948.0213,11.0145,14.4198,319396.5395,3533.3434,61516.6044,5554.6319,0.0063,0.0295,155776.1297,2783392.4047,0.0001,0.0000,4398.8001,116484.0705,1419550.3992,0.0004,7417929.4808,2.2166,0.0666,202662.1861,0.0000,466.3641,0.0234,1.1538,198.4786,146613.5549,808467.8415,0.0993,6481572.5514,0.0000,3376491.4655,372474.9283,40731.4894,2505545.4237,0.1552,993903.5685,0.5643,0.0000,7.4897,1978633.2639,11176.2675,47.8398,338037.5187,148217.7319,8600.1738,48.1666,0.7419,1395.3695,0.0552,0.0403,0.0167,4554.0568,0.0006,33.3580,46777.5816,600431.0762,0.0197,20857.1666,0.0001,247506.4632,3.7850,24110.4764,33481.8163,13602.8993,133057.1909,6.3093,0.0214,9507.5080
119.4105,1181.9959,5.0798,0.3197,6.1119,50.6817,0.0473,0.0334,0.0002,0.0003,0.0000,1.0268,0.0006,0.8345,0.0245,0.0227,0.0003,11.8373,2.4832,0.4686,0.0011,0.0009,485165195.4098,1125.9526,0.0140,52874.4508,440285.7408,7.6403,0.0299,0.2196,0.3148,339.3807,13.0806,0.0250,2.6685,0.0079,7751.6081,0.0079,4678.6883,0.0579,0.0081,0.7010,0.0001,20.7681,64.2741,0.0711,12.1415,0.1328,1.0589,0.0343,0.1089,0.1262,0.0233,88.5840,214541.9436,1.5894,0.0009,21.8323,0.0597,19.6852,0.0218,0.8501,0.4050,64.3963,43.1833,46.9771,195488.0225,8.0638,0.0002,0.0190,0.0013,16793.1323,0.1658,0.0001,0.0080,364500.2395,0.1243,60.0850,0.0053,0.0010,3877.9152,1448.1089,36.7123,26.8745,4003.0655,0.0001,0.0379,10.1222,0.0002,68.6003,0.0196,0.0000,0.0104,0.0006,3.9421,0.0001,0.0010,3.9587,416.5925,0.0053,0.0001,2.1422,0.0064,1.1908,0.0051,0.1170,6.6079,0.1076,231.0442,75.6733,2111.7515,0.0013,0.0185,4667.7357,0.0125,0.0403,469303.9438,0.3567,259021.0420,0.0001,16.5195,2.5047,0.0584,5.2686,0.0001,0.0412,22459.2842,0.5491
0.1476,11.2487,0.2993,20.8526,1319.9618,0.8728,0.0089,0.3625,0.7911,0.0253,0.2347,20.1378,0.4026,0.1532,3.2892,64.4820,0.0003,24.4779,5.5979,0.2426,0.0001,9.5820,1125.9526,485165195.4098,4.4786,275.0262,9899.8224,0.1114,0.0005,0.0493,0.0876,132.0798,37.0792,1.4219,7624.9167,9.6325,152560.5431,3.8984,95.1641,0.1390,0.7662,84.4017,0.1695,11.9784,0.0322,32.0449,3760.7588,26.8954,30492.0676,1014.9267,12.1509,9.7347,38.3748,4.5553,2819.4779,0.0002,26.4908,27.0284,0.0220,32711.1697,0.0005,5.7269,0.3825,6754.3762,6.2923,171.5646,1305.0446,0.0982,0.1540,53.5132,0.0000,0.7945,0.0061,213.7014,32.3790,1.1118,17.0670,261.6342,0.0024,1.4694,1.4352,14.2219,60.4589,10.9430,205.3503,0.0618,7.5822,0.1363,0.8548,0.0003,567.6251,0.0089,0.0788,1.4602,166.0581,45.3257,20.0079,15.2428,44.3953,578.3252,0.0021,137.6377,0.0068,495.2694,4.8016,0.0298,0.0003,0.0214,3.2384,0.3038,50.0657,28.2313,0.0108,914.5825,0.0293,0.1700,4062.2433,166.1515,50.8179,31.7517,0.1732,0.2938,179.5041,160.6559,0.0003,56212.9825,0.6551,11.1518
131315.4936,66.2304,58372.3203,89.0232,33.7495,0.0442,189029.6994,3.8423,0.1524,147.4296,289.8227,4.9042,1.8588,5.2073,798.2460,164.8667,2712.0613,3.5005,283.8127,66831.7350,83781.4687,200.0498,0.0140,4.4786,485165195.4098,0.0314,958.6042,492.7148,452.3831,0.0749,1.9656,0.0068,6321.9867,0.1141,35848.7244,5.3335,0.0006,1071.2169,26.1646,9.2056,1.7908,72273.8250,0.3454,26052.7713,1237.8057,3.1971,2.3403,226.3527,141862.6388,7.1067,0.0256,0.1730,219120.5059,22.9227,0.0843,0.1719,16140.1658,9177.8464,1958.8869,575.1368,13.2941,390480.7364,23058.8536,562.7636,0.0352,31.3775,2.8716,384.9831,0.3240,241.7556,0.0001,10.5046,35.9940,165.0007,14.0588,0.0001,15.6423,0.7915,0.0000,9.8495,13.5169,1.9380,14363.6466,10.4446,0.0656,60.2432,0.0320,0.0003,654.1379,0.0006,988.4121,112.8879,11.1220,23.1271,73.0814,1.4938,0.4100,0.0008,82.5705,1.9666,0.0000,87.5111,1610.4450,4.9863,0.1236,10593.0453,134987.3885,0.9378,2.2047,66.9267,0.0311,14.1190,3466.6004,66.7348,0.2511,554663.8676,4.9807,2503.9528,988.9434,0.0826,1567.8526,49.9020,35.1637,2.9098,1.2139,6.8021,0.4130,2.2909
4.6574,261441.0226,0.0048,0.0043,6049.2049,4286.2505,0.2045,109.2556,11.2241,0.0005,0.4372,13499.1820,5.9990,160.7549,0.0054,17.8299,0.0002,318330.5267,578.0915,474.0510,0.0153,0.0054,52874.4508,275.0262,0.0314,485165195.4098,16378.6596,1925.0403,178.5497,0.0000,3.5234,109266.2011,24174.8373,53.9548,2410.7576,0.3457,76787.1109,1.4451,3971499.0494,14.8366,0.0000,266.7137,0.0248,514.8193,3449.1655,0.0242,75.5020,2334.9182,421.2245,46.8239,214.0056,0.0720,0.2868,50351.2194,58.3851,361.7569,0.0012,206.3560,6.2289,470.9485,30.2363,4.4204,2.0169,0.0385,1073.7703,18807.6685,561233.3601,13830.3378,0.0000,13.2962,0.0001,193.8062,0.0008,0.0000,0.0377,140823.6035,0.3937,4749.6928,0.0000,1.9570,35433.0067,50223.9744,5967.4703,41435.8376,987859.7419,0.0214,0.3454,3192.4893,0.2046,105.9049,2.1911,0.0001,0.7128,11.6484,16376.0989,0.0004,0.0002,2.0932,128708.6475,5.7005,0.0003,4041.6652,0.4109,1482.2079,1.4223,0.0423,55.0584,436.2204,3041.7112,30725.9181,2595983.6190,4.6518,0.0002,394997.7593,0.7264,0.0471,890.7794,480.0460,440329.7223,0.0046,37728.4531,0.0065,303.7134,155.7774,0.0103,2.4159,151217.9392,0.0237
220679.5318,23812.3129,355.9502,0.9978,32.0892,2.0064,12.1397,0.3519,0.0011,0.0100,0.0069,13.2439,0.0102,58.9224,7.8856,2.8396,0.0026,66.7260,1430.6425,331.5254,7.3729,0.0357,440285.7408,9899.8224,958.6042,16378.6596,485165195.4098,53.2643,9.0391,0.3064,1.5465,61.2295,360.4899,0.3136,2774.6898,0.0089,2552.4945,0.9712,578533.9842,0.3798,0.0063,4100.9738,0.0002,568471.5360,602.6548,0.8658,5.2529,77.9819,12905.2957,1.7364,0.0256,0.0499,541.2837,69.5217,3931.1014,0.1501,31.7088,174978.8677,0.0824,389.4038,0.2648,56291.8453,56.1671,156.9369,4.4953,620.7801,631222.6453,242.4378,0.0009,8.2502,0.0000,30842.5170,3.0518,0.0117,2.6726,1212.3839,1.5085,28.6372,0.0000,0.0197,37050.3799,5186.7179,28815.1577,61.6611,1542.0654,0.0001,0.0010,0.4062,0.0761,0.0033,6.7501,0.0014,0.5262,0.0155,1468.0487,0.0007,0.0001,0.0389,2736.8497,0.1058,0.0000,34.9085,5.7100,5.9263,0.0278,7.1789,1033.6185,0.0922,3938.7070,1097.0237,59.5439,2.4202,0.1355,53293.6863,0.0054,59.8141,967046.1459,130.1762,2783810.5950,0.0001,560.9467,3.8484,3.4728,25.5743,0.0001,22.2148,3328.2918,0.0281
4642.7807,689655.1453,82.8404,0.0002,1017.5039,0.0747,608473.9856,912.6896,0.8022,0.0001,0.2652,0.7182,60.8305,82.3311,0.0397,113.1172,610.4720,50432.7891,1949.8551,76317.0321,76.8948,0.0014,7.6403,0.1114,492.7148,1925.0403,53.2643,485165195.4098,130366.2067,0.0000,1.4344,12.6723,267161.5123,20.4926,155934.1479,0.1264,0.0949,7.6057,77233.1019,5.2891,0.0000,6942.8987,0.0004,1928.2765,5256.0968,0.0000,0.0866,40.8447,1098.5175,0.0475,13241.9872,0.0009,46.3700,43977.5266,0.0018,29772.6242,1.8220,101.3015,1801912.2146,2.6591,1450760.9419,99.6717,592.5882,5.6710,0.6583,10252.0870,27.1541,13237393.2416,0.0000,0.2457,0.0032,1.6209,6.1345,0.0000,0.0008,1.7871,0.0000,0.0218,0.0001,24.2636,426895.3324,5.5488,8310538.2126,3625.0631,2.8925,151.2341,0.0009,0.5014,0.0111,11123.9352,5.4006,0.2944,0.7626,0.1622,1526903.3136,0.0000,0.0165,0.0448,225930.3365,0.5503,0.0002,119276.8108,50.9478,0.0833,2.7857,41697.0934,128130.2234,20.1036,2182.1647,19609476.9313,75622.6815,1.9619,1796.9338,20302.7417,12.9406,61.1695,0.0685,2.6877,129234.0031,0.0070,620384.4318,0.5523,222.1821,0.8559,0.0065,1.3082,349.0360,0.0966
1760.8914,375515.2176,2.7542,0.0226,21.2251,115.9640,1676.8727,3.2537,31.6459,3.9511,51.0120,62.7783,3470.1309,108179.4638,3.8138,0.5479,40.7757,135750.0914,63.8169,142425.2508,6153.6209,0.0298,0.0299,0.0005,452.3831,178.5497,9.0391,130366.2067,485165195.4098,0.0020,1071.8675,5.3435,851.8128,7025.1426,47.1710,0.0108,0.0054,259.3807,6141.5319,0.0923,0.0000,17.6402,5.8809,1063.4321,59788.9070,0.0122,0.0045,27845.9356,452.5677,0.0006,1.4519,0.0025,0.2417,3085.8231,0.0000,6197.9442,6.2976,5482.9408,17878.1834,0.0773,1064194.7135,8.4071,2471.5110,0.0014,0.1060,60.4345,0.1261,553914.3623,0.0022,7.7766,0.0846,1.9125,0.0501,0.0005,0.0078,34.9387,0.0270,0.4951,0.0012,0.2857,79332.3121,4514.4780,531553.4283,254.3183,0.0292,87.2138,0.0005,846.6820,195.4663,5.3267,44.4247,48.4914,188.2685,875.8511,9932.6598,0.0005,0.0001,0.0384,1202.1585,1.7594,0.0076,359.9001,127.2925,0.4537,0.0470,336.9163,33092.6867,45.0199,0.2716,2061765.1213,2178.6535,18.6665,10.5881,2217.9837,2.2595,1592.2306,0.0021,4.4271,2119.5031,0.0009,3650102.7671,0.0010,6.8552,109.5620,1.9686,2.4793,3288.4693,0.0011
77.9572,0.0001,1293.6454,0.2396,0.0000,0.0074,0.0001,0.0000,0.0000,5.7734,0.0009,0.0001,0.0000,0.0002,0.0389,0.0000,0.0195,0.0000,0.0001,0.0001,0.7860,0.0045,0.2196,0.0493,0.0749,0.0000,0.3064,0.0000,0.0020,485165195.4098,0.0008,0.0000,0.0000,0.0000,0.0001,0.0000,0.5285,0.0000,0.0000,0.0008,895.1649,0.0014,0.0096,2.8496,0.0000,77.5660,0.0000,0.0000,0.0000,0.0025,0.0000,0.1838,0.0067,0.0000,300.2576,0.0015,0.0153,0.0463,0.0000,0.0000,0.0000,0.7960,0.0001,0.0002,0.0004,0.0000,0.1713,0.0001,3219.2688,0.0001,619721.7011,17686.7798,0.0869,40.0318,0.2637,2.5177,0.7604,0.0143,12972.5358,0.0000,0.0850,0.0002,0.0000,0.0000,0.0001,0.0000,0.0015,0.8205,0.0013,0.0043,0.0000,0.0059,0.0061,0.0000,0.0000,1.8888,3.0915,391.9342,0.0000,0.0000,0.2642,0.0000,0.0014,0.0000,0.0067,0.0001,0.0021,0.0005,0.0372,0.0000,0.0000,0.0004,6.7038,0.0000,0.0010,0.0015,8.2963,0.0003,0.0087,0.0004,0.0000,0.0121,0.0000,0.0004,0.1099,0.0052,0.0027,0.0003
0.0609,7.2015,0.0003,3064.4104,20.1811,19052.0478,1.7547,1125.1381,19521.1855,790389.9716,1802.1127,483437.2403,390726.3735,42576877.3835,4957935.0615,1.6545,6.3981,1116.6672,0.0582,2030.2071,30.0366,109443.9496,0.3148,0.0876,1.9656,3.5234,1.5465,1.4344,1071.8675,0.0008,485165195.4098,1364.4960,14.0478,13781895.4804,0.0029,226.5681,0.0040,10404820.5808,334.9643,2.4969,131.4023,0.0154,78885.4572,0.0321,750478.7588,939.1146,305.4628,327809.8028,488.6500,0.0013,0.0012,859.4619,3.1179,0.8970,0.0003,12.3157,6516.8748,564.6023,0.7165,6.6526,22803.2324,0.1066,2869749.7263,18.2945,4911.8322,46550.2730,0.0073,11.1342,21.1064,1404.1690,0.0003,0.0003,150.7867,0.2608,99373.9838,2.2044,1668.4305,0.0110,0.6821,51.3274,0.4980,674238.3514,11.4372,0.0420,11.8513,7552.1196,15.7938,23.6990,283054.4162,0.0040,185234.6657,128974.3320,10996568.8756,1095230.4123,38.8351,106.3781,0.0015,0.0048,53.5310,16499.7539,815.3099,319.9661,590232.9799,93.0276,3.9618,81.1079,28.1775,80.6281,0.1872,1424.7123,41.7278,12427.1741,0.0013,1149.1044,82743.6820,127236.8347,0.1447,1.7739,0.2773,50.0681,3932.8216,51.3144,42.9488,4436.3076,32060.0064,3.8961,66.0184,36.5039
0.0064,59040.2062,0.0000,0.0418,1464777.0933,98842.2090,0.0505,74239.4748,5327.7664,0.1291,1896.4061,83119.2962,32381.4261,1454.1929,39.1081,36660.2812,0.0000,323934.1596,3107.5310,10897.7664,0.3291,167.4873,339.3807,132.0798,0.0068,109266.2011,61.2295,12.6723,5.3435,0.0000,1364.4960,485165195.4098,1312.0562,63472.6544,90.0640,309.3682,37543.9591,141.7661,516.3307,4862.2539,0.0043,393.7750,86.2208,20.3527,18953.7374,206.1636,187335.8779,8129.0786,222.8771,59.1556,237.3753,0.0223,7.6297,73912.1162,0.0222,53699.4687,3.5597,3083.4651,34.9393,25834.2966,257.1528,0.7632,597.0608,1.3471,917916.4439,338020.5241,8699.2422,11033.3518,20.5210,9038.2880,0.0001,0.0187,0.1044,0.0018,2.9677,73039.2087,842.7579,43.9524,0.0000,30663.3574,1383.0282,28663.7527,236.8597,4437.5092,2391873.3164,33.1423,450.2842,547446.9887,11.8678,0.3927,766.8923,0.0186,0.5641,2863.2738,53101.2532,0.2744,0.0000,0.0233,3649562.3734,913384.1320,3.0702,393.9290,1255.3214,8069.1329,120082.4604,0.2179,0.0965,986856.2599,6004.2289,3721.4269,3141457.3939,583.1095,0.0000,1687034.6505,158208.4063,15.1232,0.1663,24733.1298,11.4496,9.8672,32883.3445,0.5174,364151.9029,1543786.4573,0.0237,35.5715,30.7527,0.0176
93.1188,85710.3888,0.4066,4.4641,2418295.9339,61.0864,147565.8021,39161.9551,392.0807,0.0825,437.0218,4154.7887,125.0414,37.8471,5.2011,61067.5284,22.7543,372499.0730,70724.3901,399118.9460,414.5372,31.4561,13.0806,37.0792,6321.9867,24174.8373,360.4899,267161.5123,851.8128,0.0000,14.0478,1312.0562,485165195.4098,49.8564,178774.2559,6402.2688,0.3832,2631.1396,25273.4055,13279.7568,0.0011,152961.4003,1.9068,558.9750,21939.7180,0.0601,16688.2353,24398.3314,356971.0674,3473.2092,488.9357,0.0255,10874.5980,717638.0302,0.1500,1333.5994,51.1960,1966.7785,627023.0518,309531.0528,16567.5903,19775.9593,26052.2144,1933.8572,8355.4028,980798.7718,665.7978,244418.1775,0.0003,3025.6944,0.0000,0.2271,1.9711,0.0384,0.1154,2.3270,5.1748,747.8736,0.0000,8939.9020,157.3832,1244.9843,73933.7464,792700.7632,8715.3211,1496.8972,98.3018,0.5430,129.1310,10.2991,10524.7103,1.1594,3.4729,576.6555,58608.9539,0.0242,0.0052,0.0001,6075862.4261,484.1426,0.0015,1237831.5278,1325.8449,20781.4060,73.7513,104624.6297,119821.0926,11019.9670,403.9711,72618.2806,43875.4457,77.4257,1.2133,647124.1367,33.9199,12250.2633,8.3955,283070.2566,8671.5934,1.7574,551989.0300,296.0967,169812.1617,4398.2293,0.8486,0.5831,4488.2923,7.3534
0.0006,555.7107,0.0000,42.8939,2814.3167,11644.9567,1.5364,9722.1628,2921296.8272,2387.9820,35851.4206,173696.7057,28377646.3048,26678296.0297,75964.9937,167.2183,0.4037,440804.5994,8.9615,1711.5510,2.0080,14219.7451,0.0250,1.4219,0.1141,53.9548,0.3136,20.4926,7025.1426,0.0000,13781895.4804,63472.6544,49.8564,485165195.4098,0.5346,1523.8585,1.4931,3320738.9446,521.8424,4.4703,0.5708,0.1388,145166.5528,0.0358,43297.8273,115.9136,1061.1817,3915777.1269,2312.5921,0.0574,7.5933,58.8676,1.0951,24.6350,0.0000,80.8793,4584.2930,468.9091,22.4482,50.3285,142100.3556,0.0074,89288.4648,5.0506,2001.7083,235401.5944,0.0076,205.9322,17.8487,11812.8144,0.0003,0.0000,7.8614,0.3574,3427.5421,5.5841,130.9844,0.1014,0.1145,784.7651,4.2579,348525.8999,572.0086,4.7273,33.2108,73702.3439,48.0264,950.0045,145950.6296,0.0176,1129148.7065,48881.4947,198619.7980,3381544.0716,7887.9214,83.9127,0.0048,0.0250,1188.3069,2100481.1377,2159.2146,16784.8402,18537.5045,1002.5922,215.3506,12.4256,0.4071,517.4409,0.1769,20204.1706,4247.3027,111374.7878,0.0002,10899.8264,45379.2553,3004.7427,0.0014,19.0905,0.0565,2381.9353,24797.2937,0.3663,15768.1889,70791.2412,332.5643,4059.6870,15.0697,8.8749
286.4072,58325.7530,72.9790,0.0009,33209.2414,0.0127,10293.0424,505.0453,2.4064,0.0001,62.3243,5.5896,9.1379,0.2746,0.0327,23828.4954,0.7738,7942.4949,204926.7426,8062.1956,2.6814,0.0872,2.6685,7624.9167,35848.7244,2410.7576,2774.6898,155934.1479,47.1710,0.0001,0.0029,90.0640,178774.2559,0.5346,485165195.4098,4.4788,1085.7770,2.8204,10706.2559,20.3017,0.0000,2489956.9902,0.0006,104227.5979,25.9562,0.0008,16.4751,103.7350,463977.9185,1985.7733,68221.3937,0.0137,14190.1650,5011.0870,0.5848,14.7025,24.9781,253.0059,32758.0890,3757.5102,17.4440,3914.0737,9.9708,152.4382,0.2365,4963.9337,11640.3315,59787.8318,0.0005,31.9961,0.0001,4.0210,0.1085,0.1110,0.0646,0.0425,0.0077,9.0785,0.0000,211.8918,7892.7456,0.5626,1839183.8793,5450.1735,255.5402,6.5587,0.0298,0.0702,0.1002,1.0349,47.3991,0.0077,0.0034,0.3922,1734048.5059,0.0074,1.3793,0.6612,126828.8456,65.9329,0.0000,85509.4212,2.8441,14.3875,29.4296,118.0476,122.7346,22.4324,8379.8980,10337.1369,4746.0810,100.9479,21.5857,10416.2067,0.8136,4.4453,10.8149,5399.3208,38039.8815,1.5418,7984.4271,0.2224,15018.2955,6.8924,0.0001,6774.0735,0.3715,0.1417
