485165195.4098,1578.6649,0.5704,0.0099,72265.3198,0.0388,10.9247,404.5142,0.0074,0.0006,0.0362,0.0039,25.8242,1979.0283,66.6797,0.0605,0.0055,0.3842,0.0269,0.0357,0.0753,57.2251,0.0091,188.5591,1.9490,0.0237,87112.5213,0.0234,0.0270,0.0001,2.6308,2.6534,0.0722,2.0762,0.0592,1.0725,6.2597,0.0005,0.0141,0.0039,104.3266,38.0854,0.0509,31.4639,28.7485,0.0082,4.9442,0.0056,12.8176,0.2110,5.7395,0.5012,0.0065,0.0629,0.0225,32.2501,0.4671,0.0559,0.0003,32.5373,238.3880,5.0997,0.1435,0.0337,13.7403,0.0688,0.0289,0.0027,73.1240,42.7328,1.3316,0.0303,0.0083,28.1665,13.3562,0.0087,0.1104,0.1276,2.3429,0.4802,0.8796,56.8899,89.3660,0.3363,0.0074,4729.6899,968.9280,82.8058,1347.2938,0.5227,14.9876,0.4500,30.5764,0.3165,0.0123,232.8175,119.3291,13611.4884,0.0962,17.2955,0.0051,0.0002,7.0516,252.6592,2805.0995,321.5718,38.5662,2.6024,0.6404,6.9329,0.0292,0.0011,2.1499,6.5888,0.0181,0.0255,1122.8552,0.0000,169.2667,42.3689,37.6996,0.7629,1.4265,0.0036,19.0794,10997.9449,64.0477,0.2864
1578.6649,485165195.4098,139.9007,5.8472,1882.4801,0.5809,1634.3807,24.4919,80.6275,0.0257,0.0043,6297.2059,42818.1496,393.7811,869.2182,0.8564,7.6859,0.0530,0.1079,0.3327,0.0000,0.0509,0.5628,710699.9536,14.1384,13.0192,16.5130,0.0730,0.0492,0.0007,4166.2620,0.2755,12.5047,1491.0068,2.2083,6039.7541,0.0005,0.5897,4.8094,1.4320,9.2346,2.3294,0.0027,109.1474,0.2348,0.0244,1.1870,0.0099,85.1978,43655.1954,0.8643,0.0033,0.0140,1.6836,0.4092,14068.3167,0.4442,0.0316,0.4141,135.5903,0.3907,7.9241,518.2891,0.0721,198.8397,0.4768,25345.8727,0.3524,235.3174,1191.9282,321.9008,520.0399,0.0934,0.1201,0.2484,0.0001,0.0337,1.8994,3286.8536,0.1536,34.8651,22.5035,0.0286,0.1120,0.7646,2298.9831,549.0183,226.0795,23202.6065,0.1096,0.0101,0.0042,4588.7215,50.2873,0.0229,8155.3623,1830.2401,182.4788,0.0262,21.3618,7472.8997,0.0213,40.9879,485.3221,602.3836,0.1132,1.2732,81.6260,35.9052,1450.4118,0.1001,0.0000,3290.0927,3.3532,0.3251,0.2419,5271.9546,2.2427,9819.2117,876.7085,9912.6547,31.0077,4.2408,36.8926,537.4313,91.4482,2.7626,0.0044
0.5704,139.9007,485165195.4098,1476.3754,399.6946,8.7498,0.7787,0.0058,19.4272,68.8868,0.2449,6996.2138,257329.8157,0.3311,0.0216,0.6170,111080.2917,0.0000,0.0007,2.1601,0.0044,0.0017,165.9107,0.0705,0.0752,0.7972,0.0002,3.8211,0.0308,0.3931,634621.6353,0.8902,657736.4095,0.0004,0.0010,0.0008,0.0000,5.3190,0.7522,4.9907,0.0359,1.7350,10.0613,0.3493,0.2672,0.0247,5.5746,0.3932,3893.4734,7367.5468,1.1688,0.0203,0.5927,0.3032,3.5935,0.1617,0.0051,1.1906,0.0836,0.0568,0.0029,13.4671,0.2505,5563.1060,4.6756,0.2366,28.7478,12.6158,14.1450,0.0177,43453.6878,1.6914,306.1403,0.0102,0.0060,0.0916,2891.5529,0.0000,78.3255,0.4535,0.6327,513.4872,0.6256,0.0154,8.4258,0.0178,0.0230,0.0000,2.2808,0.8777,0.0487,0.4816,20721.8514,8.1965,0.0026,91645.4144,10.1711,0.0000,0.0007,418.2698,638.4813,1.2434,33.7307,0.0006,0.0350,0.4146,0.0002,411.7452,9694.7086,3.5216,0.1306,0.0030,0.4948,46.6761,0.1082,0.8650,0.0738,1284.5446,1.4194,0.2184,1.1592,1.5634,4.5623,5.1169,0.0012,17.7415,466.0168,0.0014
0.0099,5.8472,1476.3754,485165195.4098,0.0044,123177.9484,1260.2703,0.0000,215737.6214,180906.3580,0.7870,1648.9084,43.3977,27.2854,0.5559,2.3332,68919.6775,62.2462,17960.5453,0.0397,0.0378,0.0000,793.9192,0.0826,1.1497,294.4549,0.0000,569.1027,0.0067,40.6703,82980.5611,0.0000,9.3630,0.1000,0.2734,463.7061,0.0008,46605.7801,6.6645,169547.5037,0.0007,4.2236,0.8251,0.2349,0.0000,14.5342,254.3931,411914.9525,0.0504,19.6825,693.3409,1933.3950,245311.2894,0.0029,62023.3280,0.0004,45.3186,786.8337,15.1055,0.0478,0.7514,0.0058,2.9676,19747.1937,0.0151,32.8679,35457.0893,15170421.1778,0.0080,12.1129,6541.3971,42758.3867,3.1631,0.0000,0.2136,0.0054,112.1655,0.1166,15423.4109,2.7778,1.0849,0.1173,1.5975,0.0023,0.0016,0.0058,0.0002,1.1842,0.0001,1.6010,0.0021,0.0004,83.9776,1.6530,0.0756,712.5096,0.6312,0.0013,169.6775,2.4083,4591.6448,3429562.3777,0.0024,0.0275,0.0017,9.0977,0.0001,297.0172,50.7041,25662.2797,0.1436,0.0092,13399.0228,0.0002,0.1376,0.0052,0.0000,1793281.8246,0.0000,3.3204,0.0617,1.4134,0.0039,769.6305,61.2898,60.7595,7.7255,3.7825
72265.3198,1882.4801,399.6946,0.0044,485165195.4098,0.2409,1.4015,35.9500,0.0253,0.0000,0.0028,0.1319,2954.2648,0.0411,5.8144,8.7235,0.6933,0.0009,0.0001,0.0027,0.0001,89.0376,0.0011,2.3435,4.5484,0.0009,4668.2912,0.0003,6.2060,0.0000,35.9515,13.6304,5.2457,0.0007,0.0052,0.3240,0.0004,0.0001,0.0018,0.0002,38.0719,39.5103,0.0084,10.7813,34.1167,0.0777,0.1853,0.0005,34.1965,6356.4003,0.0094,0.2701,0.0000,13.5596,0.0209,0.4389,0.2329,0.0001,0.0004,137.3851,1447.4599,2686.7661,4.2367,0.0936,0.0812,0.0164,0.2547,0.0156,5.6882,0.5859,0.2158,0.0147,0.0035,1.9373,0.5714,0.0006,117.1218,0.0002,3.7914,0.0001,0.0016,265430.1033,18.2408,0.0029,2.8061,0.8593,190.7978,0.1531,525.5496,6.0807,0.2877,0.2814,2.7261,25.7731,0.0266,47.1045,57.6199,374.0968,0.0239,1455.1298,0.0346,0.0000,5.6158,11.2469,204.5541,19.0027,0.0852,11.0444,0.9590,0.0208,0.0062,0.0008,2.1539,747.5271,0.0010,0.0160,57.9938,0.0002,75287.5464,0.7801,78.3647,1005.4243,1.7990,0.0281,1.1939,22.1691,95.6348,0.0008
0.0388,0.5809,8.7498,123177.9484,0.2409,485165195.4098,1.8794,0.0000,46989.5925,60375.4288,0.0059,21.9600,0.9106,0.0016,791.0304,4977.5062,174.5603,19321.4268,292.0057,0.0002,0.0048,0.0000,3.3075,0.0030,3721.2475,0.0792,0.1199,1344.6413,7.0469,1.3959,79780.2147,0.0000,0.0024,0.0848,0.0008,327.0269,0.0002,28388.2456,0.2649,8149.6629,0.0030,0.0007,0.0264,0.0000,0.0000,288.2178,0.0058,13617354.4243,0.0037,42.9423,0.4489,8062.0010,1151744.6723,1.5750,307502.7274,0.0000,2184.9917,943.9777,0.0582,26.0359,3.0688,0.0004,89.6761,116665.3977,0.0071,0.1020,669.9446,532871.3949,0.0018,0.2189,3.6670,1657.3041,1.0996,0.0001,0.0068,0.2008,25845.2253,0.7572,912.7874,0.0035,0.4407,2.9317,52.0082,0.0001,0.0016,0.2264,0.0065,1.8679,0.0029,0.0618,0.0021,0.0000,0.1921,93308.9866,0.0192,0.7519,1.1470,0.0425,565.8011,43.5147,392.5315,3345.3290,0.0001,1.5196,0.0003,2.2488,0.0001,77.4402,1.4457,9861.0311,0.0060,1.4409,2330778.2499,0.0000,0.0087,0.0001,0.0001,128952.7026,0.0000,0.0559,0.1180,200.4813,0.0000,105.5979,989.7998,74626.4881,0.3830,1133.2102
10.9247,1634.3807,0.7787,1260.2703,1.4015,1.8794,485165195.4098,0.0003,468.1143,67.9056,0.1075,3278.6022,0.9397,330689.5822,0.0123,4.6576,1.0638,19.7971,16269.5103,0.0978,0.0056,0.0047,474.5122,813.3588,1.3987,55703.8470,15.3676,22.1612,0.0017,0.0192,1.1221,2.5988,0.6403,1.3932,393.6974,260884.0390,0.0031,111.3393,1.3330,31.6725,0.1273,13.0340,0.0003,72127.2872,0.0003,2.0641,4037.3315,4.6018,29.0652,33.1283,3.8914,2.9640,0.1806,0.5327,1263.6062,1.8016,5.0796,273.2760,168.2205,218.5306,82.1513,0.4286,1.2187,0.0023,0.0033,83.3763,5720.0411,78.3671,2.5890,30250.8842,59.7773,1738.1024,0.0693,0.0255,22.4615,0.0000,0.0011,158.6358,310772.5019,0.1405,0.2852,14.4703,0.0002,7.0913,0.0007,62.1623,2.2863,135.6826,0.2330,0.0037,0.1802,0.0000,372.2369,10.7067,213.5641,100.2327,194197.5305,293.8004,18660.4774,0.0012,1031.3176,3070.4398,0.0664,0.1203,1024.0314,6908.9703,50.3558,4997.7648,5.7936,201.0588,5.8408,0.0001,641.9836,0.1050,0.0049,49.4126,0.2124,158.7543,0.8625,520.1126,50.9702,0.0074,2.2344,864149.9447,3.0796,0.1038,20.1496,0.1109
404.5142,24.4919,0.0058,0.0000,35.9500,0.0000,0.0003,485165195.4098,0.0000,0.0000,40.1630,0.0017,2.5521,0.0490,1337.0172,2.2691,0.0007,0.0280,0.0000,494.6238,788.8832,1300843.6079,0.0024,2557.8607,0.0102,0.0169,2416.8238,0.0082,35.6501,0.2082,0.0009,4124.6568,0.6174,1253.6146,0.2915,0.0044,1729.9635,0.0000,4.9258,0.0002,42241.2306,2.4336,68.9944,0.1612,2973721.1506,0.0157,0.0455,0.0000,5.2727,0.5801,0.0526,0.0000,0.0002,1.9888,0.0000,261395.4903,0.3815,0.0001,0.1745,1.7746,0.1371,2285.8951,2.0567,0.0018,47892.2357,3.1089,0.0002,0.0000,3191.8202,4.3162,0.0095,0.0006,12.0706,5763.1532,0.6169,4329.7349,0.0028,47.9536,0.0006,381.2450,3.6172,0.1639,10.4742,542.6537,1636.2226,1108.1520,8007.1587,11.4825,421334.1980,44.1052,383.3323,28816.5974,2.2889,0.5432,0.1767,0.0334,0.0092,112.3903,0.0000,4.7587,0.0018,0.0000,6406.1373,1192.2277,1974.7368,0.0152,5665.8836,0.0010,0.0059,0.0192,3.9657,14.8016,0.0037,294.2962,141.2474,41.1299,2815291.2036,0.0000,137784.6568,0.5745,23.2371,0.2888,382.8733,0.0001,16.3326,0.0500,24.2144,0.0379
0.0074,80.6275,19.4272,215737.6214,0.0253,46989.5925,468.1143,0.0000,485165195.4098,12132.3915,0.0001,42488.0078,0.0284,0.5423,1.7787,0.2332,19.4163,26295.7968,830.5686,0.0087,0.0004,0.0000,16.2190,42.4753,53831.5246,0.7006,0.0180,296.0391,0.0716,0.7758,6676.8224,0.0000,0.0044,77.3119,0.1609,16054.5219,0.0763,3352634.9503,6.0686,64157.8757,0.0001,0.0003,0.0001,1.8790,0.0000,6418.0245,0.0263,76437.7035,0.0500,11.4555,39.3286,2552.4200,183.5489,1.0060,16662.2634,0.0646,0.0141,20092.3576,0.0671,6.4281,0.4037,0.0001,8.3174,2096.7566,0.0086,0.0058,1783824.1702,862315.5215,0.0001,28.5593,8.9109,21102.2492,0.0050,0.0000,0.0016,0.0011,231.1701,4.7774,206.4482,0.0046,39.7588,0.0126,3.5317,0.0000,0.0002,4.9456,4.1244,82.3173,0.0023,0.0002,0.0002,0.0000,1.2206,7.9144,0.6758,25.1597,31.3894,0.0230,233.3756,6.4419,580.8650,11148.8627,0.0000,7.2741,0.0025,7.8801,0.0007,374.3379,128.7930,47.7774,0.0004,0.0039,231995.0922,0.0000,5.7968,0.0168,0.0006,75094.6926,0.0007,8.2887,0.0576,100.3975,0.0335,9609.0433,1092.9028,84.7170,0.0113,792.3625
0.0006,0.0257,68.8868,180906.3580,0.0000,60375.4288,67.9056,0.0000,12132.3915,485165195.4098,6.0216,2504.6272,0.4633,9.2831,0.1023,26.3482,1842.2422,2907.6655,10305.4611,4.6580,97.4821,0.0000,60382.1829,0.0133,3.4538,461.0810,0.0011,500594.3941,0.2863,1457.6296,1338.7727,0.0249,5.5697,0.9495,0.3106,16.7445,0.1318,435692.5089,357.1868,131884.2476,0.0259,0.0041,4.2810,0.0051,0.0000,2.1123,9.6689,637633.2959,10.9097,0.6707,8.2161,12.1843,337002.4024,1.5843,92403.6422,0.0179,3.5786,1464439.7732,47.3116,0.6390,0.0089,0.0001,0.7508,2561.9603,0.1401,6.2477,82.0064,13526.8091,0.1428,7.6147,1587.8158,12548.0707,2173.3787,0.0049,0.0425,10.6660,22.6054,162.6233,404.5591,142.4250,23.3236,0.1839,0.1074,1.5478,0.0088,1.5921,0.0007,0.0239,0.0005,0.0077,3.0244,0.0002,858.0865,384.7590,3.6677,102.4472,25.4104,0.0003,233.2546,0.0157,2789.9649,1169673.4593,0.0262,0.0270,0.0005,21.4183,0.0514,6744.6356,233.0919,1221.3896,10.1761,48.5650,1568.1382,0.0000,2.6824,14.4602,0.0010,2484428.5725,0.0000,0.0983,0.1339,0.0034,0.0522,11596.0790,0.1501,204.5382,4.3676,693.4019
0.0362,0.0043,0.2449,0.7870,0.0028,0.0059,0.1075,40.1630,0.0001,6.0216,485165195.4098,0.0004,373.4569,28.8230,0.0046,18.9904,4655.8046,0.0002,114.3990,2849457.1857,189581.0769,2672.6388,2688.3942,0.0484,0.0000,5372.6069,0.1446,32.4104,3694.9541,1375.0976,0.0631,597.2380,3162.8824,0.0133,485.6018,0.0601,24.7667,0.0001,3025.9065,0.5735,351257.2003,542363.6052,26333653.0474,1.3003,23640.0771,0.0000,567.1748,0.0918,38.4172,1.4470,0.0037,0.0000,25.1198,1.4416,0.1119,130.5344,110.0995,0.0020,200337.4738,0.0017,3.8902,740.6126,17.0833,0.0350,39.7177,71080.5385,0.0000,0.0223,70.8785,0.0322,47.0559,195.5986,486873.4850,697340.7272,3714.4638,16958.2522,0.2398,0.8837,0.0028,2105526.3637,2.4803,11.5794,0.0004,2909442.8438,245719.1201,0.0040,0.0000,0.0101,0.0032,2323530.7910,1417353.5901,6202.4019,424.6381,0.3399,15703.1085,6.1328,0.0036,0.4477,0.0118,0.0000,1.5141,17.3200,31218.2735,1.3117,0.0700,7.2411,1.0942,12.9950,0.1222,886.5657,9388757.6444,8917.0449,0.0035,7932.1222,59.4515,1614.1714,800.4745,0.2291,0.8311,0.0671,1.2659,0.0001,9455.9995,0.0621,0.0006,0.0009,307.0249,0.0000
0.0039,6297.2059,6996.2138,1648.9084,0.1319,21.9600,3278.6022,0.0017,42488.0078,2504.6272,0.0004,485165195.4098,13.4533,20.4823,0.6340,1.5352,16.3902,9.9175,1.1439,0.0408,0.0026,0.0001,80.8606,49.1594,9.5321,442.8624,0.0027,54.2523,0.0001,10.3081,331.4900,0.3108,219.3135,38.1739,6.7724,204.6164,0.0010,128224.5641,24.3388,195.1527,0.0002,0.0009,0.0003,10.3312,0.0003,54.9293,62.3287,4.1789,47.9498,303.1183,153.9479,2.2328,2.8462,0.1883,17.0120,1.0891,0.0342,5806.7886,5.1198,8.4044,0.0009,0.0950,0.2398,8.8120,0.4654,2.0762,1060723.4211,229.4941,58.9873,811.2127,1652.2281,24.2343,0.8968,0.0000,0.0004,0.0035,0.1002,57.8936,38384.9916,0.0387,1.3881,0.5919,0.0222,0.0154,0.0047,92.7705,120.3602,0.0733,72.5503,0.0001,0.0001,0.0005,844.8925,9.4215,0.0834,1560.7675,1172.2160,0.0014,11.9319,41.7405,87505.4347,353.7179,0.1158,0.0011,6.0855,0.1893,3.8443,651.1025,2688.6729,2.3917,0.0060,0.0008,285.1754,0.0043,0.7981,5.4702,0.0544,33123.7309,0.4289,294.0454,5.8566,0.9505,0.0770,162389.0382,8.9861,1.7414,0.8627,10.5235
25.8242,42818.1496,257329.8157,43.3977,2954.2648,0.9106,0.9397,2.5521,0.0284,0.4633,373.4569,13.4533,485165195.4098,2.3326,2.5929,91.2520,487282.0373,0.0000,0.0080,72.2168,0.0106,0.3894,160.9359,4.0915,0.0008,16.5170,0.0194,0.2946,11.7182,0.0352,170199.1594,3.2672,403498.0940,0.0035,0.0866,0.2555,0.0000,0.0004,5.6227,0.2051,1579.0019,3878.3516,3078.2973,0.2791,100.0319,0.0000,20.7609,0.0098,3115.9223,673575.4995,0.0075,0.0001,0.8275,1.4209,0.5366,51.0815,12.0589,0.0001,21.6320,0.2238,0.9049,1928.8615,261.1572,18.2619,263.9425,43.7104,0.4991,0.1719,1273.8164,0.0458,30569.3298,215.6357,3388.7796,29.7036,2.7787,0.5632,43.6425,0.0002,52.6513,16.2172,0.4509,11705.3472,0.0065,13.3131,6220.4788,0.0421,0.0006,0.0023,35.4986,8359.1762,13.5388,8.2699,76082.7069,143.2511,0.0751,56817.7333,2.3677,0.0914,0.0002,3.1854,2875.3587,0.0509,14684.8973,1.5133,0.7215,0.1662,0.0016,238.4044,46.0564,8080.8807,211.1278,0.0043,4.7918,18404.7705,0.0405,0.3547,368.4744,18.9052,645.1570,1.0617,204.0057,2.5826,27.5046,0.1813,0.0207,9.1915,1048.4744,0.0000
1979.0283,393.7811,0.3311,27.2854,0.0411,0.0016,330689.5822,0.0490,0.5423,9.2831,28.8230,20.4823,2.3326,485165195.4098,0.0039,0.0056,0.8771,0.2618,18970.2370,145.0048,7.9196,0.0707,1727.7170,2152.4594,0.0356,163108.1611,4.3340,13.9451,0.0006,4.2911,0.1243,134.7691,38.7669,55.5234,8932.4027,638.1707,14.0144,0.9464,39.0906,39.8047,10.3344,427.4100,1.0506,202195.8664,0.0788,0.0008,19873.9461,0.0559,1610.7172,0.0080,44.6684,0.0144,0.4726,0.1220,22.2223,478.2021,0.1290,301.0392,215.1845,0.6533,4.8408,0.1002,0.0801,0.0004,5.4156,118.8703,6.2220,0.1279,306.7555,1582.0685,3152.3933,232.3591,4.0688,268.6340,6708.1829,0.0011,0.0000,105.1589,521.5891,973.1317,232.7992,0.9082,0.0002,7336.7476,0.0084,753.8998,0.5737,70.3627,0.6410,0.0671,184.1087,0.0173,15524.6852,0.0073,60.6333,7745.5127,17082.6475,250.2647,298.0456,0.0000,85.8813,606.1931,143.7211,0.6947,579.7750,657.8160,1896.7199,1208.7679,205.6103,335.5471,1088.2894,0.0028,0.1906,5.4481,0.3610,2282.0543,68.2494,1.3361,0.0762,383.4384,597.3035,0.0000,460.2870,679.4522,0.0263,1.8758,5.0344,0.1531
66.6797,869.2182,0.0216,0.5559,5.8144,791.0304,0.0123,1337.0172,1.7787,0.1023,0.0046,0.6340,2.5929,0.0039,485165195.4098,1211.2060,0.1089,1498.5386,0.0290,0.0008,0.5624,1.3655,0.0005,40.0020,7.6183,0.0763,19.0649,0.7917,0.1645,1.1382,11.3208,0.0020,0.0014,6915.9331,0.0236,28.3353,0.1457,5.9354,2.1686,2.5278,5.0249,0.0225,0.0167,0.0001,6.6389,15.7739,0.0783,4.8803,0.0008,32.4150,44.9631,40.4078,254.3281,0.3041,0.0412,11.6984,17049.9495,0.2729,0.1565,6.8063,0.3554,4.0813,235.1812,7.7686,669.8516,1.0525,37.9369,1.4241,254.9694,729.5849,0.3806,0.2082,0.1935,0.0177,0.0058,7.1219,0.0236,312.9194,508.7800,0.4193,0.4644,0.0240,1984.0373,0.0108,0.0415,930.4587,3274.1962,4378.6612,194687.4198,0.6802,0.0043,1.9339,0.4892,187.9852,0.0001,0.0070,0.0285,149.9717,0.2349,14748.4516,3.5535,0.0049,1.4447,2204.4308,128.3392,0.0009,21.0407,0.0053,0.0361,188.7133,0.0016,0.0367,10330.7148,0.0020,0.2099,0.0007,58.3197,0.2038,23.3060,1.3706,272.1957,540.6322,0.0001,0.0055,638172.1538,1656.7109,8.7692,863.6977
0.0605,0.8564,0.6170,2.3332,8.7235,4977.5062,4.6576,2.2691,0.2332,26.3482,18.9904,1.5352,91.2520,0.0056,1211.2060,485165195.4098,64.3225,4.0203,3.3081,0.0772,6.4950,0.4414,68.7772,0.0627,0.0703,164.5358,30.7279,127.6121,67.9770,9.5928,4.0324,9.2954,3.4544,0.0062,0.2591,87.7820,0.0001,0.4860,0.7212,5.4559,1135.3572,0.3321,10.7251,0.0009,0.8129,0.0769,3.5305,8.4101,1.7256,5150.1849,0.0008,0.1495,1053.8057,30.0427,101.0526,0.0385,314466.7389,0.8571,1273.7787,38.4118,121.2472,208.9412,174.9483,1.8594,0.9136,657.4061,0.0725,0.2982,911.2730,2.0822,5.6747,16.7052,3544.2300,1.6771,1.7167,63.9522,0.8829,15.7455,4438.7599,0.3397,0.0060,2568.3056,0.0075,54.9169,5.7527,7.2513,0.0315,0.9724,39.5969,15.9459,12.1673,0.0545,18.2330,1245766.1175,12.1591,0.0584,2.9646,8.4936,2.1247,0.0653,1678.3004,3.6135,16.8598,3.4033,5.5168,17.9877,17.4307,184.3655,0.1867,1859.0085,79.9852,41.2254,2960.1075,3.3773,0.0005,0.8296,10.3615,125.4697,1.6021,0.0064,459.6334,0.3508,0.0026,127.4003,22.5935,5.0376,412.4944,0.0517
0.0055,7.6859,111080.2917,68919.6775,0.6933,174.5603,1.0638,0.0007,19.4163,1842.2422,4655.8046,16.3902,487282.0373,0.8771,0.1089,64.3225,485165195.4098,0.0002,27.3134,1704.2120,1.7563,0.0128,35237.6016,0.0128,0.0015,711.4936,0.0000,551.0673,98.9798,151.4169,184616.9749,0.1729,135166.1152,0.0013,2.9180,1.1583,0.0005,1.7032,3009.9152,1796.1804,100.1039,5566.5105,23164.4100,0.3868,0.9786,0.0001,88.1904,21.1789,140.1946,48755.5268,0.0568,0.0055,1218.9894,12.9070,47.2351,0.7770,2.4669,0.0961,5827.7608,0.0004,1.1429,53.0122,1199.1649,513.6950,1.9112,163.8921,1.8408,883.9598,2.8359,0.0158,128251.7917,55681.5721,79859.7565,4.8225,1.9473,9.8400,468.5034,0.0004,55.8280,1186.7141,7.1789,728.5388,0.0152,19.7719,4170.0357,0.0003,0.0000,0.0044,0.0030,16856.0322,97.0539,0.5877,10085.2963,6.7907,13.6803,6277.6849,0.1679,0.0021,0.0542,0.0306,10592.4131,216.5255,193.5633,1.1776,0.0004,0.6273,0.0000,18545.1121,3241.1136,19652.8460,3398.9071,0.9778,21.4920,90.0138,7.2719,2.0986,0.6458,14695.4297,0.0443,0.2122,7.1581,2.9155,76.7340,5.5587,0.0033,1.8021,98.5447,0.0001
0.3842,0.0530,0.0000,62.2462,0.0009,19321.4268,19.7971,0.0280,26295.7968,2907.6655,0.0002,9.9175,0.0000,0.2618,1498.5386,4.0203,0.0002,485165195.4098,2180.9248,0.0005,7.0151,0.0113,0.0451,2.4298,7630.6709,0.3119,81.8809,251.5849,0.0548,11.8390,0.0412,0.0003,0.0000,5445.7411,0.5388,4301.5397,424.2632,621866.6458,1.5651,1625.5050,0.0007,0.0000,0.0000,0.0177,0.0001,249868.5692,0.0962,170983.1986,0.0001,0.0010,614.4614,111274.7017,2563.7398,0.4455,423.6147,0.0182,26.5119,150249.3649,0.0336,334.9820,3.0580,0.0001,0.5114,11.0436,0.0115,0.0934,2437.6523,3968.1140,0.0025,3064.3421,0.0064,15.1994,0.0024,0.0001,0.0142,0.1636,0.1371,119123.6863,59.9065,0.0563,1.5219,0.0004,1340.9598,0.0008,0.0000,861.2280,1514.8279,29878.6246,0.3302,0.0000,0.0022,0.0002,0.0020,17.8152,0.4457,0.0015,2.6191,27.8365,9417.2368,9.0415,0.3868,628.0053,0.0000,53.3127,0.8748,11.0234,60.9659,0.4505,0.0694,1.8670,0.0003,8.0195,32698.4959,0.0000,6.2048,0.0271,0.0068,38.3900,0.0002,2.8405,0.0646,5.7681,0.0002,189.7397,140316.4800,327.8187,0.0296,6456424.7717
0.0269,0.1079,0.0007,17960.5453,0.0001,292.0057,16269.5103,0.0000,830.5686,10305.4611,114.3990,1.1439,0.0080,18970.2370,0.0290,3.3081,27.3134,2180.9248,485165195.4098,7.4944,18.8670,0.0012,732.4291,6.5642,9.0350,41854.0845,0.3300,106.6865,10.2994,553.4964,0.1268,0.1229,0.0258,3.5294,11626.7542,152611.5713,14.6709,1790.7672,580.7838,66919.8876,1.2921,54.4179,1.1457,426.6807,0.0001,1.0533,101.7235,6961.8732,0.6321,0.0578,0.4874,123.2062,5252.6508,27.0223,284297.5924,0.1218,74.1209,1159.9527,17109.9949,3.6662,1174.3928,0.0016,351.3719,0.0592,0.0006,272.3683,78.0571,19270.4162,0.0097,40.1797,5.3976,363549.9708,1.8557,6.8673,21652.2934,0.0066,0.0379,1248.8076,207.5338,51.8394,30.0802,0.9707,0.0022,279.3630,0.0332,0.0579,0.0002,1214.2891,0.0000,0.4499,44.9267,0.0002,2.5476,0.4687,12241.1909,0.7684,196.7965,197.9626,165422.6063,0.0000,370.1431,2238692.3925,0.1956,38.5508,0.0130,961.5194,1.7272,5273.0588,9.6726,3338.0179,5245.1634,0.8279,217.2110,0.0072,3.5064,116.6177,0.0437,3652.3082,0.0000,0.1437,20.7505,0.0096,2.6171,28740.6884,1.6872,0.6939,0.0051,16.8046
0.0357,0.3327,2.1601,0.0397,0.0027,0.0002,0.0978,494.6238,0.0087,4.6580,2849457.1857,0.0408,72.2168,145.0048,0.0008,0.0772,1704.2120,0.0005,7.4944,485165195.4098,65333.8381,2731.6328,25842.7501,26.5034,0.0002,1865.7593,0.1385,191.8371,2428.3583,2653.1114,0.2468,8806.3036,10175.3205,10.5187,1761.8849,0.0661,1175.9837,0.0046,163438.5647,18.5591,64959.4755,3379.0307,351957.0590,108.6822,5617.7700,0.0000,15.6460,0.0073,1583.3055,1.1753,0.0071,0.0000,0.1930,83.5991,0.0223,225377.9019,0.0039,0.0472,26753.6345,0.0009,0.0450,63.7912,25.1674,0.0201,980.7583,324.0142,0.0010,0.0012,27.3607,0.1324,995.5820,1242.5743,524157.9331,631595.7363,591.7795,3839.6323,0.1896,0.8275,0.0004,2927337.3921,2379.8852,1.1813,0.0003,929922.1496,300693.8609,0.3051,0.0012,0.1568,0.0727,7732.1807,1315249.1866,625.2512,2784.7848,0.0525,26244.2047,148.0822,0.0892,0.1380,0.0007,0.0000,9.7606,1.3624,24175.7926,39.4468,0.0582,0.4067,4.3811,207.1947,151.0532,16.2817,1269103.7447,2226.1665,0.0013,1918.2909,24830.2971,124329.1899,30434.9979,0.1961,3.2179,2.4369,15.0992,0.0001,3000167.9997,0.3202,0.0002,0.0021,34.2128,0.0001
0.0753,0.0000,0.0044,0.0378,0.0001,0.0048,0.0056,788.8832,0.0004,97.4821,189581.0769,0.0026,0.0106,7.9196,0.5624,6.4950,1.7563,7.0151,18.8670,65333.8381,485165195.4098,11371.7947,97.5178,0.0177,0.0000,851.6471,1.5490,135.9403,30.8465,36074.5919,0.0002,1663.0383,79.7129,4.2830,248.5642,0.0050,120016.5883,0.2556,7944.2418,24.0773,2707.4813,69.6253,76039.4916,0.2534,18472.7502,0.0415,689.0055,0.5054,3.3258,0.0005,17.1191,0.0058,115.2481,0.3685,0.0118,79.1902,15.0339,10.9381,2043.8362,0.0022,0.6808,37.8192,0.1763,0.1270,113.7350,14802.3446,0.0000,0.0059,529.9469,22.7324,9.7515,0.6762,82841.8624,10813.6871,89.1494,699048.1028,0.0029,2738.5973,0.0107,1286897.7978,9.1141,0.0389,2.6790,80749.3988,159.6441,3.1030,0.0680,0.5091,0.7122,433.3563,58926.1046,3800.4387,29.2096,0.0143,311.0273,0.0697,0.0056,0.0909,0.0220,0.0008,0.1452,12.0517,4362.8265,1.4521,4.2568,10.4553,7270.1078,0.7590,1.7419,0.4264,12999.2668,84482.4994,0.0026,0.6229,2969.7195,12561.0833,653.1132,0.0653,0.0112,0.0494,0.6132,0.0001,752.1421,0.0322,0.0292,0.0269,308.7561,3.0285
57.2251,0.0509,0.0017,0.0000,89.0376,0.0000,0.0047,1300843.6079,0.0000,0.0000,2672.6388,0.0001,0.3894,0.0707,1.3655,0.4414,0.0128,0.0113,0.0012,2731.6328,11371.7947,485165195.4098,0.0024,0.8688,0.0000,1.3274,8987.5757,0.0015,267.2642,0.1721,0.0000,6941.9940,3.3143,1.2778,354.6456,0.0294,14050.3706,0.0000,20.8121,0.0000,51765.0085,9663.2306,186.9944,103.4439,22093222.1751,0.1056,84.6907,0.0000,0.1208,0.5492,0.3008,0.0015,0.0001,1.4038,0.0000,2486.1049,2.1024,0.0000,21.3764,0.1216,96.3497,763283.2455,0.4222,0.0000,7.0372,444.9859,0.0001,0.0000,138.2646,35.2416,0.0018,0.0029,5.7425,15433.5188,14.9561,745.6563,0.0013,7.0214,0.0002,360.5545,0.0109,8.9179,11.5078,721.6524,8152.7585,3.3565,72.7942,8.2348,311.7749,18972.3017,1248.0892,165657.0998,0.0637,0.0017,1060.8455,0.0055,0.0033,376.2784,0.0006,0.1819,0.0003,0.0000,1259.4849,49.2312,7754.0900,4.5704,3182.5279,0.0064,0.0069,0.0011,69.8199,389.8436,0.0004,1118.5335,340.6302,104.1104,138779.6858,0.0000,187452.7553,4.5057,1.4301,0.6399,10270.0518,0.0002,0.5453,0.0001,174.5645,0.0012
0.0091,0.5628,165.9107,793.9192,0.0011,3.3075,474.5122,0.0024,16.2190,60382.1829,2688.3942,80.8606,160.9359,1727.7170,0.0005,68.7772,35237.6016,0.0451,732.4291,25842.7501,97.5178,0.0024,485165195.4098,0.8216,0.0422,27134.6910,0.0022,3013978.3722,0.7169,656.2083,268.7672,89.6294,3094.8355,0.2016,13.3795,5.2659,0.0220,32.0241,153.1183,7933.2494,167.1432,3.6288,1428.2608,2.9014,0.0151,0.0000,79.9590,19.3282,10022.4728,4.2249,0.0796,0.0003,311.9510,17.7675,1606.7267,37.4271,0.0954,3831.9843,10944.7709,0.0190,0.0585,0.0180,0.5444,2.5088,108.7083,7.5256,0.1722,0.6176,12.2250,0.1680,932972.7168,41803.8562,574049.6541,88.2136,65.0475,12.7517,1.1176,0.8604,46.6741,7044.0532,399.3150,4.9839,0.0000,15925.0879,4.1965,3.7049,0.0001,0.0237,0.0023,1.8461,20157.2405,0.0044,157708.1577,214.9531,386.3893,12346.8214,73.8392,0.0057,6.8152,0.0000,9219.7032,31495.4006,13.4244,0.1506,0.0047,15.1992,0.3217,62192.8904,1620.7926,3523.5019,26991.7188,202.1439,3.1875,13.3105,0.1929,3746.7423,0.8190,34649.7864,0.0002,10.0836,48.9077,0.0000,210.1848,5579.0726,0.0003,2.4805,322.0082,0.0030
188.5591,710699.9536,0.0705,0.0826,2.3435,0.0030,813.3588,2557.8607,42.4753,0.0133,0.0484,49.1594,4.0915,2152.4594,40.0020,0.0627,0.0128,2.4298,6.5642,26.5034,0.0177,0.8688,0.8216,485165195.4098,402.9710,3.7476,65.9141,0.0423,0.8248,0.0388,0.9451,47.9288,0.0956,48334.6597,4.2216,1194.1591,11.1902,2.3175,47.3539,28.3638,35.6751,0.2467,0.0067,1600.9698,0.3595,0.0889,0.0189,0.0006,775.1357,23.4560,0.0353,0.0023,0.0007,47.6966,1.8228,789568.1794,0.0029,0.2861,1.3336,175.8076,1.1486,0.1074,520.4485,0.0051,135.7687,0.1734,251.3238,0.0040,7.9504,228.6765,1.4329,81.3886,0.0285,8.4390,24.5322,0.0030,0.0027,183.6585,7.6241,4.9849,4221.3116,0.1292,0.0099,52.4392,1.2659,1896.3736,3389.5823,5935.0625,3591.3405,0.0023,3.3084,0.0047,174.9945,1.4209,0.8837,18.8551,955.7583,2505.2162,0.0264,0.0394,16.3628,0.1288,38.4553,17940.5812,40.1537,0.7631,77.6630,18.5845,4.6790,11.0625,2.9051,0.0000,11.6619,1.9995,65.3127,465.7279,22774.3630,0.4185,591.4847,3.8307,1243.5101,0.4253,443.1901,81.0502,110.1349,0.8071,0.0193,0.2047
1.9490,14.1384,0.0752,1.1497,4.5484,3721.2475,1.3987,0.0102,53831.5246,3.4538,0.0000,9.5321,0.0008,0.0356,7.6183,0.0703,0.0015,7630.6709,9.0350,0.0002,0.0000,0.0000,0.0422,402.9710,485165195.4098,0.0000,6.7676,0.6742,7.9385,0.0033,72.3897,0.0070,0.0000,43.7384,0.0007,33.8262,0.5063,15032.2049,0.0144,657.6434,0.0002,0.0000,0.0000,0.1067,0.0000,833.5707,0.0000,323.4657,2.1910,0.3092,0.0148,809.6111,0.3589,2151.4816,37873.4116,0.1301,0.0005,677.8434,0.0001,845.2128,2.6964,0.0000,74.5132,275.2584,0.0337,0.0000,858.0916,42.2173,0.0000,0.0081,0.0044,8.8236,0.0000,0.0029,0.1189,0.0017,2478.3864,1.1088,0.3777,0.0000,1826.5779,0.1524,10.3338,0.0001,0.0010,6.7485,348.3616,158.3837,0.1621,0.0000,0.0075,0.0000,0.0030,199.5207,0.0182,0.0367,490.0891,33.1480,225.4713,14.6001,0.6485,3.6427,0.0000,988.0302,0.0003,0.3967,0.0033,3.6764,9.2601,0.0490,0.0004,0.0032,565.7519,0.0011,0.3813,0.0350,0.0017,88.2917,0.0027,0.0329,1.1636,971.8585,0.0100,41.4699,19.8400,8747.1138,0.0000,16355.4894
0.0237,13.0192,0.7972,294.4549,0.0009,0.0792,55703.8470,0.0169,0.7006,461.0810,5372.6069,442.8624,16.5170,163108.1611,0.0763,164.5358,711.4936,0.3119,41854.0845,1865.7593,851.6471,1.3274,27134.6910,3.7476,0.0000,485165195.4098,0.2266,453.2612,0.0244,13405.1808,0.0398,202.6866,2764.0199,5.9718,1956546.9128,10952.2372,0.2520,6.4241,4640.2900,62.0941,179.9728,5434.9929,43.5689,6351.0278,2.7411,0.0105,2999778.4429,0.8628,13.4870,7.3852,11.2643,0.0087,103.9220,0.4445,3.8173,48.8526,1057.0604,53.6778,10120321.5880,0.1823,2.3468,601.9153,3.1270,0.0001,0.5235,832764.2822,28.6530,5.4996,18074.7778,23176.6615,13025.5741,3807.1826,15169.8224,56.7053,1570.0786,0.1226,0.0000,744.1483,22931.7270,11736.0944,0.2769,8.6776,0.0000,68528.5680,2.2842,11.4732,0.0063,23.3205,0.6680,47.2054,46.3371,0.8501,7036.1715,0.3490,15116.2364,111.4851,139.8948,3.2492,256.4461,0.0000,63490.5069,7342.6174,1215.1316,0.0366,1177.8943,44.9046,8163.1667,4785.2779,141.5108,3275.6414,55276.2014,3.0745,3.4427,6.5056,0.7627,7539.2142,82.0170,125.9135,0.5525,188.4711,2860.3623,0.0000,59.9651,26847.3211,0.1985,0.0013,245.2010,0.0071
87112.5213,16.5130,0.0002,0.0000,4668.2912,0.1199,15.3676,2416.8238,0.0180,0.0011,0.1446,0.0027,0.0194,4.3340,19.0649,30.7279,0.0000,81.8809,0.3300,0.1385,1.5490,8987.5757,0.0022,65.9141,6.7676,0.2266,485165195.4098,0.0273,61.5577,0.0001,0.0011,218.1639,0.0006,0.7648,12.7823,516.3652,44.6072,0.0036,0.0556,0.0003,2654.6230,2.8399,0.0063,42.3729,32.2568,4.4491,0.2722,0.0377,0.5691,1.2364,0.0079,0.5264,0.0023,16.1571,0.0478,27.2144,19.6448,0.0592,0.0379,28601.8212,8835.4808,88.3940,3.8467,0.0001,0.1025,7.7086,0.0145,0.0023,21.2633,856.0835,0.0003,0.1892,0.0092,67.8866,21.8565,0.1029,0.0317,101.5598,0.2560,0.0678,0.0160,645.3608,1.4915,2.5612,0.2309,8611.6332,4653.0469,481.1135,270.4303,0.6001,28.3912,0.0894,0.0364,48.6794,432.1611,0.0182,821.2000,87854.8580,0.9590,0.0913,0.0650,0.0003,3.0046,421.7328,7507.0318,7210.3374,6252.5387,7.0127,0.0109,0.1778,0.6944,0.7668,60.7735,0.4335,0.1967,1.3916,7148.9196,0.0000,1738.4716,11.5903,43.9894,4.5919,2.0079,1.4982,76.4765,15.6822,6.5283,0.7817
0.0234,0.0730,3.8211,569.1027,0.0003,1344.6413,22.1612,0.0082,296.0391,500594.3941,32.4104,54.2523,0.2946,13.9451,0.7917,127.6121,551.0673,251.5849,106.6865,191.8371,135.9403,0.0015,3013978.3722,0.0423,0.6742,453.2612,0.0273,485165195.4098,0.0706,1087.9612,481.2228,0.1752,0.7511,28.0643,0.5262,5.6625,0.2467,1063.9652,56.9426,3804.2532,5.1204,0.0144,14.8778,0.0026,0.0052,0.0132,7.7042,5794.0152,2.7627,0.2069,7.5210,0.0725,16893.3875,0.8884,166.2418,2.1005,1.3258,146661.6013,85.6284,0.0279,0.0010,0.0009,0.0718,27.9289,239.0257,0.3883,0.7373,9.8531,3.3133,3.4905,21181.0593,2007.2579,39524.4115,0.5429,0.0190,94.4362,2.3909,34.0597,57.0959,1817.2845,54.7570,0.0196,0.0065,42.9896,0.0184,193.3572,0.0141,0.1512,0.0130,0.1262,404.1873,0.0032,1547.2769,1611.9677,4.0812,200.6916,2.2101,0.0046,90.6179,0.0008,185.0912,3192.1967,0.0138,0.3007,0.0102,0.5788,0.3389,1698.1124,33.8012,3946.4204,14.6587,6622.0882,644.2525,0.0029,0.1134,3.5465,0.0403,10124.8766,0.0000,192.4081,2.0921,0.0004,0.2081,460.5842,0.4545,229.4720,672.4988,10.7312
0.0270,0.0492,0.0308,0.0067,6.2060,7.0469,0.0017,35.6501,0.0716,0.2863,3694.9541,0.0001,11.7182,0.0006,0.1645,67.9770,98.9798,0.0548,10.2994,2428.3583,30.8465,267.2642,0.7169,0.8248,7.9385,0.0244,61.5577,0.0706,485165195.4098,0.2662,1.6312,137.2287,1.8972,0.0069,1.0102,0.9769,9.8316,0.0062,1222.9909,4.4024,11912.5803,32.5305,4561.0233,0.2156,24.9083,0.0226,0.0001,1.2963,44.8802,633.0888,0.0000,0.0009,0.3179,138633.0731,17.6855,49.0242,0.8584,0.0002,17.0352,12.6537,3171.1919,7.5680,597749.5301,3.1811,0.0639,1.8684,0.0004,0.1784,0.0048,0.0003,0.0025,1551.3397,196.3510,28771.5019,280.3697,535.4195,7273.5254,0.3088,0.0002,8.3152,155.9058,3692.1848,0.3435,157.1272,2218027.2315,0.0009,0.0005,0.9766,0.0055,3110.6178,19738.2475,1.0161,0.1916,216.7561,17717.3081,0.0170,0.9032,26.6807,0.0041,0.0006,1.3731,0.0366,456.2727,27155.5736,0.0003,32.1229,0.0023,65.1305,1.3878,6.8858,35355.8764,105.9734,2.8290,390.1313,3155.6796,84.5147,1087.7087,0.4620,4.8881,0.0001,2.7480,121.8626,5169.3734,0.1993,0.0045,0.2516,0.0061,0.0012
0.0001,0.0007,0.3931,40.6703,0.0000,1.3959,0.0192,0.2082,0.7758,1457.6296,1375.0976,10.3081,0.0352,4.2911,1.1382,9.5928,151.4169,11.8390,553.4964,2653.1114,36074.5919,0.1721,656.2083,0.0388,0.0033,13405.1808,0.0001,1087.9612,0.2662,485165195.4098,0.0281,1.9546,76.5987,96.6807,1593.4461,0.1166,227.6102,288.2344,14470.9086,2226.8309,0.3557,0.7790,656.4408,0.1253,2.3709,0.5725,293.2008,18.3068,0.0932,0.0045,25.8670,0.3175,11653.1165,0.6392,1.8329,1.3871,9.8606,368.6294,87915.4626,0.0007,0.0008,0.6884,1.1064,1.6785,2.4731,398.2384,1.3319,6.2530,56.1870,0.3334,223.5925,4.6873,24848.5802,6.8312,14.1447,3234.6547,0.0069,27.6703,1.6268,17226.3642,22.4441,0.0014,0.1156,2417.6422,8.5569,0.0664,0.0040,2.4497,0.1406,5.2084,12.2240,452.9909,2.9495,0.0267,21.5615,0.3248,0.0014,0.0037,5.4976,0.0048,35.3714,2151.8625,12.1344,0.0875,0.0218,0.0024,49.8154,2.3036,134.0997,16.9535,554.4229,6883.9989,0.0093,0.4279,287.2685,248.5744,0.2899,403.9874,0.0006,0.1335,1.9476,0.0022,1.0185,7.7381,0.2666,0.0123,0.1803,49.8261
2.6308,4166.2620,634621.6353,82980.5611,35.9515,79780.2147,1.1221,0.0009,6676.8224,1338.7727,0.0631,331.4900,170199.1594,0.1243,11.3208,4.0324,184616.9749,0.0412,0.1268,0.2468,0.0002,0.0000,268.7672,0.9451,72.3897,0.0398,0.0011,481.2228,1.6312,0.0281,485165195.4098,0.0001,127.1600,0.1349,0.0001,1.0853,0.0000,70.5692,1.4449,957.7147,0.0641,0.1013,4.9362,0.0010,0.0006,0.0269,0.0088,2529.1028,36.5950,7794.2418,0.4443,0.1515,771.8947,0.3570,1639.2447,0.1948,0.2910,3.8210,0.0056,0.2745,0.0117,0.0077,50.2029,517671.2004,47.0889,0.0084,273.2151,1955.5073,0.0661,0.0156,25904.8154,3885.4679,55.3317,0.0027,0.0032,0.0653,173970.7439,0.0002,169.9628,0.2094,75.4584,12.7973,2.4354,0.0005,0.8360,0.2649,0.0036,0.0075,0.0878,1.8995,0.0393,0.0015,3938.8232,3350.7353,0.0004,50639.9780,3.6358,0.0004,0.0142,105.2946,2809.5874,24.2514,0.1813,1.1800,0.0004,0.1313,0.0000,278.0659,215.9466,28616.8147,0.0378,0.0028,20352.2639,0.0820,0.0469,0.0009,0.0207,52048.7649,0.0132,2.1346,1.0743,42.6924,0.0565,2.6797,1.3155,73326.9955,18.9264,0.0386
2.6534,0.2755,0.8902,0.0000,13.6304,0.0000,2.5988,4124.6568,0.0000,0.0249,597.2380,0.3108,3.2672,134.7691,0.0020,9.2954,0.1729,0.0003,0.1229,8806.3036,1663.0383,6941.9940,89.6294,47.9288,0.0070,202.6866,218.1639,0.1752,137.2287,1.9546,0.0001,485165195.4098,3466.5255,0.0259,349.1330,0.0182,46.9547,0.0012,93.6204,0.0092,23989.2213,39.0056,113.1024,2574.1562,3102.7271,0.0002,7.4978,0.0000,1232326.4726,5.8447,0.0001,0.0000,0.0000,21419.3094,0.0109,15428.8046,0.0059,0.1536,820.9242,12.5160,30.2388,544.6004,4.6795,0.0000,7.4109,36.4384,0.0000,0.0000,13461.7944,0.8621,1.2281,0.0583,1398.4345,647127.2737,1191.5184,46.9447,0.0014,37.1565,0.0711,237.8147,5.8555,8922.9532,0.0001,1906664.1339,8370.0347,7.8604,5.7767,0.0290,355.6155,0.4787,255033.5819,10.3289,973.4400,1.1068,6571.8829,1.2883,5792.5129,116.6489,0.0202,0.0001,1.7957,0.0038,556408.5939,1.9402,100.0044,179.7313,28194.4313,652.2907,202.6745,0.0024,123269.1415,6.4937,0.0001,131439.7346,19.7622,8896783.5611,63343.0546,0.0034,291.1821,0.0156,1916.7298,0.0003,242925.7112,38.7088,0.0000,0.0007,4.9579,0.0009
0.0722,12.5047,657736.4095,9.3630,5.2457,0.0024,0.6403,0.6174,0.0044,5.5697,3162.8824,219.3135,403498.0940,38.7669,0.0014,3.4544,135166.1152,0.0000,0.0258,10175.3205,79.7129,3.3143,3094.8355,0.0956,0.0000,2764.0199,0.0006,0.7511,1.8972,76.5987,127.1600,3466.5255,485165195.4098,0.0007,27.5947,0.0015,0.0043,0.0295,862.2013,4.7740,42.8493,2076.4142,34851.7633,55.2477,773.8313,0.0001,2548.4281,0.0013,85295.8267,812.9922,0.7300,0.0000,0.3595,0.6436,0.1072,24.7240,0.1153,0.0279,955.2164,0.0014,0.0893,4847.6079,1.4069,5.5298,46.6709,3068.9665,0.0901,0.0360,27985.6300,0.2148,186017.0435,6.0523,132987.4409,346.9847,40.0072,46.0832,1.8123,0.0022,15.6371,579.4654,5.9347,2134.8362,0.0029,967.2491,14200.0087,0.0148,0.0014,0.0001,5.6316,903.9273,101.2351,290.5052,178270.4080,0.1061,6.6980,33350.0767,6.9608,0.0002,0.0001,0.0842,5390.0837,2.1995,874402.8906,0.0012,1.2655,1.5352,0.8053,330.2343,28548.6241,2.9344,6091.7541,0.2524,0.0018,27405.9524,9.3853,3850.8306,147.8073,50.3201,13.7954,0.3114,82.3166,0.0043,6806.6342,2.2892,0.0000,0.0360,586.8895,0.0000
2.0762,1491.0068,0.0004,0.1000,0.0007,0.0848,1.3932,1253.6146,77.3119,0.9495,0.0133,38.1739,0.0035,55.5234,6915.9331,0.0062,0.0013,5445.7411,3.5294,10.5187,4.2830,1.2778,0.2016,48334.6597,43.7384,5.9718,0.7648,28.0643,0.0069,96.6807,0.1349,0.0259,0.0007,485165195.4098,35.2230,293.0745,2195.4574,158.7928,135.9930,32.7917,0.2835,0.0027,0.0053,1.0532,1.0602,19.7786,0.1989,1.3635,0.0068,0.0033,1139.6471,0.2529,1.8280,0.0957,0.0147,41278.8561,0.1906,78.2153,0.5679,0.4271,0.0003,0.0071,0.9770,0.0314,3368.6586,0.0458,1229.1468,0.0986,3.3223,2915.3084,1.8690,4.6394,0.1511,0.2469,0.0804,0.6359,0.0001,12491.5490,1.4255,55.6095,1748.8281,0.0000,7.6755,1.0445,0.0087,53377.9632,18770.7451,43372.6760,1522.0610,0.0040,0.0445,2.6172,1.1431,0.1046,0.0177,0.7616,0.0956,14.9102,1.5219,2.3893,1.2639,0.4324,0.0971,1014.4387,119.3645,0.0002,923.4007,0.0071,0.1701,6.2333,0.0164,0.8632,23.8863,0.0006,204.5182,1.4847,250.4780,0.2059,2.6880,1704.9122,28.2856,0.1638,0.6983,0.5116,20018.8464,6.6022,0.0270,4240.4888
0.0592,2.2083,0.0010,0.2734,0.0052,0.0008,393.6974,0.2915,0.1609,0.3106,485.6018,6.7724,0.0866,8932.4027,0.0236,0.2591,2.9180,0.5388,11626.7542,1761.8849,248.5642,354.6456,13.3795,4.2216,0.0007,1956546.9128,12.7823,0.5262,1.0102,1593.4461,0.0001,349.1330,27.5947,35.2230,485165195.4098,7979.2210,634.9579,0.6528,6839.4041,1.6425,68.8290,13911.4949,3.0104,367240.6660,27.5304,0.2290,75243.3947,0.0297,0.2884,0.5385,10.2616,0.0823,0.4384,5.1782,0.0312,97.9355,13.8745,0.5889,1582868.8620,0.0906,23.9155,1087.4262,14.8692,0.0000,0.0202,27373.5987,26.0635,2.0310,376.4736,4205.4877,3.2006,257.0545,7.0458,859.8573,4663.3431,0.2388,0.0000,598.6974,6.7198,384.7740,1.4290,4.2254,0.0005,11473.6099,43.9398,1.5635,0.2826,545.4210,0.5261,90.2803,17.5153,12.9136,0.5204,0.0003,568793.7654,0.3871,14.9081,294.1696,564.0086,0.0000,404.9870,27.8320,228.1343,2.4613,835.8357,2.2039,13474.5553,105.3478,99.8484,2.6473,11408.4187,6.7185,0.0752,20.9471,175.2955,1776.7750,256.2195,0.0417,25.0611,1317.0199,841.3537,0.0347,577.1758,164.9129,0.3519,0.0001,0.0778,0.0322
1.0725,6039.7541,0.0008,463.7061,0.3240,327.0269,260884.0390,0.0044,16054.5219,16.7445,0.0601,204.6164,0.2555,638.1707,28.3353,87.7820,1.1583,4301.5397,152611.5713,0.0661,0.0050,0.0294,5.2659,1194.1591,33.8262,10952.2372,516.3652,5.6625,0.9769,0.1166,1.0853,0.0182,0.0015,293.0745,7979.2210,485165195.4098,0.0824,306.9661,12.4476,68.7120,3.4136,3.8174,0.0005,856.3927,0.0004,21.8455,36.0573,280.1017,0.0260,107.9054,0.4049,36.7509,29.7262,8.4484,498.5575,5.8848,463.6805,11.3276,599.5429,1345.3213,1914.9335,1.0735,667.1349,0.0011,0.0022,256.3867,44381.8491,2381.9318,0.4035,25427.5001,0.6073,154166.4855,0.0268,0.0171,23.9737,0.0001,0.0029,1657.1055,9784.1435,0.1064,0.2426,5.8984,0.0031,0.4315,0.0062,176.0813,2.4663,126420.8580,0.1690,0.1876,0.0172,0.0000,1.1438,46.8049,2246.7471,1.8212,1207.6863,4135.5348,9968.2847,0.0034,8817.5792,448.7834,0.0173,192.8501,72.3780,379.2602,19.1602,1312.8422,0.3103,6970.4505,2.7363,0.0088,493477.4017,0.0015,0.4734,0.4310,9.1337,76.3474,4.2990,453.8597,95.2556,8.5578,0.0757,115595.1991,12752.3225,0.7268,0.1059,1.5576
6.2597,0.0005,0.0000,0.0008,0.0004,0.0002,0.0031,1729.9635,0.0763,0.1318,24.7667,0.0010,0.0000,14.0144,0.1457,0.0001,0.0005,424.2632,14.6709,1175.9837,120016.5883,14050.3706,0.0220,11.1902,0.5063,0.2520,44.6072,0.2467,9.8316,227.6102,0.0000,46.9547,0.0043,2195.4574,634.9579,0.0824,485165195.4098,1.0364,405.2797,1.3487,7.1192,1.5973,12.1056,88.4347,594.6463,11.0457,1.0099,0.0762,0.0640,0.0000,39.2196,1.7937,0.1016,1.3086,0.0011,373.9627,0.0013,5.5518,0.9138,0.0342,1.9955,0.1860,0.0920,0.0048,1.1912,1.3105,0.0060,0.0157,0.1201,4.1929,0.0010,0.0567,0.1776,372.8795,11.7447,1940.3775,0.0025,1461.3820,0.0000,3878.1846,232.8996,0.0005,296.2660,118.4703,3.3414,18.5607,84.8016,297.8068,0.3843,0.5610,280.8007,177.8788,0.0029,0.0000,298.4216,0.0082,0.0143,36.2941,0.2424,0.0174,0.0002,0.1155,1.3681,319.3609,1.7613,3.5728,998.7924,0.0358,0.6518,0.0015,7.2243,1077.0853,0.0006,0.0339,369764.0753,167.5443,286.5253,0.0001,0.2248,1.4969,0.0088,0.1239,873.8382,0.0053,1.4824,0.0375,0.0028,520.6549
0.0005,0.5897,5.3190,46605.7801,0.0001,28388.2456,111.3393,0.0000,3352634.9503,435692.5089,0.0001,128224.5641,0.0004,0.9464,5.9354,0.4860,1.7032,621866.6458,1790.7672,0.0046,0.2556,0.0000,32.0241,2.3175,15032.2049,6.4241,0.0036,1063.9652,0.0062,288.2344,70.5692,0.0012,0.0295,158.7928,0.6528,306.9661,1.0364,485165195.4098,33.5652,832307.1731,0.0000,0.0000,0.0001,0.2788,0.0000,46244.9885,0.1672,120953.0030,0.1423,0.1720,888.2401,9051.8008,6449.9486,2.0869,27400.7069,0.0102,0.0642,2919188.7271,0.5954,4.9715,0.0278,0.0000,1.4768,2397.5540,0.0136,0.0696,472693.4042,151631.3961,0.0059,186.5471,18.0143,377.1269,0.0827,0.0000,0.0075,0.0323,4.1564,545.4663,3240.8930,0.0572,114.4822,0.0036,15.5839,0.0005,0.0001,10.6021,36.3604,44.6105,0.0665,0.0000,0.0002,0.0000,0.7064,4.8082,0.1520,0.6570,126.7106,0.0045,929.7935,10.2930,2864.6952,198931.0630,0.0003,0.1779,0.0042,1.3923,0.3411,75.8357,1447.3877,1.0501,0.0017,0.0416,7449.7461,0.0000,27.2620,1.9427,0.0001,576940.2953,0.0000,1.1434,0.3336,4.6290,0.0036,32652.0581,113.9817,252.8322,0.0054,280280.6962
