485165195.4098,16064.5796,0.0025,11.2110,89.8056,8206674.9500,0.0974,0.4121,30.0557,63284.9019,39.7773,31613.3389,0.0041,1258.6000,0.0281,292.9028,0.0001,0.1031,0.3071,0.0000,94.4783,0.0512,309.6757,0.0198,0.0032,5.8264,0.1197,0.2690,26.4377,0.5463,99324.2333,1363.2875,25306433.4511,70569.4074,2.0643,0.0177,0.1259,328067.5503,0.9378,1.6922,2378.1494,616.4160,0.0004,0.0525,0.0010,0.0000,70415.4376,1533252.5229,138.8156,111.0908,110.7956,0.1594,0.0000,15.9993,619271.5996,7092094.0398,22.4238,0.0010,0.0018,705123.6191,254.8003,0.0066,23.6406,2.8390
16064.5796,485165195.4098,0.0011,538.1918,14221.1612,308220.6202,0.0997,0.0009,12238.8104,1.3367,4311962.6560,9211.4789,26.7620,18.1811,5651.8593,12.5261,350.9825,516.7357,12.6054,0.2968,1221.8712,9911.3543,6431976.9410,0.0001,60.8272,1.3648,171.7854,12535.8416,12.2764,0.0002,461093.9119,314763.4333,81279.7392,153198.7646,8578.9490,153.8966,0.4147,6764450.0156,0.0207,647.1415,140327.1873,210370.7536,2.1178,0.0000,0.0301,36.0227,42211.2919,198026.5647,1.9260,314292.1646,3.2219,14068.2206,0.0001,1234.9896,1780.4638,5373496.5646,60.9957,2.6778,8.5608,20790651.5879,9220.7835,7.5641,6.2735,83852.8831
0.0025,0.0011,485165195.4098,7273.8104,0.0006,0.0133,1037701.8931,142033.3934,0.1200,11.7893,0.0622,0.0000,127425.6764,0.0000,739.6284,0.1332,37243.7757,54.4795,34275.6486,960.4564,48.4914,8.9943,0.8383,1.6976,243115.0723,109838.5350,0.0003,2.0806,0.0404,0.0001,0.0000,0.0023,0.0000,1.8381,33056.5236,120198.7793,25874.5026,0.0203,4.0271,18948.0198,0.1536,7.6812,3058457.1557,1246.3486,3024866.3827,49.8363,0.0000,0.0003,65683.3665,0.0815,31.0051,97.5586,169692.2697,2658.3272,0.0001,0.0001,0.0021,1.0676,0.0003,0.0289,3.2638,233360.1218,0.0005,6.8226
11.2110,538.1918,7273.8104,485165195.4098,1920.7422,64.7433,17235.7074,4.9556,1845.2529,1.0787,7426.6386,10.4692,957080.7889,0.0001,3485.7236,3.3206,68311.4735,54637.0276,58556.3464,57.0025,1740.2158,561567.3701,489983.6140,0.0000,419748.1556,12893.1949,9.4990,2809759.4582,0.2485,0.0000,1.0779,582.1520,0.7988,266.0053,697287.5805,10727.2677,285.2513,4213.8549,15.8874,8017116.6906,756281.3738,8094.5124,1769092.2844,0.0015,657.2960,10.0959,39.5361,41.1922,8.7501,6327.3304,602.9793,944208.8736,1.4932,16654.4720,5.6700,3.3369,109.5734,21075.2088,0.0042,2186.2659,10254.1636,5551.7521,17.9210,25416.5033
89.8056,14221.1612,0.0006,1920.7422,485165195.4098,2908.6967,0.0003,0.0000,36.3839,0.0216,2152885.1603,22354857.2997,29.0104,7265.8834,59.3162,7136.3688,1.8308,2117.3158,121.1817,0.0004,1.6085,655028.1826,281377.6487,0.0000,0.0453,0.0344,3157560.1822,550921.0291,0.0093,0.1365,7370052.5432,72651039.9444,86477.4121,0.0448,21.6770,0.1194,60.9877,13424.5746,2.7763,472.6780,11664104.5499,46045.6275,0.1115,0.0000,0.0001,0.6852,3851498.5926,13164.2700,0.0000,75032.6380,60.1738,21341.6907,0.0001,17943.0099,264316.4925,16845.5969,224232.5765,354974.3420,93.2410,3268.2986,6379.3069,0.0105,1251810.5826,66280.7689
8206674.9500,308220.6202,0.0133,64.7433,2908.6967,485165195.4098,4.8378,4.2582,0.0951,634565.0339,3779.0028,35088.1901,22.3119,12.0371,549.0504,314527.2088,0.0408,0.8562,8.8610,0.0000,299.2017,20.8540,92773.7209,0.0000,0.6113,3001.9158,0.0491,12.7103,0.0019,0.0004,1111543.8888,291508.6204,1363211.5983,1870.7883,4860.6328,113.8371,879.5213,97656.1471,303.8551,639.9654,21598.4401,1821740.6969,0.0749,0.1426,0.0089,0.0004,11881.4171,11675.6298,254.6194,14.9054,13481.3366,6.2786,0.0000,8150.5591,23066.6765,2189154.7708,320.9883,0.1875,0.0003,1744448.0994,562339.8691,20.9308,16.7879,18.2824
0.0974,0.0997,1037701.8931,17235.7074,0.0003,4.8378,485165195.4098,15118607.4439,0.0140,7100.5839,0.0310,0.0000,1754438.9461,0.0000,15654.0563,20.0340,9041.1530,6.9382,460.2725,836.7882,10.1502,8.1258,60.0790,0.0055,11267935.7658,12128168.3656,0.0000,31.5223,0.0008,0.0000,0.0000,0.0047,0.0000,46.4903,130163.1784,944707.9391,7970.5429,0.3462,9992.8714,866126.7510,0.1822,16.0828,9339019.5239,5468.4554,112332.6331,0.4232,0.0000,0.0002,118239.2649,0.0024,28930.9192,32.1330,60110.7145,51.1139,0.0000,0.0005,0.3342,7.6723,0.0000,3.5059,9268.6321,53209074.6571,0.0011,0.1115
0.4121,0.0009,142033.3934,4.9556,0.0000,4.2582,15118607.4439,485165195.4098,0.0001,384478.5422,0.0000,0.0000,3173.5074,0.0000,73.2356,7.2946,7.5284,0.0083,11.6517,20.0744,26.8626,0.0015,0.0096,22.6114,11719.4977,5281814.9713,0.0000,0.0007,0.0022,0.0003,0.0000,0.0000,0.0001,6.3804,1258.4993,40077.4907,2410.8391,0.0006,16249.0285,95.6483,0.0001,1.0882,10837.7475,11907884.4806,43706.8029,0.0260,0.0000,0.0000,3378405.6036,0.0000,648.2133,0.0082,43743.9301,0.7916,0.0000,0.0001,0.0010,0.0021,0.0000,0.0198,18.1323,639013.4278,0.0000,0.0000
30.0557,12238.8104,0.1200,1845.2529,36.3839,0.0951,0.0140,0.0001,485165195.4098,0.0000,8464.2721,4.1251,0.0833,48.5743,0.0268,0.0000,1711.2029,50891.5066,1.1296,14849.0783,590.7272,51.3984,342.8694,6.1692,63.9152,0.0004,2092.8351,1888.8486,12895757.1395,0.2695,4.1528,3.1399,69.2779,678830.0249,4.2028,0.0397,0.0000,160177.1207,0.0000,3.8616,2080.1286,0.7580,11.4881,0.0000,2.0610,25555.2089,933.6066,453533.2148,0.3768,25165805.8234,0.0000,76928.2459,0.0015,0.4895,43.2755,1141.0479,0.0300,0.6699,39832.0801,14700.3768,0.0034,0.0092,0.1266,45846.5105
63284.9019,1.3367,11.7893,1.0787,0.0216,634565.0339,7100.5839,384478.5422,0.0000,485165195.4098,0.0031,2.3449,31.9915,0.0055,52.7185,293604.7013,0.0004,0.0004,0.9107,0.0000,20.3519,0.0244,2.6956,0.0225,0.6178,617825.3604,0.0000,0.0018,0.0000,0.0056,6.8664,2.0580,123.1929,4.2629,103.7824,220.1415,7628.6961,0.7411,279641.6470,33.1695,0.2382,532.7542,0.5124,179896.3673,1.6354,0.0000,0.0911,0.1167,13033.7784,0.0000,379371.1601,0.0009,0.0836,28.9323,14.2197,57.4303,13.4679,0.0067,0.0000,16.4625,22289.8395,864.8449,0.3168,0.0003
39.7773,4311962.6560,0.0622,7426.6386,2152885.1603,3779.0028,0.0310,0.0000,8464.2721,0.0031,485165195.4098,34977.4602,418.6977,26.5390,13145.6893,66.1229,14446.4456,26617.3850,625.2959,0.1604,13.6005,1427304.7073,12481508.1344,0.0000,109.1419,0.1817,66472.3428,2629486.6374,0.4198,0.0001,427670.1099,15483365.6214,4527.3233,188.2183,3970.1736,74.7139,10.4448,1406427.3439,0.0044,31295.7734,5897197.8173,78343.0866,32.8024,0.0000,0.2508,694.6848,83352.0596,42120.1842,0.0081,3866755.6918,7.2728,433088.5295,0.0059,40515.2459,500.1224,78019.5303,3135.8326,2916.3469,144.8699,1291026.5375,21792.1427,6.6204,1028.8530,10802716.2156
31613.3389,9211.4789,0.0000,10.4692,22354857.2997,35088.1901,0.0000,0.0000,4.1251,2.3449,34977.4602,485165195.4098,0.0177,619819.9471,0.3759,10499.7413,0.0007,7.9435,7.8036,0.0000,2.0283,1858.6281,4910.1821,0.0001,0.0000,0.0036,940404.9367,732.2175,0.0819,43.3456,47251088.5691,11399322.3519,12822744.9042,0.1813,0.2355,0.0018,1.3324,8755.4034,0.3750,0.9683,1182336.5700,4949.4630,0.0001,0.0000,0.0000,0.0014,15397793.4276,99320.7883,0.0001,3983.3183,59.5056,14.4194,0.0000,663.7121,46247967.9275,1007006.3455,30024.0619,400.7122,7.3599,2081.7536,446.7788,0.0000,1956130.5244,2330.7694
0.0041,26.7620,127425.6764,957080.7889,29.0104,22.3119,1754438.9461,3173.5074,0.0833,31.9915,418.6977,0.0177,485165195.4098,0.0000,6780623.5023,433.8027,1408468.3889,4943.6507,17350.3770,156.0111,304.6796,477546.0308,59093.1605,0.0000,13588992.7054,2389835.7276,0.0209,53818.2935,0.0000,0.0000,0.0311,101.1522,0.0003,0.6495,11759643.2227,10892621.1016,1874034.9912,2.5241,16842.7497,18559877.5927,525.6192,72296.0993,52223527.0019,2.4827,12384.4906,142.7950,0.0029,0.0018,114.0667,1.8746,6915.8965,273398.2855,60964.6148,197389.0024,0.0006,0.0117,31.9015,51662.5437,0.0006,15.8187,227688.2363,31988551.5304,0.1344,378.9562
1258.6000,18.1811,0.0000,0.0001,7265.8834,12.0371,0.0000,0.0000,48.5743,0.0055,26.5390,619819.9471,0.0000,485165195.4098,0.0000,0.6123,0.0000,0.0873,0.0015,0.0001,0.0976,0.0203,0.0278,38.2982,0.0000,0.0000,113465.4683,0.0190,885.6997,1077632.9298,281803.2242,923.3847,934668.5481,0.2234,0.0000,0.0000,0.0003,40.9550,0.0007,0.0000,26.9508,0.1705,0.0000,0.0003,0.0000,0.0792,513094.5207,76642.3536,0.0001,481.9097,0.0004,0.0205,0.0000,0.0631,1177195.8894,26904.8057,8.7901,0.0554,78695.0841,7.7949,0.0009,0.0000,1635.8387,2.8702
0.0281,5651.8593,739.6284,3485.7236,59.3162,549.0504,15654.0563,73.2356,0.0268,52.7185,13145.6893,0.3759,6780623.5023,0.0000,485165195.4098,3194.3444,314730.1176,155.1124,2064.9285,4.7593,76.7064,175546.3200,367972.4514,0.0000,322593.0902,65001.4644,0.0933,6222.7484,0.0000,0.0000,6.8623,1911.7397,0.0078,1.1196,3703043.6240,16248753.7261,319296.1444,21.3112,214.6745,349615.2200,64.3629,446141.6396,308542.7052,0.2765,4605.9372,140.9246,0.0957,0.0104,26.2550,1.6300,5354.1401,11965.5173,2700.0597,28095.6327,0.0062,2.2410,75.9942,643.9721,0.0051,153.1394,606574.5620,3741982.1775,0.3499,592.6750
292.9028,12.5261,0.1332,3.3206,7136.3688,314527.2088,20.0340,7.2946,0.0000,293604.7013,66.1229,10499.7413,433.8027,0.6123,3194.3444,485165195.4098,0.0045,0.0065,36.9385,0.0000,0.0048,252.0194,2320.0559,0.0000,0.1092,4269.0878,0.4555,63.2342,0.0000,0.0037,44545.9435,262274.8005,1153.2794,0.0005,30.9735,30.2033,140295.7840,7.2513,261675.6464,2574.5572,493.1531,6982.3116,0.1899,18.3787,0.0024,0.0000,76.1935,0.1666,0.0794,0.0025,22010806.4375,0.0668,0.0613,4669.3987,75.7759,80.9930,610306.2262,1102.7138,0.0000,46.4928,10736036.7639,140.3535,49989.1833,0.4816
0.0001,350.9825,37243.7757,68311.4735,1.8308,0.0408,9041.1530,7.5284,1711.2029,0.0004,14446.4456,0.0007,1408468.3889,0.0000,314730.1176,0.0045,485165195.4098,283301.7164,10451.9853,410291.7908,353.5034,30999.8054,14613.7732,0.0093,27690267.8820,321.9457,1.2955,47783.9031,1.2861,0.0000,0.0053,3.9268,0.0000,200.0966,1758630.0703,2258383.0015,200.5673,28.3609,0.0269,177205.7665,107.5169,1085.4980,17018018.7599,0.0024,160298.2843,5832040.7160,0.0074,0.0518,135.3627,2787.1354,0.1071,1274823.0448,82916.5625,1766.2210,0.0001,0.0160,0.0158,260.4530,20.2226,81.6339,43.8189,418116.8694,0.0008,51807.3564
0.1031,516.7357,54.4795,54637.0276,2117.3158,0.8562,6.9382,0.0083,50891.5066,0.0004,26617.3850,7.9435,4943.6507,0.0873,155.1124,0.0065,283301.7164,485165195.4098,977.0074,5454.4171,13795.1291,54837.7867,10296.1568,0.0169,17555.4517,1.7712,583.8911,63834.3878,36.0055,0.0001,2.7006,425.5845,0.5791,841.4013,29456.2743,1265.9236,34.1971,1239.9088,0.0641,6320.0774,56618.9547,4447.4141,11706.2184,0.0000,19.5273,169759.1527,7.6407,60.2345,0.7476,381510.8222,0.0114,10116011.8988,4.3026,605.9498,4.1766,15.4042,0.0632,2515.4210,536.7254,495.7951,5.5955,98.5222,0.2471,30521.4730
0.3071,12.6054,34275.6486,58556.3464,121.1817,8.8610,460.2725,11.6517,1.1296,0.9107,625.2959,7.8036,17350.3770,0.0015,2064.9285,36.9385,10451.9853,977.0074,485165195.4098,6.2231,25.5977,2035.5384,2073.2984,0.0004,10773.7676,2867.5523,2.3751,8695.9247,0.0086,0.0001,0.8491,265.8783,0.1503,2.1443,87579.4569,26238.5336,1286.4199,20.5791,0.0899,49040.9189,6087.5979,2604.0303,10086.8330,0.0872,162.3546,35.0178,11.2901,0.3253,506.4263,30.3744,202.6840,331.0803,46.2091,10078.3906,0.6149,0.1021,0.1316,20.6284,0.0070,80.3592,534.3981,1302.6074,3.4553,894.7461
0.0000,0.2968,960.4564,57.0025,0.0004,0.0000,836.7882,20.0744,14849.0783,0.0000,0.1604,0.0000,156.0111,0.0001,4.7593,0.0000,410291.7908,5454.4171,6.2231,485165195.4098,34.2743,2.2085,0.5946,236.8633,327755.2581,0.4657,0.1728,23.1054,7205.0193,0.0041,0.0000,0.0001,0.0000,661.3538,55.5075,391.5122,0.0130,0.5504,0.0021,17.0747,0.0130,0.0201,84106.7932,0.0600,1065.6226,813440.3353,0.0000,0.0147,82.1693,126.9533,0.0002,2304.4407,14070.6596,0.0127,0.0000,0.0005,0.0001,1.3687,183.8952,0.1596,0.0015,965.7934,0.0001,16.6189
94.4783,1221.8712,48.4914,1740.2158,1.6085,299.2017,10.1502,26.8626,590.7272,20.3519,13.6005,2.0283,304.6796,0.0976,76.7064,0.0048,353.5034,13795.1291,25.5977,34.2743,485165195.4098,196.4833,42.5293,77.5301,275.2416,990.8801,0.0828,0.4141,104.7795,0.0027,0.2894,1.1318,3.2608,13078.8951,68399.7430,5846.1537,89.5554,18.2910,1.3195,7.1509,95.4569,77205.0671,359.6428,0.7979,642.9260,761.5476,1.0423,46.5789,3627.2983,133.6793,0.0023,15279.6520,0.8469,190.1940,382.9489,391.8790,0.0002,0.0512,5.1562,51.6879,0.2505,56.4779,0.0001,7.8519
0.0512,9911.3543,8.9943,561567.3701,655028.1826,20.8540,8.1258,0.0015,51.3984,0.0244,1427304.7073,1858.6281,477546.0308,0.0203,175546.3200,252.0194,30999.8054,54837.7867,2035.5384,2.2085,196.4833,485165195.4098,2461182.0163,0.0000,3134.3093,57.8420,27822.5280,12107540.5519,0.0012,0.0000,336.4188,381094.1600,2.8473,0.1247,20785.4055,1880.5551,1944.2848,573.4461,46.9225,669733.5517,1256782.7791,30696.3469,21855.5780,0.0000,6.4409,70.4042,101.8130,5.8138,0.0005,8453.4245,374.6474,2183576.0296,4.6877,57371.6836,40.0165,43.1701,48933.7445,5534456.3607,1.3337,174.5526,80260.7368,920.1262,5582.7191,192122.0167
309.6757,6431976.9410,0.8383,489983.6140,281377.6487,92773.7209,60.0790,0.0096,342.8694,2.6956,12481508.1344,4910.1821,59093.1605,0.0278,367972.4514,2320.0559,14613.7732,10296.1568,2073.2984,0.5946,42.5293,2461182.0163,485165195.4098,0.0000,11081.2199,255.6905,359.7119,9441015.7886,0.0088,0.0000,72185.6062,3723854.4281,1551.0193,1051.9600,399591.4306,8765.1325,332.3005,3909539.5921,5.8265,3469378.7495,4091140.0603,1157666.3832,2796.8872,0.0000,0.2817,5.3915,3097.9851,1847.5222,0.4053,121482.6838,7264.8497,276920.5282,0.0079,75737.5639,62.8549,46300.6200,15157.9391,10900.7653,0.0251,3360448.3901,4739761.4169,2597.9247,632.1636,533366.4029
0.0198,0.0001,1.6976,0.0000,0.0000,0.0000,0.0055,22.6114,6.1692,0.0225,0.0000,0.0001,0.0000,38.2982,0.0000,0.0000,0.0093,0.0169,0.0004,236.8633,77.5301,0.0000,0.0000,485165195.4098,0.0017,0.0015,0.0064,0.0000,124490.3886,229959.1671,0.0000,0.0000,0.0013,2.4389,0.0003,0.0031,0.0005,0.0000,0.0013,0.0000,0.0000,0.0001,0.0032,4542.4234,52.7153,127.0917,0.0010,0.0454,98.0143,0.0048,0.0000,0.0007,20.9437,0.0000,0.0949,0.0022,0.0000,0.0000,3045.2206,0.0000,0.0000,0.0004,0.0000,0.0001
0.0032,60.8272,243115.0723,419748.1556,0.0453,0.6113,11267935.7658,11719.4977,63.9152,0.6178,109.1419,0.0000,13588992.7054,0.0000,322593.0902,0.1092,27690267.8820,17555.4517,10773.7676,327755.2581,275.2416,3134.3093,11081.2199,0.0017,485165195.4098,184834.3075,0.0010,19110.6256,0.0842,0.0000,0.0003,0.2214,0.0000,1250.3782,4344146.5719,7419310.7506,920.7838,33.1566,12.3270,4452427.0751,24.1571,514.0011,150601987.2948,0.4446,167182.2744,10034.0493,0.0003,0.0108,9229.1403,26.1784,53.8713,140691.7572,92667.7664,464.5766,0.0000,0.0044,0.0586,147.4046,0.0054,183.7695,2168.7058,36785718.5410,0.0006,348.1419
5.8264,1.3648,109838.5350,12893.1949,0.0344,3001.9158,12128168.3656,5281814.9713,0.0004,617825.3604,0.1817,0.0036,2389835.7276,0.0000,65001.4644,4269.0878,321.9457,1.7712,2867.5523,0.4657,990.8801,57.8420,255.6905,0.0015,184834.3075,485165195.4098,0.0000,6.0213,0.0000,0.0000,0.0075,0.7658,0.0069,6.8177,984980.1051,1902972.8397,883615.8546,0.4408,201777.4333,288986.0731,4.6810,12446.8665,309829.5612,13164.0198,11886.6627,0.0267,0.0009,0.0007,124956.4451,0.0009,108852.4819,31.6134,2836.0111,5466.4678,0.0044,0.0338,1.1005,5.9983,0.0000,10.0642,91543.8869,8754871.0479,0.0057,0.0183
0.1197,171.7854,0.0003,9.4990,3157560.1822,0.0491,0.0000,0.0000,2092.8351,0.0000,66472.3428,940404.9367,0.0209,113465.4683,0.0933,0.4555,1.2955,583.8911,2.3751,0.1728,0.0828,27822.5280,359.7119,0.0064,0.0010,0.0000,485165195.4098,24228.2292,22.6243,489.7639,38473.1892,77450.1961,1161.3050,0.0077,0.0111,0.0004,0.0081,213.3831,0.0007,0.2714,59912.8571,3.1424,0.0047,0.0000,0.0001,36.0280,127251.8243,1508.2976,0.0000,200378.8561,0.0207,779.9665,0.0003,14.9818,28843.6005,432.8032,3347.8197,32580.9621,74120.1960,3.9009,0.2817,0.0000,532408.9703,90902.4952
0.2690,12535.8416,2.0806,2809759.4582,550921.0291,12.7103,31.5223,0.0007,1888.8486,0.0018,2629486.6374,732.2175,53818.2935,0.0190,6222.7484,63.2342,47783.9031,63834.3878,8695.9247,23.1054,0.4141,12107540.5519,9441015.7886,0.0000,19110.6256,6.0213,24228.2292,485165195.4098,0.0289,0.0000,640.0105,265898.3453,11.0053,4.0580,5243.3780,132.1800,8.1331,40154.3614,1.7410,3605935.6698,6300461.5841,815.8915,15880.9080,0.0000,0.5193,44.0909,1560.8613,115.4582,0.0009,130174.0293,1111.6914,676976.9904,0.3690,2522.6989,4.0198,16.9034,69075.3449,3880844.4832,0.9767,10495.0509,123389.6871,292.0395,26273.5412,793925.3700
26.4377,12.2764,0.0404,0.2485,0.0093,0.0019,0.0008,0.0022,12895757.1395,0.0000,0.4198,0.0819,0.0000,885.6997,0.0000,0.0000,1.2861,36.0055,0.0086,7205.0193,104.7795,0.0012,0.0088,124490.3886,0.0842,0.0000,22.6243,0.0289,485165195.4098,1365.3004,0.0408,0.0006,12.2224,154625.0657,0.0034,0.0003,0.0000,197.3150,0.0000,0.0002,0.1751,0.0008,0.0150,0.0007,0.8672,1626.5296,18.5368,22981.8242,6.1201,27409.6992,0.0000,5.6005,0.0013,0.0005,15.0617,50.8901,0.0000,0.0001,62930.4392,20.7977,0.0000,0.0000,0.0012,14.6294
0.5463,0.0002,0.0001,0.0000,0.1365,0.0004,0.0000,0.0003,0.2695,0.0056,0.0001,43.3456,0.0000,1077632.9298,0.0000,0.0037,0.0000,0.0001,0.0001,0.0041,0.0027,0.0000,0.0000,229959.1671,0.0000,0.0000,489.7639,0.0000,1365.3004,485165195.4098,1.6332,0.0027,16.5053,0.0004,0.0000,0.0000,0.0000,0.0003,0.0022,0.0000,0.0003,0.0000,0.0000,9.4764,0.0005,0.0147,56.6329,2.3422,0.0002,0.0160,0.0001,0.0000,0.0014,0.0000,833.6190,0.2463,0.1062,0.0020,6500.8495,0.0000,0.0000,0.0000,26.0076,0.0007
99324.2333,461093.9119,0.0000,1.0779,7370052.5432,1111543.8888,0.0000,0.0000,4.1528,6.8664,427670.1099,47251088.5691,0.0311,281803.2242,6.8623,44545.9435,0.0053,2.7006,0.8491,0.0000,0.2894,336.4188,72185.6062,0.0000,0.0003,0.0075,38473.1892,640.0105,0.0408,1.6332,485165195.4098,44503858.5345,26779075.0290,4.5751,1.3941,0.0148,2.0935,195126.5195,0.4491,3.1388,280933.5770,26318.9118,0.0001,0.0000,0.0000,0.0076,9583160.5264,213918.7953,0.0007,6462.0520,100.8730,12.1528,0.0000,1150.2627,1339814.4316,8073827.1280,34637.2720,44.9623,9.1398,199541.6118,7381.3374,0.0008,94420.8177,2660.8905
1363.2875,314763.4333,0.0023,582.1520,72651039.9444,291508.6204,0.0047,0.0000,3.1399,2.0580,15483365.6214,11399322.3519,101.1522,923.3847,1911.7397,262274.8005,3.9268,425.5845,265.8783,0.0001,1.1318,381094.1600,3723854.4281,0.0000,0.2214,0.7658,77450.1961,265898.3453,0.0006,0.0027,44503858.5345,485165195.4098,408532.6472,0.6395,332.1583,3.6845,687.7041,170463.4233,5.3865,6265.7212,10683111.4140,479411.4256,0.1626,0.0000,0.0002,0.1448,786267.6131,11116.7028,0.0007,25133.4277,2442.9332,4488.4656,0.0001,186518.7170,59380.6362,291731.1693,291061.4626,22496.3524,1.4847,165731.8956,530833.1123,0.5035,249287.7060,116022.7846
25306433.4511,81279.7392,0.0000,0.7988,86477.4121,1363211.5983,0.0000,0.0001,69.2779,123.1929,4527.3233,12822744.9042,0.0003,934668.5481,0.0078,1153.2794,0.0000,0.5791,0.1503,0.0000,3.2608,2.8473,1551.0193,0.0013,0.0000,0.0069,1161.3050,11.0053,12.2224,16.5053,26779075.0290,408532.6472,485165195.4098,652.9152,0.0434,0.0002,0.0213,761577.1666,0.1242,0.2747,78341.1520,504.9419,0.0000,0.0001,0.0000,0.0001,5416997.2747,6913382.4329,0.0261,4700.0528,21.3998,0.5817,0.0000,19.3893,15441242.1551,47532788.3370,1747.6817,0.1929,0.8256,449871.1024,216.9183,0.0000,14577.9800,99.5386
70569.4074,153198.7646,1.8381,266.0053,0.0448,1870.7883,46.4903,6.3804,678830.0249,4.2629,188.2183,0.1813,0.6495,0.2234,1.1196,0.0005,200.0966,841.4013,2.1443,661.3538,13078.8951,0.1247,1051.9600,2.4389,1250.3782,6.8177,0.0077,4.0580,154625.0657,0.0004,4.5751,0.6395,652.9152,485165195.4098,1270.5371,44.2421,0.0039,1084740.6297,0.0005,40.7171,90.7818,131.0942,19.5903,0.0015,9.4622,80.6285,11.5489,115965.8019,77441.0572,44384.2756,0.0137,567.7749,0.0010,2.3961,5.6241,45691.2933,0.0006,0.0002,0.7283,2680283.7244,1.4282,14.6902,0.0002,255.3439
2.0643,8578.9490,33056.5236,697287.5805,21.6770,4860.6328,130163.1784,1258.4993,4.2028,103.7824,3970.1736,0.2355,11759643.2227,0.0000,3703043.6240,30.9735,1758630.0703,29456.2743,87579.4569,55.5075,68399.7430,20785.4055,399591.4306,0.0003,4344146.5719,984980.1051,0.0111,5243.3780,0.0034,0.0000,1.3941,332.1583,0.0434,1270.5371,485165195.4098,52758797.6191,217427.8118,347.3164,63.2643,1386805.9926,3551.6382,6432879.4389,2635618.5791,0.3299,15333.4324,1056.6276,0.1807,0.4217,25137.0697,89.4546,168.6570,193665.1867,352.9421,461446.5887,0.0665,6.4293,0.0810,44.8408,0.0031,4318.1863,33277.6403,2769576.9086,0.0020,2615.6984
0.0177,153.8966,120198.7793,10727.2677,0.1194,113.8371,944707.9391,40077.4907,0.0397,220.1415,74.7139,0.0018,10892621.1016,0.0000,16248753.7261,30.2033,2258383.0015,1265.9236,26238.5336,391.5122,5846.1537,1880.5551,8765.1325,0.0031,7419310.7506,1902972.8397,0.0004,132.1800,0.0003,0.0000,0.0148,3.6845,0.0002,44.2421,52758797.6191,485165195.4098,235591.7933,1.2475,115.2472,194520.1741,7.0024,208718.8803,4769719.0467,38.5607,156739.7946,1341.4140,0.0008,0.0006,53413.1745,0.1944,272.2235,2856.7244,57880.0381,5375.7532,0.0003,0.0706,0.0137,5.0305,0.0008,30.7002,12065.9306,28635964.3733,0.0002,41.2081
0.1259,0.4147,25874.5026,285.2513,60.9877,879.5213,7970.5429,2410.8391,0.0000,7628.6961,10.4448,1.3324,1874034.9912,0.0003,319296.1444,140295.7840,200.5673,34.1971,1286.4199,0.0130,89.5554,1944.2848,332.3005,0.0005,920.7838,883615.8546,0.0081,8.1331,0.0000,0.0000,2.0935,687.7041,0.0213,0.0039,217427.8118,235591.7933,485165195.4098,0.1019,180301.9899,33279.2914,13.7145,474468.4619,11234.6166,472.8800,157.1004,0.5325,0.0056,0.0007,130.0796,0.0143,14797.5308,512.9007,2487.1295,1923127.7925,0.0703,0.1347,20.8149,897.2058,0.0002,0.5723,40759.2149,238699.3800,0.4102,1.8230
328067.5503,6764450.0156,0.0203,4213.8549,13424.5746,97656.1471,0.3462,0.0006,160177.1207,0.7411,1406427.3439,8755.4034,2.5241,40.9550,21.3112,7.2513,28.3609,1239.9088,20.5791,0.5504,18.2910,573.4461,3909539.5921,0.0000,33.1566,0.4408,213.3831,40154.3614,197.3150,0.0003,195126.5195,170463.4233,761577.1666,1084740.6297,347.3164,1.2475,0.1019,485165195.4098,0.0046,6362.0831,610673.4489,6412.0933,1.4208,0.0000,0.0045,0.8204,45031.2408,5915266.1366,3.0846,5914177.7855,23.2613,9319.7310,0.0000,665.3362,2037.5315,6709544.2275,261.2423,3.4191,0.6025,119627197.7094,5736.7541,1.0866,125.7639,115064.7921
0.9378,0.0207,4.0271,15.8874,2.7763,303.8551,9992.8714,16249.0285,0.0000,279641.6470,0.0044,0.3750,16842.7497,0.0007,214.6745,261675.6464,0.0269,0.0641,0.0899,0.0021,1.3195,46.9225,5.8265,0.0013,12.3270,201777.4333,0.0007,1.7410,0.0000,0.0022,0.4491,5.3865,0.1242,0.0005,63.2643,115.2472,180301.9899,0.0046,485165195.4098,631.7805,0.5833,95.3854,83.7345,20512.3185,0.5062,0.0001,0.0043,0.0002,0.6919,0.0000,203408.5628,0.4423,108.0053,56.7606,0.1375,0.0221,4153.0927,4177.0147,0.0000,0.0187,36421.4856,8322.7317,13.9440,0.0004
1.6922,647.1415,18948.0198,8017116.6906,472.6780,639.9654,866126.7510,95.6483,3.8616,33.1695,31295.7734,0.9683,18559877.5927,0.0000,349615.2200,2574.5572,177205.7665,6320.0774,49040.9189,17.0747,7.1509,669733.5517,3469378.7495,0.0000,4452427.0751,288986.0731,0.2714,3605935.6698,0.0002,0.0000,3.1388,6265.7212,0.2747,40.7171,1386805.9926,194520.1741,33279.2914,6362.0831,631.7805,485165195.4098,121535.9948,17293.6964,4782106.5536,0.0093,293.5816,2.0834,0.2950,0.9913,33.5441,260.6731,291627.5932,183368.6307,77.1832,187809.4521,0.0147,2.2094,3008.3737,70405.4818,0.0001,13480.5494,7105738.4835,2964786.5594,37.3891,12432.0553
2378.1494,140327.1873,0.1536,756281.3738,11664104.5499,21598.4401,0.1822,0.0001,2080.1286,0.2382,5897197.8173,1182336.5700,525.6192,26.9508,64.3629,493.1531,107.5169,56618.9547,6087.5979,0.0130,95.4569,1256782.7791,4091140.0603,0.0000,24.1571,4.6810,59912.8571,6300461.5841,0.1751,0.0003,280933.5770,10683111.4140,78341.1520,90.7818,3551.6382,7.0024,13.7145,610673.4489,0.5833,121535.9948,485165195.4098,69098.8657,21.2266,0.0000,0.0091,0.9256,483614.2413,79268.0070,0.0092,767167.4856,309.9560,150661.2287,0.0001,59294.9471,74528.7242,41790.9076,10101.1388,42956.3032,0.6712,378411.9016,48063.8571,0.9728,41850.6433,874736.0145
616.4160,210370.7536,7.6812,8094.5124,46045.6275,1821740.6969,16.0828,1.0882,0.7580,532.7542,78343.0866,4949.4630,72296.0993,0.1705,446141.6396,6982.3116,1085.4980,4447.4141,2604.0303,0.0201,77205.0671,30696.3469,1157666.3832,0.0001,514.0011,12446.8665,3.1424,815.8915,0.0008,0.0000,26318.9118,479411.4256,504.9419,131.0942,6432879.4389,208718.8803,474468.4619,6412.0933,95.3854,17293.6964,69098.8657,485165195.4098,349.5983,0.0124,1.4109,18.3096,335.3202,138.6701,152.5405,587.6642,180.0109,72014.5313,0.0865,1831946.6547,673.7481,22014.7053,7.2116,57.4585,0.0540,42226.9068,94108.4703,2346.2893,0.7509,2811.0073
0.0004,2.1178,3058457.1557,1769092.2844,0.1115,0.0749,9339019.5239,10837.7475,11.4881,0.5124,32.8024,0.0001,52223527.0019,0.0000,308542.7052,0.1899,17018018.7599,11706.2184,10086.8330,84106.7932,359.6428,21855.5780,2796.8872,0.0032,150601987.2948,309829.5612,0.0047,15880.9080,0.0150,0.0000,0.0001,0.1626,0.0000,19.5903,2635618.5791,4769719.0467,11234.6166,1.4208,83.7345,4782106.5536,21.2266,349.5983,485165195.4098,2.2041,862015.2286,3802.3531,0.0001,0.0013,1051.3410,6.8238,88.4722,216267.4520,394653.3714,2544.6777,0.0000,0.0005,0.3011,2010.6994,0.0035,3.2595,949.6474,19754131.0926,0.0027,308.6661
0.0525,0.0000,1246.3486,0.0015,0.0000,0.1426,5468.4554,11907884.4806,0.0000,179896.3673,0.0000,0.0000,2.4827,0.0003,0.2765,18.3787,0.0024,0.0000,0.0872,0.0600,0.7979,0.0000,0.0000,4542.4234,0.4446,13164.0198,0.0000,0.0000,0.0007,9.4764,0.0000,0.0000,0.0001,0.0015,0.3299,38.5607,472.8800,0.0000,20512.3185,0.0093,0.0000,0.0124,2.2041,485165195.4098,742.6710,0.0010,0.0000,0.0000,8228.3031,0.0000,38.9104,0.0000,11050.3668,0.0178,0.0007,0.0000,0.0015,0.0007,0.0000,0.0000,0.0659,201.4894,0.0002,0.0000
0.0010,0.0301,3024866.3827,657.2960,0.0001,0.0089,112332.6331,43706.8029,2.0610,1.6354,0.2508,0.0000,12384.4906,0.0000,4605.9372,0.0024,160298.2843,19.5273,162.3546,1065.6226,642.9260,6.4409,0.2817,52.7153,167182.2744,11886.6627,0.0001,0.5193,0.8672,0.0005,0.0000,0.0002,0.0000,9.4622,15333.4324,156739.7946,157.1004,0.0045,0.5062,293.5816,0.0091,1.4109,862015.2286,742.6710,485165195.4098,2397.1454,0.0001,0.0008,13235.5540,0.0329,0.1747,45.6635,741596.3289,6.0295,0.0000,0.0001,0.0006,0.0489,0.0663,0.0192,0.2785,94596.2452,0.0000,1.2622
0.0000,36.0227,49.8363,10.0959,0.6852,0.0004,0.4232,0.0260,25555.2089,0.0000,694.6848,0.0014,142.7950,0.0792,140.9246,0.0000,5832040.7160,169759.1527,35.0178,813440.3353,761.5476,70.4042,5.3915,127.0917,10034.0493,0.0267,36.0280,44.0909,1626.5296,0.0147,0.0076,0.1448,0.0001,80.6285,1056.6276,1341.4140,0.5325,0.8204,0.0001,2.0834,0.9256,18.3096,3802.3531,0.0010,2397.1454,485165195.4098,0.0462,0.4808,7.3560,7565.5372,0.0000,87615.2153,10009.6328,7.5533,0.0008,0.0208,0.0000,1.9953,816005.4232,1.4862,0.0010,41.7626,0.0000,2622.2681
70415.4376,42211.2919,0.0000,39.5361,3851498.5926,11881.4171,0.0000,0.0000,933.6066,0.0911,83352.0596,15397793.4276,0.0029,513094.5207,0.0957,76.1935,0.0074,7.6407,11.2901,0.0000,1.0423,101.8130,3097.9851,0.0010,0.0003,0.0009,127251.8243,1560.8613,18.5368,56.6329,9583160.5264,786267.6131,5416997.2747,11.5489,0.1807,0.0008,0.0056,45031.2408,0.0043,0.2950,483614.2413,335.3202,0.0001,0.0000,0.0001,0.0462,485165195.4098,2197115.5435,0.0004,27445.5414,0.8553,13.9592,0.0000,9.9461,7993803.0989,224138.2411,1903.8200,10.2356,277.5697,26388.3008,26.1502,0.0000,55157.9037,1680.3009
1533252.5229,198026.5647,0.0003,41.1922,13164.2700,11675.6298,0.0002,0.0000,453533.2148,0.1167,42120.1842,99320.7883,0.0018,76642.3536,0.0104,0.1666,0.0518,60.2345,0.3253,0.0147,46.5789,5.8138,1847.5222,0.0454,0.0108,0.0007,1508.2976,115.4582,22981.8242,2.3422,213918.7953,11116.7028,6913382.4329,115965.8019,0.4217,0.0006,0.0007,5915266.1366,0.0002,0.9913,79268.0070,138.6701,0.0013,0.0000,0.0008,0.4808,2197115.5435,485165195.4098,0.2580,2593228.9664,0.0252,290.0306,0.0000,15.0675,512108.2661,5514363.8846,20.2903,0.0864,205.1930,2071064.2309,2.1048,0.0002,106.8272,22085.5404
138.8156,1.9260,65683.3665,8.7501,0.0000,254.6194,118239.2649,3378405.6036,0.3768,13033.7784,0.0081,0.0001,114.0667,0.0001,26.2550,0.0794,135.3627,0.7476,506.4263,82.1693,3627.2983,0.0005,0.4053,98.0143,9229.1403,124956.4451,0.0000,0.0009,6.1201,0.0002,0.0007,0.0007,0.0261,77441.0572,25137.0697,53413.1745,130.0796,3.0846,0.6919,33.5441,0.0092,152.5405,1051.3410,8228.3031,13235.5540,7.3560,0.0004,0.2580,485165195.4098,0.0303,1.1349,0.3027,110.9555,21.2055,0.0015,0.5225,0.0000,0.0000,0.0002,128.5488,1.3296,22526.8253,0.0000,0.0273
111.0908,314292.1646,0.0815,6327.3304,75032.6380,14.9054,0.0024,0.0000,25165805.8234,0.0000,3866755.6918,3983.3183,1.8746,481.9097,1.6300,0.0025,2787.1354,381510.8222,30.3744,126.9533,133.6793,8453.4245,121482.6838,0.0048,26.1784,0.0009,200378.8561,130174.0293,27409.6992,0.0160,6462.0520,25133.4277,4700.0528,44384.2756,89.4546,0.1944,0.0143,5914177.7855,0.0000,260.6731,767167.4856,587.6642,6.8238,0.0000,0.0329,7565.5372,27445.5414,2593228.9664,0.0303,485165195.4098,0.0024,1437477.9272,0.0002,1056.3944,1118.4231,71633.6167,5.2385,103.9426,11593.6445,493662.4949,1.8866,0.0245,32.9264,7751201.7153
110.7956,3.2219,31.0051,602.9793,60.1738,13481.3366,28930.9192,648.2133,0.0000,379371.1601,7.2728,59.5056,6915.8965,0.0004,5354.1401,22010806.4375,0.1071,0.0114,202.6840,0.0002,0.0023,374.6474,7264.8497,0.0000,53.8713,108852.4819,0.0207,1111.6914,0.0000,0.0001,100.8730,2442.9332,21.3998,0.0137,168.6570,272.2235,14797.5308,23.2613,203408.5628,291627.5932,309.9560,180.0109,88.4722,38.9104,0.1747,0.0000,0.8553,0.0252,1.1349,0.0024,485165195.4098,0.1616,0.4965,704.5032,0.6983,3.1008,558974.7188,2263.8433,0.0000,55.1417,29769151.7053,10965.9229,24043.2865,0.6531
0.1594,14068.2206,97.5586,944208.8736,21341.6907,6.2786,32.1330,0.0082,76928.2459,0.0009,433088.5295,14.4194,273398.2855,0.0205,11965.5173,0.0668,1274823.0448,10116011.8988,331.0803,2304.4407,15279.6520,2183576.0296,276920.5282,0.0007,140691.7572,31.6134,779.9665,676976.9904,5.6005,0.0000,12.1528,4488.4656,0.5817,567.7749,193665.1867,2856.7244,512.9007,9319.7310,0.4423,183368.6307,150661.2287,72014.5313,216267.4520,0.0000,45.6635,87615.2153,13.9592,290.0306,0.3027,1437477.9272,0.1616,485165195.4098,6.8228,109590.1111,2.0299,51.1454,8.4482,59031.4811,174.1792,3819.3531,185.7746,1276.3288,1.1772,426722.3863
0.0000,0.0001,169692.2697,1.4932,0.0001,0.0000,60110.7145,43743.9301,0.0015,0.0836,0.0059,0.0000,60964.6148,0.0000,2700.0597,0.0613,82916.5625,4.3026,46.2091,14070.6596,0.8469,4.6877,0.0079,20.9437,92667.7664,2836.0111,0.0003,0.3690,0.0013,0.0014,0.0000,0.0001,0.0000,0.0010,352.9421,57880.0381,2487.1295,0.0000,108.0053,77.1832,0.0001,0.0865,394653.3714,11050.3668,741596.3289,10009.6328,0.0000,0.0000,110.9555,0.0002,0.4965,6.8228,485165195.4098,2.0323,0.0000,0.0000,0.0031,18.9590,0.4136,0.0000,0.3284,447857.2404,0.0001,0.0250
15.9993,1234.9896,2658.3272,16654.4720,17943.0099,8150.5591,51.1139,0.7916,0.4895,28.9323,40515.2459,663.7121,197389.0024,0.0631,28095.6327,4669.3987,1766.2210,605.9498,10078.3906,0.0127,190.1940,57371.6836,75737.5639,0.0000,464.5766,5466.4678,14.9818,2522.6989,0.0005,0.0000,1150.2627,186518.7170,19.3893,2.3961,461446.5887,5375.7532,1923127.7925,665.3362,56.7606,187809.4521,59294.9471,1831946.6547,2544.6777,0.0178,6.0295,7.5533,9.9461,15.0675,21.2055,1056.3944,704.5032,109590.1111,2.0323,485165195.4098,16.4127,196.6824,84.3028,2431.8188,0.0179,2280.6078,26859.1743,1658.7135,9.7103,45140.4632
619271.5996,1780.4638,0.0001,5.6700,264316.4925,23066.6765,0.0000,0.0000,43.2755,14.2197,500.1224,46247967.9275,0.0006,1177195.8894,0.0062,75.7759,0.0001,4.1766,0.6149,0.0000,382.9489,40.0165,62.8549,0.0949,0.0000,0.0044,28843.6005,4.0198,15.0617,833.6190,1339814.4316,59380.6362,15441242.1551,5.6241,0.0665,0.0003,0.0703,2037.5315,0.1375,0.0147,74528.7242,673.7481,0.0000,0.0007,0.0000,0.0008,7993803.0989,512108.2661,0.0015,1118.4231,0.6983,2.0299,0.0000,16.4127,485165195.4098,1480003.1039,241.9892,1.4873,13.2685,432.8076,2.5798,0.0000,18109.9516,56.3078
7092094.0398,5373496.5646,0.0001,3.3369,16845.5969,2189154.7708,0.0005,0.0001,1141.0479,57.4303,78019.5303,1007006.3455,0.0117,26904.8057,2.2410,80.9930,0.0160,15.4042,0.1021,0.0005,391.8790,43.1701,46300.6200,0.0022,0.0044,0.0338,432.8032,16.9034,50.8901,0.2463,8073827.1280,291731.1693,47532788.3370,45691.2933,6.4293,0.0706,0.1347,6709544.2275,0.0221,2.2094,41790.9076,22014.7053,0.0005,0.0000,0.0001,0.0208,224138.2411,5514363.8846,0.5225,71633.6167,3.1008,51.1454,0.0000,196.6824,1480003.1039,485165195.4098,118.7702,0.0626,1.9884,4055653.0378,434.8208,0.0040,145.3407,2660.7653
22.4238,60.9957,0.0021,109.5734,224232.5765,320.9883,0.3342,0.0010,0.0300,13.4679,3135.8326,30024.0619,31.9015,8.7901,75.9942,610306.2262,0.0158,0.0632,0.1316,0.0001,0.0002,48933.7445,15157.9391,0.0000,0.0586,1.1005,3347.8197,69075.3449,0.0000,0.1062,34637.2720,291061.4626,1747.6817,0.0006,0.0810,0.0137,20.8149,261.2423,4153.0927,3008.3737,10101.1388,7.2116,0.3011,0.0015,0.0006,0.0000,1903.8200,20.2903,0.0000,5.2385,558974.7188,8.4482,0.0031,84.3028,241.9892,118.7702,485165195.4098,854325.2960,0.0063,41.6881,520786.8512,0.8156,21087483.0696,76.1695
0.0010,2.6778,1.0676,21075.2088,354974.3420,0.1875,7.6723,0.0021,0.6699,0.0067,2916.3469,400.7122,51662.5437,0.0554,643.9721,1102.7138,260.4530,2515.4210,20.6284,1.3687,0.0512,5534456.3607,10900.7653,0.0000,147.4046,5.9983,32580.9621,3880844.4832,0.0001,0.0020,44.9623,22496.3524,0.1929,0.0002,44.8408,5.0305,897.2058,3.4191,4177.0147,70405.4818,42956.3032,57.4585,2010.6994,0.0007,0.0489,1.9953,10.2356,0.0864,0.0000,103.9426,2263.8433,59031.4811,18.9590,2431.8188,1.4873,0.0626,854325.2960,485165195.4098,1.1056,0.4591,13078.6481,75.4125,214299.7111,1724.4676
0.0018,8.5608,0.0003,0.0042,93.2410,0.0003,0.0000,0.0000,39832.0801,0.0000,144.8699,7.3599,0.0006,78695.0841,0.0051,0.0000,20.2226,536.7254,0.0070,183.8952,5.1562,1.3337,0.0251,3045.2206,0.0054,0.0000,74120.1960,0.9767,62930.4392,6500.8495,9.1398,1.4847,0.8256,0.7283,0.0031,0.0008,0.0002,0.6025,0.0000,0.0001,0.6712,0.0540,0.0035,0.0000,0.0663,816005.4232,277.5697,205.1930,0.0002,11593.6445,0.0000,174.1792,0.4136,0.0179,13.2685,1.9884,0.0063,1.1056,485165195.4098,0.1259,0.0000,0.0000,0.1302,117.3998
705123.6191,20790651.5879,0.0289,2186.2659,3268.2986,1744448.0994,3.5059,0.0198,14700.3768,16.4625,1291026.5375,2081.7536,15.8187,7.7949,153.1394,46.4928,81.6339,495.7951,80.3592,0.1596,51.6879,174.5526,3360448.3901,0.0000,183.7695,10.0642,3.9009,10495.0509,20.7977,0.0000,199541.6118,165731.8956,449871.1024,2680283.7244,4318.1863,30.7002,0.5723,119627197.7094,0.0187,13480.5494,378411.9016,42226.9068,3.2595,0.0000,0.0192,1.4862,26388.3008,2071064.2309,128.5488,493662.4949,55.1417,3819.3531,0.0000,2280.6078,432.8076,4055653.0378,41.6881,0.4591,0.1259,485165195.4098,35398.9069,17.5381,6.1366,45613.3900
254.8003,9220.7835,3.2638,10254.1636,6379.3069,562339.8691,9268.6321,18.1323,0.0034,22289.8395,21792.1427,446.7788,227688.2363,0.0009,606574.5620,10736036.7639,43.8189,5.5955,534.3981,0.0015,0.2505,80260.7368,4739761.4169,0.0000,2168.7058,91543.8869,0.2817,123389.6871,0.0000,0.0000,7381.3374,530833.1123,216.9183,1.4282,33277.6403,12065.9306,40759.2149,5736.7541,36421.4856,7105738.4835,48063.8571,94108.4703,949.6474,0.0659,0.2785,0.0010,26.1502,2.1048,1.3296,1.8866,29769151.7053,185.7746,0.3284,26859.1743,2.5798,434.8208,520786.8512,13078.6481,0.0000,35398.9069,485165195.4098,108834.4145,3926.5856,261.7182
0.0066,7.5641,233360.1218,5551.7521,0.0105,20.9308,53209074.6571,639013.4278,0.0092,864.8449,6.6204,0.0000,31988551.5304,0.0000,3741982.1775,140.3535,418116.8694,98.5222,1302.6074,965.7934,56.4779,920.1262,2597.9247,0.0004,36785718.5410,8754871.0479,0.0000,292.0395,0.0000,0.0000,0.0008,0.5035,0.0000,14.6902,2769576.9086,28635964.3733,238699.3800,1.0866,8322.7317,2964786.5594,0.9728,2346.2893,19754131.0926,201.4894,94596.2452,41.7626,0.0000,0.0002,22526.8253,0.0245,10965.9229,1276.3288,447857.2404,1658.7135,0.0000,0.0040,0.8156,75.4125,0.0000,17.5381,108834.4145,485165195.4098,0.0011,3.0943
23.6406,6.2735,0.0005,17.9210,1251810.5826,16.7879,0.0011,0.0000,0.1266,0.3168,1028.8530,1956130.5244,0.1344,1635.8387,0.3499,49989.1833,0.0008,0.2471,3.4553,0.0001,0.0001,5582.7191,632.1636,0.0000,0.0006,0.0057,532408.9703,26273.5412,0.0012,26.0076,94420.8177,249287.7060,14577.9800,0.0002,0.0020,0.0002,0.4102,125.7639,13.9440,37.3891,41850.6433,0.7509,0.0027,0.0002,0.0000,0.0000,55157.9037,106.8272,0.0000,32.9264,24043.2865,1.1772,0.0001,9.7103,18109.9516,145.3407,21087483.0696,214299.7111,0.1302,6.1366,3926.5856,0.0011,485165195.4098,189.3790
2.8390,83852.8831,6.8226,25416.5033,66280.7689,18.2824,0.1115,0.0000,45846.5105,0.0003,10802716.2156,2330.7694,378.9562,2.8702,592.6750,0.4816,51807.3564,30521.4730,894.7461,16.6189,7.8519,192122.0167,533366.4029,0.0001,348.1419,0.0183,90902.4952,793925.3700,14.6294,0.0007,2660.8905,116022.7846,99.5386,255.3439,2615.6984,41.2081,1.8230,115064.7921,0.0004,12432.0553,874736.0145,2811.0073,308.6661,0.0000,1.2622,2622.2681,1680.3009,22085.5404,0.0273,7751201.7153,0.6531,426722.3863,0.0250,45140.4632,56.3078,2660.7653,76.1695,1724.4676,117.3998,45613.3900,261.7182,3.0943,189.3790,485165195.4098
