485165195.4098,977.2250,0.2859,0.0089,76910.1360,0.0333,12.8424,372.3937,0.0043,0.0004,0.0442,0.0023,14.8979,2993.7032,48.1619,0.0543,0.0050,0.4419,0.0437,0.0337,0.0778,85.8855,0.0064,148.5017,1.6444,0.0287,181857.3024,0.0283,0.0360,0.0001,2.0878,2.9089,0.0414,1.4879,0.1214,1.6635,9.5666,0.0004,0.0122,0.0031,135.0135,74.0638,0.0490,46.9454,34.6972,0.0070,6.5414,0.0046,9.8849,0.1608,5.5757,0.5934,0.0077,0.0686,0.0167,22.9420,0.5426,0.0443,0.0004,28.7898,383.1382,5.8334,0.1806,0.0184,7.6158,0.1040,0.0163,0.0035,70.7551,47.0023,0.6824,0.0319,0.0062,33.2538,14.7963,0.0102,0.0790,0.1048,2.6712,0.8087,0.8908,76.9099,99.7015,0.4459,0.0094,4828.7760,985.0107,123.1171,887.7993,0.7521,19.7478,0.5189,14.3633,0.2215,0.0219,144.8998,120.6094,22206.4590,0.1629,10.7548,0.0062,0.0002,6.2687,250.1965,3016.2388,593.9645,42.0940,2.8637,0.5539,7.1836,0.0410,0.0011,2.5137,7.6883,0.0205,0.0294,960.1900,0.0000,138.4753,93.8619,38.5285,1.3672,1.5666,0.0039,19.7806,11185.6487,42.7884,0.2670
977.2250,485165195.4098,182.9339,3.8249,1482.5823,0.2519,1697.7138,29.7978,39.1200,0.0179,0.0085,6415.3793,50547.5980,701.5934,783.6493,0.9010,18.2991,0.0229,0.1377,0.7192,0.0000,0.0637,1.0293,768346.6501,7.5720,30.6548,9.2073,0.0855,0.0588,0.0019,3802.1719,0.8334,19.0166,1212.3227,4.8007,5780.1423,0.0006,0.3916,7.0300,1.4883,26.4442,4.3835,0.0046,172.8893,0.3779,0.0087,1.9510,0.0031,182.5064,60295.3739,0.6082,0.0019,0.0123,4.0342,0.2433,22538.6644,0.3049,0.0290,1.8449,84.7100,0.3261,13.6466,809.2462,0.0268,229.8542,0.6440,16187.9370,0.1941,296.3868,759.2333,409.1182,591.7059,0.2100,0.2630,0.2809,0.0001,0.0143,2.8100,3511.8920,0.4729,48.5232,35.0158,0.0120,0.4454,2.0061,1850.0607,396.3163,234.1260,25066.6979,0.1413,0.0238,0.0053,8581.2397,37.2158,0.0401,10052.4827,2067.0589,297.9749,0.0309,9.7414,12340.0944,0.0181,100.8463,558.2069,644.5831,0.1159,1.5052,138.2840,57.7514,1639.4931,0.3885,0.0000,1747.6708,10.2507,0.5523,0.8465,8871.4549,2.0090,10461.4234,593.4713,22699.6002,28.9215,10.3462,50.8638,241.8715,46.4297,2.9598,0.0027
0.2859,182.9339,485165195.4098,1107.8436,311.5926,6.4653,0.9795,0.0082,17.6024,48.0635,0.2016,11747.8590,175371.9606,0.2768,0.0230,0.7100,85459.5531,0.0001,0.0008,2.3390,0.0059,0.0026,125.8064,0.0651,0.0456,1.4318,0.0001,2.4073,0.0306,0.6536,463296.5656,1.0402,621620.6869,0.0007,0.0017,0.0011,0.0000,6.9782,1.0775,5.9721,0.0296,1.5219,6.8004,0.6543,0.3418,0.0721,8.0189,0.3235,2559.7390,7447.3961,1.9565,0.0166,0.4207,0.3690,1.9057,0.1934,0.0073,0.9408,0.1467,0.0645,0.0023,29.6672,0.3625,3236.9294,4.0007,0.4514,56.8659,12.9638,13.7988,0.0322,35929.7017,2.0879,326.1370,0.0086,0.0045,0.0998,1624.6084,0.0000,90.9552,0.3970,0.6356,433.7293,0.8184,0.0126,11.2877,0.0161,0.0394,0.0000,2.9353,0.8726,0.0258,0.6547,16726.7132,5.9760,0.0035,80746.1403,9.2395,0.0000,0.0006,530.8497,979.4089,1.3853,38.3917,0.0008,0.0635,0.3230,0.0004,284.2109,11658.4936,2.4612,0.1454,0.0037,0.4785,40.4295,0.2347,1.3240,0.1246,1340.9871,2.5723,0.2263,1.2979,1.6455,6.6533,7.2241,0.0016,6.5825,434.2990,0.0014
0.0089,3.8249,1107.8436,485165195.4098,0.0025,110872.9900,1329.8162,0.0000,185333.4063,216815.8223,1.4007,1389.4723,27.8609,28.7836,0.7069,2.9015,64006.1906,82.4775,27334.7849,0.0388,0.0726,0.0000,975.8986,0.0747,0.7693,456.3165,0.0000,519.3259,0.0073,49.5489,51133.2301,0.0000,8.6344,0.0716,0.2899,490.3858,0.0009,46698.0345,8.7210,166753.0703,0.0011,5.3272,1.0912,0.2275,0.0000,17.4102,297.6365,365125.3738,0.0498,18.2827,722.9790,2019.2979,221895.6199,0.0049,66844.3910,0.0004,78.8105,1008.3769,29.9159,0.0579,1.0210,0.0060,3.9032,12668.3654,0.0141,60.4437,28223.8437,17761427.6228,0.0084,17.1417,5052.5403,36664.8794,3.4752,0.0000,0.2334,0.0095,76.1314,0.2670,13482.7142,4.0235,0.9227,0.1039,1.4310,0.0036,0.0021,0.0038,0.0001,1.2697,0.0001,1.6635,0.0031,0.0003,103.5933,1.4102,0.1055,417.5294,0.7363,0.0019,229.7288,1.8847,3809.3334,5521627.2194,0.0039,0.0364,0.0014,14.4109,0.0001,301.2688,52.1015,24673.7318,0.2725,0.0107,12507.3672,0.0002,0.1821,0.0086,0.0001,1899487.3638,0.0000,1.5024,0.0726,1.0977,0.0046,937.2727,60.3281,32.3012,8.9952,3.6215
76910.1360,1482.5823,311.5926,0.0025,485165195.4098,0.1183,2.8002,37.2205,0.0099,0.0000,0.0036,0.1218,2521.0294,0.0878,2.5291,7.9454,0.4387,0.0007,0.0001,0.0037,0.0001,128.0910,0.0014,1.9389,2.7619,0.0019,7992.7857,0.0004,4.4160,0.0000,18.5426,31.9715,5.7172,0.0004,0.0114,0.4213,0.0006,0.0001,0.0011,0.0001,47.1053,59.7610,0.0072,22.4113,44.5436,0.0765,0.3484,0.0003,52.2737,4173.0996,0.0091,0.1791,0.0000,12.0938,0.0157,0.4869,0.2666,0.0001,0.0007,219.1948,1336.5481,4586.1593,3.4140,0.0327,0.0712,0.0300,0.1874,0.0084,10.5749,0.6098,0.2006,0.0141,0.0051,2.5072,0.9475,0.0005,57.9369,0.0002,3.5929,0.0001,0.0013,303777.5033,9.4450,0.0052,2.6732,1.1415,212.0181,0.1451,408.5493,5.9531,0.3474,0.3973,2.4397,20.2592,0.0558,53.5342,92.4696,397.8403,0.0276,800.1116,0.0489,0.0000,6.9735,6.0534,440.8397,34.2866,0.2000,14.7228,0.7723,0.0193,0.0103,0.0013,1.2478,1332.0841,0.0009,0.0330,78.8680,0.0002,102216.8451,1.6936,53.6115,886.9251,2.1835,0.0605,0.9376,13.4307,125.2654,0.0005
0.0333,0.2519,6.4653,110872.9900,0.1183,485165195.4098,1.6009,0.0000,30906.3795,70746.5755,0.0170,20.3256,0.5004,0.0018,851.6378,5953.2549,129.2876,25347.3392,383.5244,0.0002,0.0118,0.0000,4.3743,0.0020,2376.6198,0.1115,0.1355,1872.6774,6.9826,2.4221,49806.4255,0.0000,0.0032,0.0438,0.0006,274.5473,0.0003,24105.8445,0.2702,7397.8031,0.0046,0.0007,0.0585,0.0000,0.0000,249.8799,0.0065,13894963.9613,0.0043,25.2521,0.3689,5875.5899,1511915.4043,1.4840,396807.6261,0.0000,3624.0133,1337.2138,0.1074,30.1118,3.5099,0.0003,64.4332,107895.2260,0.0093,0.2437,323.1694,445148.9946,0.0031,0.1489,3.1604,1160.7901,1.9948,0.0001,0.0088,0.5551,24954.3595,1.8096,567.7053,0.0068,0.3890,2.9372,28.8712,0.0002,0.0020,0.2345,0.0034,1.1301,0.0023,0.0652,0.0042,0.0000,0.3122,105862.9911,0.0282,0.5959,1.0043,0.0414,600.8598,24.0452,342.1860,5883.2691,0.0002,0.8648,0.0002,5.2219,0.0002,67.0099,1.1377,11816.2022,0.0122,3.1417,2179646.6789,0.0000,0.0128,0.0001,0.0001,135913.3572,0.0000,0.0366,0.0748,101.8664,0.0000,144.2499,1118.2148,58731.8021,0.6362,983.7483
12.8424,1697.7138,0.9795,1329.8162,2.8002,1.6009,485165195.4098,0.0002,301.1440,57.8098,0.1090,1936.2433,1.4098,328921.1512,0.0175,5.1439,2.1523,15.4835,21253.7425,0.0664,0.0051,0.0067,407.0786,661.3568,0.7890,96812.1000,16.2239,17.2370,0.0020,0.0166,0.8491,3.6440,0.6635,0.7111,687.4115,361970.4009,0.0019,79.5536,1.6781,27.7209,0.2887,50.8623,0.0002,91742.1891,0.0004,1.5501,9598.5811,2.8148,26.9690,60.8847,4.5132,4.9942,0.1253,0.7824,976.2923,1.5773,8.7028,152.6640,370.2101,160.1253,139.2480,1.3597,1.8943,0.0011,0.0015,157.5752,5597.8744,116.4849,2.8554,69444.0126,62.1587,1475.5728,0.0534,0.0276,47.1349,0.0000,0.0007,136.6235,501196.0255,0.1313,0.1152,33.5851,0.0002,8.3027,0.0008,25.0069,2.0871,163.9722,0.2887,0.0066,0.2138,0.0000,387.8272,6.4953,237.0512,94.0389,181803.6680,514.5333,32999.5575,0.0014,731.3277,1707.4951,0.1073,0.1456,1369.6996,6693.0149,47.6709,6938.3996,5.7921,125.1575,7.1767,0.0001,547.7742,0.1410,0.0035,76.3185,0.1751,117.2415,1.1935,287.8685,124.4438,0.0113,2.8356,858614.1210,3.1304,0.0597,29.8377,0.0864
372.3937,29.7978,0.0082,0.0000,37.2205,0.0000,0.0002,485165195.4098,0.0000,0.0000,50.8659,0.0019,4.9490,0.0442,1244.5763,2.1286,0.0018,0.0161,0.0000,1029.2744,649.6468,1227628.1724,0.0061,2298.1331,0.0126,0.0145,1596.2830,0.0245,45.0242,0.3117,0.0028,3765.6314,0.7683,2081.2841,0.2582,0.0032,1394.3342,0.0000,6.1026,0.0003,47914.3021,2.0608,130.0223,0.1204,3114291.5253,0.0047,0.0328,0.0000,7.5070,0.6540,0.0357,0.0000,0.0004,2.1840,0.0000,302821.8880,0.1957,0.0002,0.1660,0.7739,0.0786,1532.4180,1.9763,0.0030,104455.4906,1.2884,0.0001,0.0000,2883.4099,1.8400,0.0243,0.0010,24.9943,8659.9085,0.4600,4963.1177,0.0042,22.8745,0.0005,693.1201,8.0351,0.1465,9.1037,773.8917,2318.4595,1859.4105,6068.4722,9.2255,369769.8017,63.5343,692.9999,37129.7280,3.1235,0.8494,0.1508,0.0644,0.0070,64.6219,0.0000,3.0805,0.0030,0.0000,5128.1894,1363.1106,1330.0507,0.0079,3298.8729,0.0014,0.0088,0.0341,4.9102,20.3907,0.0041,485.4563,123.1212,34.1895,2877401.5479,0.0000,96602.5268,1.3192,29.6804,0.2569,453.7975,0.0001,10.7528,0.1363,20.8418,0.0305
0.0043,39.1200,17.6024,185333.4063,0.0099,30906.3795,301.1440,0.0000,485165195.4098,11299.6488,0.0002,22687.7222,0.0153,0.5159,2.0882,0.1483,17.0981,30370.4263,995.8577,0.0148,0.0007,0.0000,14.4080,38.4792,52496.7026,0.7283,0.0086,242.2721,0.0774,1.6100,3639.7676,0.0000,0.0038,74.5451,0.1310,9615.0314,0.1244,3096018.7608,7.0223,60947.4767,0.0001,0.0003,0.0001,1.5839,0.0000,7574.2363,0.0202,66181.6377,0.0426,7.9551,32.9672,2186.6381,189.3817,1.6191,17303.0099,0.0781,0.0125,24215.2448,0.1306,5.6292,0.2861,0.0001,9.5298,1901.3649,0.0130,0.0056,1464285.7646,828413.9777,0.0001,17.1986,6.9870,17706.0942,0.0065,0.0000,0.0016,0.0021,213.2724,8.2015,99.9527,0.0093,42.1284,0.0067,2.7303,0.0001,0.0004,2.3752,2.8512,112.8874,0.0016,0.0002,0.0003,0.0000,1.4350,5.2501,0.8402,13.2323,21.0195,0.0332,240.0159,4.9488,337.6850,14648.1329,0.0000,8.0510,0.0013,6.3408,0.0006,201.8235,112.3823,39.0739,0.0008,0.0055,129335.3286,0.0000,12.7550,0.0308,0.0006,65231.6016,0.0006,2.7053,0.0473,67.3864,0.0604,6431.0540,922.1547,33.7777,0.0152,927.3726
0.0004,0.0179,48.0635,216815.8223,0.0000,70746.5755,57.8098,0.0000,11299.6488,485165195.4098,10.1041,1618.9380,0.3442,6.2578,0.1949,39.4299,2035.0497,5298.1735,12394.7700,4.1846,207.0787,0.0000,68670.8848,0.0119,2.2960,563.0407,0.0011,420356.6612,0.4132,1658.7061,935.6791,0.0265,5.1441,0.7233,0.2595,18.5235,0.1334,547736.1989,411.9620,200608.4061,0.0402,0.0056,5.6170,0.0049,0.0001,2.5968,11.9460,803046.9343,8.3662,0.6636,9.6781,15.8453,372965.8120,2.0976,106766.4020,0.0167,7.1903,1674175.0105,87.1459,0.6556,0.0209,0.0001,0.7968,2768.2604,0.1232,14.3369,67.9752,18223.9332,0.1449,12.6096,1672.9338,13507.5016,2427.7976,0.0060,0.0675,14.5575,18.4080,370.8017,522.7216,220.5968,19.3279,0.2303,0.1303,1.9070,0.0109,1.0866,0.0006,0.0344,0.0006,0.0106,3.8565,0.0002,1149.2521,429.2715,4.3013,73.6705,18.6585,0.0005,253.8670,0.0142,2290.5111,1707526.3961,0.0432,0.0353,0.0004,31.5024,0.0638,4325.6239,191.9942,1115.9977,14.5487,54.0365,2220.3803,0.0000,4.0508,24.4490,0.0012,2404354.8084,0.0000,0.0446,0.1983,0.0019,0.0614,10587.4928,0.2134,130.6598,6.6802,738.4091
0.0442,0.0085,0.2016,1.4007,0.0036,0.0170,0.1090,50.8659,0.0002,10.1041,485165195.4098,0.0004,734.6867,13.6599,0.0119,35.2717,10049.1499,0.0003,108.9481,2580046.6101,187661.9228,2584.6002,5428.1932,0.0968,0.0000,3111.2673,0.2220,65.8930,7697.3377,720.7658,0.2462,279.6128,1804.7506,0.0268,275.1511,0.1037,14.6645,0.0001,4339.8421,1.5507,358531.8581,413167.2467,24100277.3171,0.6075,17843.4870,0.0000,238.2619,0.2152,32.9136,3.0277,0.0028,0.0000,31.2989,2.4924,0.2013,185.4184,157.1268,0.0017,118234.6382,0.0020,5.0367,514.6415,42.5060,0.0864,67.2585,47269.2035,0.0000,0.0355,46.3233,0.0500,78.1235,501.3079,486200.9227,598742.9277,3079.0379,13021.4808,0.4763,0.8352,0.0051,1716221.0663,4.9072,8.4636,0.0006,2188608.8915,260181.1912,0.0041,0.0000,0.0203,0.0045,3851706.6574,1573447.4274,2718.9187,425.0799,0.9728,12660.5856,6.1130,0.0035,0.3927,0.0088,0.0000,2.3423,17.5769,18936.7730,5.1934,0.0484,4.4345,0.5377,17.0919,0.1303,1643.1706,7429747.0419,6807.7761,0.0144,4705.4120,50.4185,747.9009,925.0360,0.4139,0.7029,0.0868,1.8079,0.0002,5888.5647,0.0552,0.0010,0.0027,344.6026,0.0000
0.0023,6415.3793,11747.8590,1389.4723,0.1218,20.3256,1936.2433,0.0019,22687.7222,1618.9380,0.0004,485165195.4098,17.9419,13.0951,1.4538,3.1127,27.9275,7.1637,0.7931,0.0367,0.0034,0.0001,81.3163,30.0765,4.9364,705.4544,0.0010,38.8792,0.0001,27.1632,264.4395,0.3781,383.0735,38.6040,7.3354,133.8173,0.0006,123485.2431,23.9895,243.7064,0.0002,0.0012,0.0004,7.8447,0.0006,52.1758,102.8024,2.6290,36.8001,447.0533,230.1816,2.6079,4.4020,0.1833,11.4347,0.9020,0.0659,4150.9498,13.7714,3.9560,0.0007,0.2257,0.2536,8.7974,0.4550,3.7061,1211963.5104,186.8034,76.7859,763.0815,2726.6252,16.3359,1.5898,0.0000,0.0004,0.0051,0.0681,63.8116,57471.4801,0.0449,1.0645,0.9256,0.0207,0.0171,0.0064,60.9265,128.0893,0.0682,142.4208,0.0001,0.0001,0.0010,1155.1124,9.9062,0.0498,1832.4552,588.0137,0.0017,9.9138,68.8027,109164.7921,294.5671,0.2260,0.0009,6.1304,0.0790,4.6024,428.5064,2523.5476,1.9554,0.0074,0.0011,200.7952,0.0053,0.8095,7.9445,0.0594,34495.7178,0.5610,123.5813,14.7271,0.8126,0.0729,114279.3453,11.9095,1.2247,1.2539,9.6853
14.8979,50547.5980,175371.9606,27.8609,2521.0294,0.5004,1.4098,4.9490,0.0153,0.3442,734.6867,17.9419,485165195.4098,3.0420,2.4196,157.6640,666881.1647,0.0000,0.0113,151.0541,0.0247,0.6915,364.1860,6.4745,0.0004,39.5356,0.0267,0.3549,17.2304,0.0624,133591.8993,9.7374,511337.9086,0.0037,0.2236,0.3744,0.0000,0.0003,10.0684,0.3481,3374.3453,4871.7596,3654.8647,0.4812,154.5967,0.0000,28.7597,0.0045,5921.6374,888476.0138,0.0060,0.0000,0.5159,3.6806,0.4145,101.9699,13.2691,0.0001,73.5112,0.2746,1.0059,3632.9463,521.9800,6.8884,379.4631,99.5995,0.4370,0.0930,2191.0570,0.0659,42876.1102,371.1021,6295.9035,60.9089,3.6797,0.8215,18.1968,0.0004,69.3450,29.3254,0.7452,14791.7284,0.0031,44.6167,13644.7412,0.0412,0.0007,0.0031,47.9113,11500.0903,25.5999,6.9404,109314.4172,155.7689,0.1815,52812.5997,3.4355,0.1388,0.0002,1.4014,6523.0514,0.0666,28114.6619,3.0372,1.1140,0.1869,0.0035,405.8846,73.8046,7786.0883,702.6293,0.0058,4.6135,34982.9222,0.0621,1.1138,960.7570,21.7746,871.4436,1.1848,455.7966,2.1362,52.5237,0.3667,0.0149,4.0888,1464.5497,0.0000
2993.7032,701.5934,0.2768,28.7836,0.0878,0.0018,328921.1512,0.0442,0.5159,6.2578,13.6599,13.0951,3.0420,485165195.4098,0.0059,0.0070,1.3213,0.2881,19608.4692,64.7747,5.0662,0.0856,943.3852,3077.8474,0.0438,146427.4134,8.7122,7.2207,0.0012,1.9439,0.1527,134.7369,23.5515,47.2411,13598.1253,1272.8570,10.7991,1.0251,39.8250,42.5069,15.3968,809.9309,0.5510,274383.4754,0.0845,0.0008,20740.3847,0.0401,1399.1643,0.0183,42.8132,0.0277,0.3598,0.2350,17.4175,409.2140,0.1474,160.1623,214.1466,0.8046,14.3751,0.1761,0.2108,0.0003,2.0809,133.9403,6.7212,0.2046,194.1187,3450.6477,1881.3139,260.3056,1.8484,207.6110,7232.7206,0.0006,0.0000,78.7902,1122.0141,768.3330,175.5894,2.1509,0.0005,5383.2320,0.0106,500.7406,0.9046,176.8981,0.9772,0.0812,146.5049,0.0103,8327.6385,0.0062,64.7029,5649.9095,25020.7348,639.1688,390.2824,0.0001,107.7399,326.9941,155.8426,1.9368,710.4927,877.6755,1437.9987,1719.0635,274.9036,275.1848,997.8371,0.0010,0.3241,5.3827,0.3879,1757.0771,71.5012,1.0434,0.1079,295.5942,1462.3360,0.0000,472.7751,585.5052,0.0279,2.3184,3.1422,0.1451
48.1619,783.6493,0.0230,0.7069,2.5291,851.6378,0.0175,1244.5763,2.0882,0.1949,0.0119,1.4538,2.4196,0.0059,485165195.4098,1681.2037,0.1886,1191.9086,0.0423,0.0021,1.0534,0.7586,0.0019,44.4810,6.6855,0.1351,12.8299,2.4986,0.1620,2.3802,14.5569,0.0032,0.0027,5825.0594,0.0229,29.7877,0.1625,7.9513,2.8377,4.3242,8.5855,0.0175,0.0430,0.0001,5.5874,5.6807,0.0850,4.6193,0.0019,36.7685,30.9286,23.6235,562.4826,0.3385,0.0657,17.1411,11902.4759,0.5772,0.4064,5.1046,0.2377,2.0375,192.3695,8.5436,1177.3098,1.5739,25.5682,1.0785,396.7997,362.0723,0.7186,0.3413,0.5744,0.0271,0.0051,17.3150,0.0225,706.1372,434.4568,1.5532,0.9481,0.0270,558.0320,0.0344,0.0590,1857.9150,1783.1145,2345.1983,156781.6266,0.5516,0.0125,1.2943,1.4390,350.7467,0.0001,0.0105,0.0364,109.7274,0.2063,5360.2436,9.4044,0.0119,2.1792,1473.5451,58.6798,0.0015,23.1673,0.0135,0.0500,386.6065,0.0044,0.0617,13161.2083,0.0024,0.3068,0.0015,80.4975,0.4030,11.8007,1.8191,274.9847,291.1928,0.0002,0.0120,684709.6524,3029.6676,11.2594,484.6404
0.0543,0.9010,0.7100,2.9015,7.9454,5953.2549,5.1439,2.1286,0.1483,39.4299,35.2717,3.1127,157.6640,0.0070,1681.2037,485165195.4098,113.7092,3.5617,4.2168,0.1235,11.7159,0.3034,233.3856,0.0520,0.0403,341.8022,21.9582,334.9782,45.3075,19.0801,4.9984,12.9908,7.9287,0.0055,0.2938,92.9210,0.0001,0.5253,1.0728,9.5367,1359.2434,0.3877,17.5673,0.0006,0.8486,0.0304,6.7865,8.3858,2.9735,4632.2022,0.0010,0.1050,1452.7340,26.5807,140.5886,0.0439,467977.5588,1.0171,2303.0966,28.3308,95.6143,234.4142,130.0635,1.9300,1.7782,1496.3711,0.0608,0.2521,2574.9866,2.4852,24.2167,18.7581,7663.5425,2.4378,2.8750,68.9843,0.7834,27.0357,6410.8928,0.5157,0.0060,2809.8533,0.0036,109.8744,5.0268,7.1115,0.0207,0.5420,51.5607,20.9275,20.4254,0.0522,46.0824,1626074.1113,10.3601,0.1158,2.7387,4.4162,2.5969,0.0468,2689.5586,4.8267,29.5462,1.9995,4.8935,13.3568,30.0866,278.9736,0.2652,2186.3289,125.3199,74.4590,3332.8030,3.8981,0.0003,1.2495,12.0275,230.1403,1.1729,0.0103,628.4219,0.1604,0.0023,215.0797,27.1196,7.7379,903.6782,0.0344
0.0050,18.2991,85459.5531,64006.1906,0.4387,129.2876,2.1523,0.0018,17.0981,2035.0497,10049.1499,27.9275,666881.1647,1.3213,0.1886,113.7092,485165195.4098,0.0003,39.0076,3372.4791,4.1562,0.0148,77805.4298,0.0452,0.0011,1472.1789,0.0000,577.9611,112.8304,208.5969,189390.5366,0.3167,162783.6418,0.0027,4.4050,1.8257,0.0005,1.7656,6576.8054,4070.5015,183.6593,5343.0351,25560.7463,0.4722,1.1025,0.0001,95.4845,14.0671,257.1074,76435.0658,0.0507,0.0022,726.8602,23.6045,55.2630,2.4148,3.5586,0.0879,13248.1780,0.0007,0.8917,65.0942,2498.4342,308.2149,5.0996,346.9086,2.8245,576.1213,4.7179,0.0351,226534.4863,112938.1211,130839.1330,9.0884,2.3032,10.3333,238.8822,0.0017,80.1810,1684.2393,14.5314,492.4651,0.0075,56.1494,6856.3910,0.0003,0.0000,0.0072,0.0060,17742.5432,158.1662,0.3552,23538.3546,10.9978,22.9014,6964.6687,0.2526,0.0031,0.0411,0.0172,22269.7440,358.0923,376.9142,3.0635,0.0006,0.4647,0.0000,27648.4492,4353.7529,27319.0804,8632.0034,0.7794,31.0936,104.6727,10.1854,4.6796,2.0645,21376.3127,0.0687,0.1533,15.8716,1.5893,112.8976,9.9838,0.0040,1.0038,197.5613,0.0000
0.4419,0.0229,0.0001,82.4775,0.0007,25347.3392,15.4835,0.0161,30370.4263,5298.1735,0.0003,7.1637,0.0000,0.2881,1191.9086,3.5617,0.0003,485165195.4098,2438.8146,0.0005,7.5874,0.0065,0.0637,1.3736,8171.0830,0.2691,56.2811,409.4944,0.0525,13.0766,0.0356,0.0003,0.0000,2169.8550,0.2600,3042.5488,410.8584,617564.1684,0.9519,1166.2124,0.0011,0.0000,0.0000,0.0112,0.0000,126989.4391,0.0939,220004.0967,0.0001,0.0008,384.2658,134812.7264,4397.9876,0.4369,694.7702,0.0125,22.3316,299770.7183,0.0383,280.9387,3.8607,0.0000,0.2665,14.5715,0.0094,0.0892,1156.0736,4807.0319,0.0024,1492.3335,0.0060,10.9207,0.0033,0.0001,0.0158,0.2447,0.2150,108625.5663,38.4787,0.1028,1.1231,0.0005,843.8389,0.0011,0.0000,789.8755,659.4969,14525.1489,0.1844,0.0000,0.0046,0.0001,0.0034,22.2608,0.4575,0.0016,2.4818,25.2514,12207.0586,6.2736,0.2343,876.4327,0.0000,23.3027,0.3414,23.8555,38.8481,0.5922,0.0575,2.3143,0.0004,10.9539,28022.6997,0.0000,5.9244,0.0363,0.0041,41.0973,0.0001,1.4683,0.0450,3.0652,0.0002,196.4389,113305.5381,440.3330,0.0348,6783125.7041
0.0437,0.1377,0.0008,27334.7849,0.0001,383.5244,21253.7425,0.0000,995.8577,12394.7700,108.9481,0.7931,0.0113,19608.4692,0.0423,4.2168,39.0076,2438.8146,485165195.4098,4.5346,17.3176,0.0008,776.1617,10.9102,12.4639,36181.7829,0.4522,92.4888,15.3966,264.2092,0.1557,0.1270,0.0255,1.7985,7425.6175,204469.8358,8.4576,1868.4169,573.1354,83403.3218,1.7374,75.7785,0.9538,334.9814,0.0000,0.9341,78.7906,6806.9665,0.9224,0.1208,0.3441,153.9508,3833.5703,47.8233,507746.0615,0.1262,84.1738,953.0207,15470.4867,6.8911,2394.4681,0.0014,641.0058,0.0709,0.0005,276.8241,72.8509,28016.9428,0.0083,59.8461,4.8143,357192.1250,1.4483,6.3306,28273.2859,0.0043,0.0535,1398.4606,365.3990,37.0198,26.9611,1.5295,0.0021,287.5798,0.0353,0.0325,0.0002,1906.3499,0.0000,0.4292,56.0320,0.0001,3.4290,0.6320,12860.6490,0.5468,360.4144,294.1777,202977.8639,0.0000,295.2100,2230868.6227,0.2510,67.7999,0.0098,1662.8676,1.1062,7961.7397,10.9386,3734.6393,5894.2433,0.3728,349.3230,0.0078,2.4893,107.6239,0.0386,4735.8894,0.0000,0.0527,29.6330,0.0150,2.1845,34733.0888,1.5655,0.7303,0.0075,12.9015
0.0337,0.7192,2.3390,0.0388,0.0037,0.0002,0.0664,1029.2744,0.0148,4.1846,2580046.6101,0.0367,151.0541,64.7747,0.0021,0.1235,3372.4791,0.0005,4.5346,485165195.4098,51581.1680,3924.1332,30550.9683,61.5288,0.0004,1021.3556,0.1429,211.2829,4360.0852,2336.8787,0.7138,6653.5303,5979.7016,27.6487,1269.7040,0.0824,736.2426,0.0054,240164.3159,28.4981,82807.1704,2627.4548,315669.4802,64.4225,5988.4314,0.0000,6.4851,0.0077,1479.7323,2.5629,0.0041,0.0000,0.1526,168.6369,0.0204,355074.9643,0.0036,0.0317,21721.3795,0.0008,0.0440,67.1849,58.3283,0.0314,1938.9295,149.8256,0.0011,0.0011,17.6040,0.1466,1273.6273,1950.9714,471399.9165,739053.6806,391.7240,3021.1580,0.2545,0.6350,0.0006,2372015.8594,4000.6935,0.8314,0.0004,945586.0372,465413.2329,0.2890,0.0016,0.3554,0.1536,12020.8243,1359703.0243,566.2283,2686.6087,0.1031,19961.5111,133.5813,0.0597,0.1551,0.0005,0.0000,11.3815,0.7064,20083.0143,136.1605,0.0532,0.1383,2.5028,167.6982,166.2013,20.5686,1051852.7841,1217.6013,0.0028,2086.7920,24986.6525,81600.4288,41183.5915,0.1962,4.6742,1.9928,28.8482,0.0002,2744895.7386,0.1873,0.0002,0.0029,32.3213,0.0001
0.0778,0.0000,0.0059,0.0726,0.0001,0.0118,0.0051,649.6468,0.0007,207.0787,187661.9228,0.0034,0.0247,5.0662,1.0534,11.7159,4.1562,7.5874,17.3176,51581.1680,485165195.4098,7279.8953,210.3610,0.0218,0.0000,575.7917,1.1512,220.1644,48.4752,20785.2719,0.0005,1316.6496,105.7733,4.9683,130.8017,0.0054,56855.7453,0.4681,10296.2175,57.5435,2330.1324,57.0035,110626.1586,0.1329,13454.6453,0.0174,420.1850,0.9069,5.7948,0.0008,12.5665,0.0060,199.0978,0.4906,0.0258,71.5739,16.9990,13.0760,1396.0127,0.0015,1.1455,21.0174,0.2356,0.3861,164.3113,12135.1101,0.0000,0.0084,537.8392,24.9922,23.6243,1.1650,90960.1480,11967.3002,103.2204,595580.1373,0.0059,2248.6549,0.0218,1148120.7830,16.9653,0.0535,3.5313,75915.4243,157.2110,3.1949,0.0497,0.4522,0.9975,532.9477,78665.9301,2193.7511,47.6972,0.0374,179.4440,0.0989,0.0062,0.0586,0.0186,0.0008,0.2490,15.0839,4779.2564,2.0732,2.1245,7.2840,4327.2865,1.0408,2.5134,0.6269,11770.6346,48786.4351,0.0063,0.4963,1829.8507,9775.6797,533.0320,0.1348,0.0067,0.0421,1.0331,0.0000,507.3775,0.0272,0.0278,0.0878,269.3120,2.9952
85.8855,0.0637,0.0026,0.0000,128.0910,0.0000,0.0067,1227628.1724,0.0000,0.0000,2584.6002,0.0001,0.6915,0.0856,0.7586,0.3034,0.0148,0.0065,0.0008,3924.1332,7279.8953,485165195.4098,0.0054,1.2666,0.0000,0.7871,7908.0266,0.0030,247.3200,0.0953,0.0000,8801.6311,3.5776,1.5753,263.9414,0.0190,10922.6567,0.0000,13.5419,0.0000,38667.9337,7956.7572,173.1028,97.5000,20279004.8896,0.0470,51.5535,0.0000,0.2376,0.5652,0.2117,0.0010,0.0000,1.4138,0.0000,3388.8321,0.9176,0.0000,10.4825,0.1048,51.5442,456772.6496,0.3118,0.0001,12.6572,162.1903,0.0001,0.0000,121.7229,24.5218,0.0031,0.0037,6.0728,19251.7362,14.4039,433.0637,0.0021,3.0448,0.0001,315.6907,0.0223,6.5688,8.8411,830.7696,7031.3851,4.1453,71.6224,5.8202,276.2026,17279.3915,1932.0847,154689.9254,0.0791,0.0026,971.9140,0.0091,0.0046,218.9510,0.0005,0.1402,0.0003,0.0000,771.1178,44.9662,6836.2136,2.7165,2270.2241,0.0090,0.0081,0.0011,55.4766,336.6835,0.0003,1693.9229,198.7529,96.6364,111515.2074,0.0000,167991.1856,9.9653,1.3228,0.4698,10595.9967,0.0002,0.2994,0.0001,172.0401,0.0009
0.0064,1.0293,125.8064,975.8986,0.0014,4.3743,407.0786,0.0061,14.4080,68670.8848,5428.1932,81.3163,364.1860,943.3852,0.0019,233.3856,77805.4298,0.0637,776.1617,30550.9683,210.3610,0.0054,485165195.4098,1.3243,0.0176,51317.5547,0.0037,2608357.0984,1.1253,884.9008,338.5512,88.1668,3218.8831,0.3175,18.1261,12.1666,0.0113,29.9206,364.7381,11264.6484,528.9346,7.5870,1623.0023,1.8917,0.0320,0.0000,148.6388,18.7659,6853.7795,11.3835,0.0749,0.0002,312.0851,24.2836,1159.1854,52.7049,0.3591,2083.6060,30380.8860,0.0171,0.1050,0.0656,1.3652,1.9857,150.6542,30.2867,0.2041,0.7905,22.8123,0.6968,1632179.4275,63268.8272,777043.0092,104.0446,77.9980,13.9032,0.6302,1.6732,117.1460,9269.8197,170.4585,6.4689,0.0000,25299.4373,6.4581,2.8479,0.0001,0.0453,0.0065,5.8449,22990.5768,0.0056,226880.3920,368.4609,381.2176,11099.1784,34.6909,0.0090,5.4336,0.0000,14384.7222,24201.2816,27.2500,0.3623,0.0082,8.8354,0.5038,57543.3622,1001.0057,4009.6697,38580.7476,161.6181,8.0422,9.3910,0.1691,4430.2523,1.8160,34263.0565,0.0004,5.8925,150.3016,0.0000,200.4098,4748.5611,0.0007,1.6538,1108.1840,0.0023
148.5017,768346.6501,0.0651,0.0747,1.9389,0.0020,661.3568,2298.1331,38.4792,0.0119,0.0968,30.0765,6.4745,3077.8474,44.4810,0.0520,0.0452,1.3736,10.9102,61.5288,0.0218,1.2666,1.3243,485165195.4098,290.6926,8.1138,44.2364,0.0630,1.5748,0.0933,1.2592,70.0501,0.1017,57077.2232,10.5094,1483.3436,11.7084,1.6277,132.8306,31.3212,109.3750,0.7180,0.0124,2223.0097,0.4656,0.0298,0.0280,0.0004,965.8809,35.8026,0.0245,0.0015,0.0008,123.1588,1.2032,1184208.2896,0.0023,0.2598,4.7601,88.9929,1.2182,0.1570,1197.1134,0.0026,166.1194,0.1388,175.4793,0.0044,5.8618,199.6881,2.1903,166.8643,0.0532,21.7918,30.4350,0.0032,0.0017,199.1695,9.5476,14.7970,5524.5510,0.1570,0.0069,152.8005,3.7187,1233.3122,2001.4023,10792.2581,2777.7306,0.0049,8.6357,0.0060,255.9277,0.8860,1.7259,15.2540,829.3741,4540.6708,0.0423,0.0168,19.2928,0.0896,72.4097,40852.8032,34.9746,0.6031,52.8404,29.1035,7.9826,18.6164,10.1484,0.0000,9.2559,5.3167,96.0338,845.8954,31284.5040,0.3262,490.2039,2.7198,3688.7877,0.5167,1184.7371,61.6276,48.7075,0.5541,0.0183,0.1396
1.6444,7.5720,0.0456,0.7693,2.7619,2376.6198,0.7890,0.0126,52496.7026,2.2960,0.0000,4.9364,0.0004,0.0438,6.6855,0.0403,0.0011,8171.0830,12.4639,0.0004,0.0000,0.0000,0.0176,290.6926,485165195.4098,0.0000,7.1356,0.4248,11.2881,0.0068,36.7953,0.0081,0.0000,35.6483,0.0011,30.9333,1.2052,10104.4481,0.0256,400.1067,0.0004,0.0000,0.0000,0.1457,0.0000,1049.0126,0.0000,269.3696,1.6866,0.1813,0.0121,606.2723,0.3915,2313.1218,25672.5233,0.1409,0.0005,665.6992,0.0001,767.1774,3.3179,0.0000,86.0519,183.5065,0.0311,0.0000,579.2859,41.1170,0.0000,0.0049,0.0022,7.8923,0.0000,0.0056,0.1560,0.0032,2151.9515,1.6127,0.1933,0.0000,1531.0654,0.1398,9.7740,0.0002,0.0018,5.8207,274.1152,239.8610,0.1029,0.0000,0.0105,0.0000,0.0027,87.3494,0.0337,0.0202,349.5513,53.7829,269.8289,9.1984,0.3626,3.1529,0.0001,931.5775,0.0002,0.6322,0.0035,2.3114,8.9105,0.0520,0.0007,0.0044,347.0681,0.0014,0.8556,0.0507,0.0021,44.1049,0.0025,0.0172,0.8610,1048.3576,0.0206,28.9797,15.1810,4404.1237,0.0000,19291.8181
0.0287,30.6548,1.4318,456.3165,0.0019,0.1115,96812.1000,0.0145,0.7283,563.0407,3111.2673,705.4544,39.5356,146427.4134,0.1351,341.8022,1472.1789,0.2691,36181.7829,1021.3556,575.7917,0.7871,51317.5547,8.1138,0.0000,485165195.4098,0.1884,462.5512,0.0246,7787.8130,0.0665,268.0837,3468.6238,5.1539,1317285.3216,16321.8686,0.0792,8.7525,3732.4739,130.7887,219.9256,5610.3628,23.1492,4847.2300,2.1829,0.0067,2865843.3189,0.6279,25.4501,24.0624,8.7929,0.0125,73.2560,0.8175,6.9240,51.6125,1158.4420,39.6255,11202873.4606,0.2400,3.4987,815.9484,5.3250,0.0002,0.4271,978215.1369,42.9436,5.9380,17596.6469,44109.7793,24901.4523,4147.0312,12149.9953,38.0760,1683.6017,0.0538,0.0000,713.0706,62134.1134,6546.6947,0.2425,16.7135,0.0000,70286.5623,1.8759,6.8437,0.0075,26.5879,1.3458,37.7289,44.5896,0.3404,11220.7847,0.7211,9455.0068,153.2006,234.7672,3.9296,280.9576,0.0000,98909.4645,6553.1710,1294.2698,0.0614,1099.1331,34.2796,7458.0845,10542.0661,188.5857,2863.6974,48065.9813,1.2334,5.6312,6.4831,0.3913,7879.4704,75.4141,250.0084,0.7116,108.7720,7271.4762,0.0001,41.6558,43273.4543,0.2307,0.0017,373.0546,0.0048
181857.3024,9.2073,0.0001,0.0000,7992.7857,0.1355,16.2239,1596.2830,0.0086,0.0011,0.2220,0.0010,0.0267,8.7122,12.8299,21.9582,0.0000,56.2811,0.4522,0.1429,1.1512,7908.0266,0.0037,44.2364,7.1356,0.1884,485165195.4098,0.0602,59.5246,0.0001,0.0015,283.8328,0.0006,0.3902,10.1385,450.5825,34.8888,0.0018,0.0318,0.0003,4003.6152,5.2498,0.0093,36.3513,28.0575,1.0590,0.2861,0.0337,0.9162,0.7160,0.0053,0.5053,0.0030,15.5014,0.0743,20.7071,17.7656,0.0620,0.0299,24803.5788,13696.5445,59.8929,2.5040,0.0001,0.1145,5.4209,0.0047,0.0019,25.0363,444.3017,0.0005,0.1797,0.0101,139.7569,46.7382,0.0684,0.0435,48.7418,0.2372,0.0916,0.0179,956.7524,1.0734,4.3910,0.1935,7701.0923,2326.8189,375.5385,137.6860,0.8259,73.6183,0.0869,0.0483,51.9919,463.4244,0.0274,923.4522,98071.5311,1.8309,0.0452,0.0348,0.0002,2.9135,256.1610,5746.7526,11583.9154,5010.1664,9.2198,0.0087,0.3076,0.9453,0.9540,53.0670,0.7878,0.0831,1.5106,4337.6922,0.0000,878.3154,15.1193,41.1449,3.0835,1.9923,1.3120,41.1491,30.7465,7.3393,0.6606
0.0283,0.0855,2.4073,519.3259,0.0004,1872.6774,17.2370,0.0245,242.2721,420356.6612,65.8930,38.8792,0.3549,7.2207,2.4986,334.9782,577.9611,409.4944,92.4888,211.2829,220.1644,0.0030,2608357.0984,0.0630,0.4248,462.5512,0.0602,485165195.4098,0.0947,1167.9118,518.1379,0.1406,0.5094,40.8334,0.3858,9.4544,0.2101,827.8928,57.6111,3153.8773,14.5732,0.0210,20.9224,0.0015,0.0100,0.0106,8.9088,6690.0573,1.6030,0.3419,5.1157,0.0777,19241.9981,0.7591,127.3694,2.4391,3.8282,93225.0038,136.9318,0.0339,0.0018,0.0020,0.0874,24.5565,269.9083,1.0304,0.5480,9.4936,4.3950,5.7964,19043.6959,1914.9365,47628.8894,0.6416,0.0227,121.0937,1.9444,58.9369,65.1288,2835.5244,24.1626,0.0253,0.0059,57.2792,0.0217,236.6106,0.0162,0.2123,0.0295,0.2648,533.9809,0.0041,1566.4990,3457.9599,3.9497,195.2319,0.9318,0.0078,50.9712,0.0008,192.7695,2339.9633,0.0187,0.4277,0.0126,0.5355,0.4659,1251.1455,11.1880,4664.8736,15.7441,7695.4806,1411.8938,0.0017,0.1135,3.0982,0.0802,6506.6238,0.0000,148.3224,2.9440,0.0003,0.1485,391.1858,1.5692,269.7008,1507.3486,8.3540
0.0360,0.0588,0.0306,0.0073,4.4160,6.9826,0.0020,45.0242,0.0774,0.4132,7697.3377,0.0001,17.2304,0.0012,0.1620,45.3075,112.8304,0.0525,15.3966,4360.0852,48.4752,247.3200,1.1253,1.5748,11.2881,0.0246,59.5246,0.0947,485165195.4098,0.2785,2.6305,186.7312,2.0409,0.0084,0.8261,0.9479,11.1317,0.0059,1811.5345,7.0280,12717.9296,31.4395,6895.2908,0.1906,17.0409,0.0113,0.0001,1.3801,110.6144,434.7572,0.0000,0.0004,0.2872,189835.5727,33.3535,85.1293,0.6395,0.0003,15.0703,15.8078,2663.1337,3.5899,643773.5745,3.8758,0.1860,1.3501,0.0003,0.1344,0.0064,0.0003,0.0042,2280.7390,282.6005,65111.5328,472.3191,419.9298,8142.4351,0.5430,0.0002,10.7594,352.6922,2181.5089,0.2352,347.8481,2324679.7866,0.0011,0.0003,1.1884,0.0048,2946.9980,38161.4107,0.7307,0.3900,246.4416,21922.7587,0.0201,1.3288,21.9571,0.0042,0.0003,1.2686,0.0480,727.6531,32428.3511,0.0003,34.2194,0.0022,67.8947,1.7302,11.4871,63248.4840,87.4764,2.9772,532.8236,3086.2639,133.0921,1404.6980,0.5146,3.0359,0.0000,2.3295,70.2188,6328.4279,0.2187,0.0023,0.3154,0.0076,0.0013
0.0001,0.0019,0.6536,49.5489,0.0000,2.4221,0.0166,0.3117,1.6100,1658.7061,720.7658,27.1632,0.0624,1.9439,2.3802,19.0801,208.5969,13.0766,264.2092,2336.8787,20785.2719,0.0953,884.9008,0.0933,0.0068,7787.8130,0.0001,1167.9118,0.2785,485165195.4098,0.0581,1.3746,82.4682,209.3850,779.0425,0.1333,121.8925,524.3092,14240.6171,3639.0784,0.2916,0.2904,461.7588,0.0619,1.7196,0.5513,126.7613,20.4747,0.1001,0.0132,15.0733,0.2964,11526.0993,0.9649,2.3783,1.9447,7.2044,348.6103,67982.2101,0.0009,0.0006,0.5373,1.5113,3.1385,3.6582,248.6098,2.7104,5.8291,42.5125,0.2865,308.0518,5.4264,24900.1701,3.9772,6.7825,2839.1422,0.0103,22.8647,2.2263,11573.7336,30.2511,0.0015,0.0987,1653.7417,8.8148,0.0797,0.0059,2.7430,0.3557,3.1852,8.2176,265.1840,3.3274,0.0761,11.8393,0.3464,0.0013,0.0033,2.9127,0.0079,64.9675,1828.2131,9.1673,0.1613,0.0131,0.0009,35.5758,3.0366,185.4838,18.9504,322.3313,4366.1543,0.0169,0.3128,296.1242,133.1527,0.3781,707.9493,0.0009,0.1191,3.1907,0.0027,0.5371,8.9287,0.5013,0.0227,0.1687,40.3241
2.0878,3802.1719,463296.5656,51133.2301,18.5426,49806.4255,0.8491,0.0028,3639.7676,935.6791,0.2462,264.4395,133591.8993,0.1527,14.5569,4.9984,189390.5366,0.0356,0.1557,0.7138,0.0005,0.0000,338.5512,1.2592,36.7953,0.0665,0.0015,518.1379,2.6305,0.0581,485165195.4098,0.0002,144.9153,0.1492,0.0001,1.0497,0.0000,43.1121,2.9609,1022.8681,0.1952,0.1403,13.9961,0.0012,0.0011,0.0173,0.0086,1433.2709,53.1978,6404.6474,0.2926,0.0543,718.7727,0.5936,1032.3095,0.4261,0.3801,3.0959,0.0160,0.2446,0.0105,0.0105,87.0149,288666.4234,103.1304,0.0203,135.6194,1096.9537,0.1017,0.0118,22910.9534,4883.2294,127.5053,0.0081,0.0034,0.2294,114813.3415,0.0004,92.9405,0.7320,125.0210,11.5436,1.4269,0.0016,2.5330,0.2905,0.0026,0.0076,0.0981,3.3506,0.1025,0.0021,6510.0366,3110.5259,0.0007,49713.4595,2.8007,0.0006,0.0085,45.3349,3755.3547,28.5160,0.5186,1.9277,0.0004,0.1822,0.0000,239.6813,235.3867,42190.4344,0.1442,0.0047,20017.8035,0.1318,0.1378,0.0022,0.0642,38065.0498,0.0157,1.5123,1.2058,25.3463,0.1331,2.6022,1.1468,40391.7071,26.2809,0.0233
2.9089,0.8334,1.0402,0.0000,31.9715,0.0000,3.6440,3765.6314,0.0000,0.0265,279.6128,0.3781,9.7374,134.7369,0.0032,12.9908,0.3167,0.0003,0.1270,6653.5303,1316.6496,8801.6311,88.1668,70.0501,0.0081,268.0837,283.8328,0.1406,186.7312,1.3746,0.0002,485165195.4098,4464.6383,0.0413,577.3244,0.0366,21.3365,0.0017,153.3561,0.0196,20630.7056,53.7451,58.3796,3397.1133,2966.6671,0.0002,10.6704,0.0000,1491138.8319,12.4428,0.0002,0.0000,0.0000,23847.4226,0.0129,16150.0610,0.0075,0.0943,739.8524,14.0719,48.6150,1027.4899,8.1989,0.0000,6.5486,41.4099,0.0001,0.0000,16420.3251,2.6297,3.1236,0.1243,1283.2239,591373.3291,2132.1509,14.1814,0.0013,32.8404,0.2598,109.6816,6.3710,16236.9759,0.0002,1281072.5869,6882.6142,7.9982,10.9273,0.0664,683.9489,0.6153,152050.0153,7.6731,1138.2564,1.4835,5593.2996,2.0105,7704.0216,123.4830,0.0207,0.0001,3.5489,0.0025,621578.6617,3.4380,195.8038,104.1594,36262.8253,835.7590,268.4960,0.0023,90225.8587,3.1393,0.0001,106716.7315,11.9782,8249036.1684,75391.9071,0.0045,428.5949,0.0197,5427.4034,0.0004,224929.6099,41.5507,0.0000,0.0012,6.4052,0.0008
0.0414,19.0166,621620.6869,8.6344,5.7172,0.0032,0.6635,0.7683,0.0038,5.1441,1804.7506,383.0735,511337.9086,23.5515,0.0027,7.9287,162783.6418,0.0000,0.0255,5979.7016,105.7733,3.5776,3218.8831,0.1017,0.0000,3468.6238,0.0006,0.5094,2.0409,82.4682,144.9153,4464.6383,485165195.4098,0.0011,39.7062,0.0021,0.0028,0.0522,1131.6372,9.7158,34.8804,1553.7399,22198.5170,51.0448,803.9533,0.0002,2610.9292,0.0011,95294.7763,1228.4422,1.0480,0.0000,0.3557,0.9677,0.1002,22.4787,0.2000,0.0221,1297.0896,0.0013,0.1143,7956.5970,2.5187,5.7356,49.4349,4856.4076,0.1502,0.0358,33590.4208,0.4525,247453.4412,6.7108,121326.2705,287.4721,38.8566,43.4248,1.2253,0.0035,36.5634,313.7861,6.6968,2405.0662,0.0040,860.1842,14381.4496,0.0130,0.0025,0.0001,11.9812,873.7684,59.7555,259.0634,146464.3094,0.1415,5.0609,27856.1875,7.4441,0.0002,0.0001,0.1323,10861.1417,2.4362,1067117.2280,0.0021,1.8655,0.8162,1.3614,286.7402,37901.9369,2.1039,5909.1678,0.1868,0.0027,23396.0917,8.0070,4534.4616,173.9850,76.9203,17.0573,0.2524,164.5144,0.0052,4927.0468,2.7052,0.0000,0.0325,491.4108,0.0000
1.4879,1212.3227,0.0007,0.0716,0.0004,0.0438,0.7111,2081.2841,74.5451,0.7233,0.0268,38.6040,0.0037,47.2411,5825.0594,0.0055,0.0027,2169.8550,1.7985,27.6487,4.9683,1.5753,0.3175,57077.2232,35.6483,5.1539,0.3902,40.8334,0.0084,209.3850,0.1492,0.0413,0.0011,485165195.4098,30.6322,137.1077,2988.1939,110.5829,152.6357,24.1210,0.6026,0.0031,0.0130,0.8563,1.9564,6.3448,0.1575,0.6136,0.0100,0.0042,567.1130,0.1616,1.9223,0.1338,0.0076,56664.9018,0.0671,81.5442,1.0752,0.1645,0.0001,0.0066,0.8101,0.0309,5035.7174,0.0295,588.5608,0.0532,2.6114,913.6136,1.9093,3.3783,0.2977,0.4000,0.0416,1.5888,0.0001,8169.0881,0.7168,206.7821,2230.7672,0.0000,3.8742,2.5650,0.0218,55756.3979,13393.3752,24717.6482,1707.5947,0.0051,0.1060,4.7444,1.6347,0.1006,0.0182,0.9039,0.0521,13.8505,0.8482,1.5195,1.2540,0.2820,0.1386,898.4323,58.6707,0.0001,544.0024,0.0083,0.2161,6.2393,0.0297,0.9981,11.6586,0.0013,406.4465,2.1867,313.0031,0.1470,2.8122,1402.5793,32.4097,0.1174,1.2890,0.3079,11764.2559,5.6317,0.0277,2716.6660
0.1214,4.8007,0.0017,0.2899,0.0114,0.0006,687.4115,0.2582,0.1310,0.2595,275.1511,7.3354,0.2236,13598.1253,0.0229,0.2938,4.4050,0.2600,7425.6175,1269.7040,130.8017,263.9414,18.1261,10.5094,0.0011,1317285.3216,10.1385,0.3858,0.8261,779.0425,0.0001,577.3244,39.7062,30.6322,485165195.4098,7380.9405,351.2473,0.5442,5205.8936,2.1808,69.9721,16402.2760,1.6787,402292.2348,24.3081,0.1084,57667.7901,0.0136,0.7503,1.4054,7.1834,0.0928,0.2204,7.3159,0.0490,125.7154,7.0672,0.3710,1248747.2774,0.1031,26.0341,1165.6590,18.2544,0.0000,0.0179,16753.9034,35.3060,1.3439,371.2822,4491.6189,4.6079,213.6234,4.6592,846.9727,5454.6754,0.1003,0.0000,315.5855,10.1337,194.4405,1.9016,7.0198,0.0003,13780.8288,40.0641,1.1088,0.3616,586.0501,0.9344,59.8009,18.9656,7.2011,0.6690,0.0003,464085.4734,0.5500,29.8820,392.5463,551.1814,0.0001,425.8399,17.6049,222.0475,3.1935,876.6004,1.4891,11646.9043,224.4324,150.6352,2.2581,9491.9545,2.1703,0.0632,33.1310,87.0582,1680.2055,216.5492,0.0440,36.4064,1132.3730,1473.2325,0.0480,490.7485,171.0373,0.2150,0.0002,0.0843,0.0201
1.6635,5780.1423,0.0011,490.3858,0.4213,274.5473,361970.4009,0.0032,9615.0314,18.5235,0.1037,133.8173,0.3744,1272.8570,29.7877,92.9210,1.8257,3042.5488,204469.8358,0.0824,0.0054,0.0190,12.1666,1483.3436,30.9333,16321.8686,450.5825,9.4544,0.9479,0.1333,1.0497,0.0366,0.0021,137.1077,7380.9405,485165195.4098,0.0446,193.0257,10.1997,76.8471,8.0182,6.3735,0.0005,681.2182,0.0003,7.2997,44.3690,164.0204,0.0544,136.0730,0.2531,31.6750,24.3367,17.0735,918.9050,7.4927,439.1726,13.2075,1078.7491,1964.6964,2001.2029,0.9652,748.3434,0.0007,0.0028,268.7639,27974.7685,1885.8725,0.5192,22690.6946,1.1775,146740.9662,0.0406,0.0314,43.2100,0.0000,0.0027,1998.0982,12216.1205,0.1530,0.2161,9.5082,0.0010,1.0986,0.0069,98.5301,1.4146,114841.2399,0.1489,0.1776,0.0479,0.0000,2.8886,64.7000,2891.4453,2.2842,2151.5399,6738.1774,18965.3987,0.0018,7487.4341,445.0858,0.0287,194.5852,53.3114,514.4738,19.2953,2995.2470,0.3979,8932.4910,6.0644,0.0081,404974.2627,0.0029,0.2668,0.8454,8.4630,87.7557,3.0437,233.1691,217.3495,5.4200,0.0954,162217.1752,7709.9984,0.6867,0.2646,0.9901
9.5666,0.0006,0.0000,0.0009,0.0006,0.0003,0.0019,1394.3342,0.1244,0.1334,14.6645,0.0006,0.0000,10.7991,0.1625,0.0001,0.0005,410.8584,8.4576,736.2426,56855.7453,10922.6567,0.0113,11.7084,1.2052,0.0792,34.8888,0.2101,11.1317,121.8925,0.0000,21.3365,0.0028,2988.1939,351.2473,0.0446,485165195.4098,1.0836,273.8950,1.0949,3.7070,1.2076,10.7229,59.9829,439.2541,10.0546,0.4120,0.1080,0.0451,0.0000,38.0678,2.4807,0.1118,1.0906,0.0012,277.2883,0.0007,5.8505,0.2866,0.0275,1.4587,0.0784,0.0816,0.0116,1.4836,0.3264,0.0062,0.0232,0.0546,2.5333,0.0007,0.0501,0.0899,316.2492,6.4678,1333.3697,0.0056,599.7464,0.0000,2629.4301,382.8552,0.0004,638.7930,55.6460,3.0954,16.2193,93.8742,313.0148,0.3279,0.4780,212.0570,183.9387,0.0017,0.0000,165.5270,0.0062,0.0122,32.5740,0.2230,0.0307,0.0001,0.0746,0.7474,385.2771,1.0350,1.9177,372.9981,0.0228,0.6601,0.0016,3.3872,527.7614,0.0007,0.0302,292571.7157,62.7889,149.3417,0.0001,0.1651,1.4426,0.0087,0.2044,639.2999,0.0018,1.1093,0.0768,0.0015,822.3095
0.0004,0.3916,6.9782,46698.0345,0.0001,24105.8445,79.5536,0.0000,3096018.7608,547736.1989,0.0001,123485.2431,0.0003,1.0251,7.9513,0.5253,1.7656,617564.1684,1868.4169,0.0054,0.4681,0.0000,29.9206,1.6277,10104.4481,8.7525,0.0018,827.8928,0.0059,524.3092,43.1121,0.0017,0.0522,110.5829,0.5442,193.0257,1.0836,485165195.4098,52.4103,799351.5213,0.0000,0.0000,0.0001,0.2336,0.0000,39301.0662,0.2466,100392.3882,0.1873,0.1410,1050.2266,8349.3602,7910.2934,1.9913,27476.7015,0.0099,0.0773,4455021.6753,1.0914,3.2580,0.0319,0.0000,1.0764,2563.2783,0.0144,0.1133,372428.1831,152641.2824,0.0076,191.0641,21.0918,251.7018,0.1228,0.0000,0.0098,0.0581,3.8083,1014.9128,2754.8250,0.0865,93.8162,0.0046,11.9667,0.0008,0.0001,8.0559,27.4366,30.6603,0.0730,0.0000,0.0004,0.0000,1.5914,3.8752,0.1368,0.6736,101.3028,0.0050,1007.7272,9.7030,1749.0688,246471.4999,0.0007,0.1112,0.0029,1.6399,0.4120,59.5827,1532.4994,0.9634,0.0027,0.0445,5180.3442,0.0000,35.3397,4.0400,0.0001,516986.6549,0.0000,0.3283,0.4329,1.9795,0.0053,26609.8243,92.2093,165.0529,0.0072,308336.1151
