485165195.4098,5735988.7640,2543367.9809,0.0000,867.2571,0.0000,0.0000,14.3255,0.0000,33504932.6700,0.0000,0.7914,0.7949,0.0000,0.0000,0.0001,16393.4071,0.0575,0.0000,0.0011,19250.2303,0.0000,0.0000,723203.0516,3560896.6785,2277556.0903,1.0096,19.5669,0.0000,34944008.9052,65829351.1913,176440.9059,0.0125,0.1478,0.6052,1907062.2353,1140.7074,0.0000,0.0000,73622997.6163,218006.5306,13285635.3139,0.2047,68887294.0650,27186491.9193,0.0380,0.0000,0.0000,0.0000,1.7274,9015526.2732,0.0000,0.0000,24825097.3206,0.0000,23809087.9881,81207422.1962,262.8178,627.7979,3175114.1873,68.6897,10.9412,0.0000,0.0000
5735988.7640,485165195.4098,71733277.3188,0.0000,10059576.7887,0.0000,0.0000,0.0103,0.0044,143448112.3043,0.0000,0.3765,96613.8750,0.0000,0.0000,0.0001,8264.1366,11538.8343,0.0001,0.0000,1134691.6887,0.0000,0.0000,12.4264,169891852.4360,140992.7465,0.0000,905.0864,0.0000,843381.2493,236654.2556,87522319.3133,0.0000,0.0014,0.0000,2699221.2227,28.8035,0.0000,0.0000,2837242.9310,16267607.6563,3672402.3492,3.7145,2802394.7457,48321150.4242,0.8206,0.0000,0.0000,3.3273,20159.7113,23502.7837,0.0000,0.0252,34226.4784,0.0000,94463945.0334,5920735.0611,978438.5670,0.8198,258745527.6530,0.0467,7472.5320,0.0000,0.0000
2543367.9809,71733277.3188,485165195.4098,0.0000,2971391.0576,0.0000,0.0000,0.0017,0.0024,246851823.0202,0.0000,0.0315,4806.4525,0.0000,0.0000,0.0006,1522315.1302,1532.8669,0.0000,0.0000,60874.1360,0.0000,0.0000,157.6118,215431658.0997,141385.9356,0.0006,98.6340,0.0000,8264059.9625,1712401.7272,138848174.0303,0.0000,0.0002,0.0001,291163.7671,816.5644,0.0000,0.0000,4432274.4086,71254992.6134,19793900.4655,0.1411,14121064.1009,158915535.3651,0.0320,0.0000,0.0000,0.2586,17313.3316,5989.4418,0.0000,0.0096,77184.1218,0.0000,221995046.0954,26831881.4255,43851.3202,0.2830,19967194.3087,4.7830,73735.5780,0.0000,0.0000
0.0000,0.0000,0.0000,485165195.4098,0.0000,143072846.5759,7160994.8877,12.9695,44604.5740,0.0000,401783425.3642,33.7366,0.1175,33741819.8757,127163398.2390,1146.5559,0.0000,0.4548,367189.8841,26845.8406,0.0000,4221225.7964,153547663.7907,0.0000,0.0000,0.0000,7.0659,0.2045,98021552.2565,0.0000,0.0000,0.0000,2868.9319,1071.3999,9.2094,0.0000,0.0000,1983967.0587,75968357.8990,0.0000,0.0000,0.0000,74.5210,0.0000,0.0000,496.0981,88222519.5302,8229.6889,6344.9535,0.0030,0.0000,156000988.5002,22408.7737,0.0000,3206021.6827,0.0000,0.0000,0.0018,0.3469,0.0000,0.0020,0.0004,207851603.4597,150762159.1636
867.2571,10059576.7887,2971391.0576,0.0000,485165195.4098,0.0009,0.0000,0.0191,0.2765,1139716.3913,0.0000,106.0816,63143877.1270,0.0000,0.0001,0.0000,3788.7863,8366843.7851,0.0006,0.0000,10542623.5037,0.0046,0.0000,0.0022,7937586.0022,23792.5230,0.0000,391739.8698,0.0044,389.6067,95.5097,6631415.7088,0.0000,0.0553,0.0000,665541.7553,0.0052,0.0000,0.0000,13304.5403,180689.7831,954.5876,4551.3447,1855.5809,75459.0464,1468.3366,0.0164,0.0000,31493.1581,16231.3186,191.5184,0.0122,4.1525,86.2598,0.0000,789356.7930,7652.8774,124034955.2308,0.8926,19100531.9139,0.0000,902.2539,0.0000,0.0084
0.0000,0.0000,0.0000,143072846.5759,0.0009,485165195.4098,867834.8163,0.0164,4678100.0509,0.0000,48049644.1052,0.2782,4.2599,10306395.9308,390371645.4796,28715.3354,0.0000,60.0940,1191705.1173,153.1933,0.0000,593257.3924,5257923.4659,0.0000,0.0000,0.0000,0.4286,0.0231,41372179.9613,0.0000,0.0000,0.0000,20.4763,2.3700,0.3462,0.0000,0.0007,16270.7466,30356693.7192,0.0000,0.0000,0.0000,3.0688,0.0000,0.0000,22.3250,361722267.3275,13128.1080,198379.3518,2.8233,0.0000,256180349.0235,4534450.0801,0.0000,4087511.8893,0.0000,0.0000,0.0065,0.0008,0.0000,0.0034,0.2410,34958373.0197,344978176.1341
0.0000,0.0000,0.0000,7160994.8877,0.0000,867834.8163,485165195.4098,5.9456,804.7565,0.0000,7862161.7292,0.0345,0.0000,307275752.8082,4591899.7426,338232.9067,0.0000,0.0000,23578.3305,225891.3684,0.0000,53016.1515,21927199.1484,0.2128,0.0000,0.0000,827948.6471,0.0000,152726.4161,0.0000,0.0000,0.0000,9026620.9615,27.8676,309188.1555,0.0000,1.6419,59577516.1818,175155262.7719,0.0000,0.0000,0.0000,0.0043,0.0000,0.0000,0.0233,77833.1242,195367.4842,0.0578,0.0003,0.0000,125777.5135,112.1366,0.0000,143221198.9879,0.0000,0.0000,0.0000,0.1205,0.0000,468.0094,0.0021,119394539.7716,138320.7812
14.3255,0.0103,0.0017,12.9695,0.0191,0.0164,5.9456,485165195.4098,0.0000,0.0492,174.3260,25254236.9893,0.0068,0.8256,0.0096,0.0000,0.4471,0.0001,0.0237,428049.6893,1718.6088,207.2240,3225.5910,3611.2577,0.0100,70087.0195,10.8538,58536.1765,15.9443,0.2824,22.5472,0.0000,16463.7536,167899184.9954,107.9311,5624.9194,0.0000,33818.2465,0.6705,376.4680,0.0000,0.0008,719684.0111,1.1914,0.0039,444950.8722,0.0256,0.0145,0.0020,0.0000,412192.4493,0.3351,0.0000,22207.3233,0.0076,0.0390,1.6294,7.2142,156887707.9201,0.4253,0.0014,0.0000,13.9442,0.1322
0.0000,0.0044,0.0024,44604.5740,0.2765,4678100.0509,804.7565,0.0000,485165195.4098,0.0001,4975.8575,0.0001,200.3639,17401.3531,4305084.2905,487634.0020,0.0001,3121.4742,75699.1804,0.0111,0.0001,1036.3757,190.8941,0.0000,0.0010,0.0000,0.0192,0.0007,29032.7201,0.0000,0.0000,0.3096,0.0104,0.0001,0.0143,0.0000,2.3187,0.6526,53198.8633,0.0000,0.3851,0.0010,0.0038,0.0000,0.0005,0.0256,3884143.6508,4731.5829,215549.2268,119384.7861,0.0000,587657.6209,130490885.3025,0.0000,123687.0533,0.0001,0.0000,0.0456,0.0000,0.0015,0.2658,13063.4391,11432.3881,1534740.8280
33504932.6700,143448112.3043,246851823.0202,0.0000,1139716.3913,0.0000,0.0000,0.0492,0.0001,485165195.4098,0.0000,0.2259,1125.4379,0.0000,0.0000,0.0001,421112.8330,159.1895,0.0000,0.0000,269758.6556,0.0000,0.0000,2352.7226,264784998.4702,1480617.7617,0.0013,223.6926,0.0000,25218247.8925,12039366.3576,51958180.1553,0.0000,0.0023,0.0004,3442121.5635,436.2176,0.0000,0.0000,41828461.7179,26080366.6395,32232933.5193,0.5152,63014170.6029,259902620.3219,0.0849,0.0000,0.0000,0.0203,1131.3277,194064.7903,0.0000,0.0003,1365262.0282,0.0000,393373673.5569,111105328.1342,51114.7105,6.0859,57709221.1176,3.2363,3741.7132,0.0000,0.0000
0.0000,0.0000,0.0000,401783425.3642,0.0000,48049644.1052,7862161.7292,174.3260,4975.8575,0.0000,485165195.4098,250.5887,0.0413,26311784.0747,42590975.0453,214.9009,0.0000,0.0913,174262.8827,121929.5617,0.0001,6320332.3516,297115199.3693,0.0000,0.0000,0.0000,14.0169,0.6686,91439094.3715,0.0000,0.0000,0.0000,12380.5085,9882.0580,27.7237,0.0000,0.0000,6938529.1699,54330214.8004,0.0000,0.0000,0.0000,289.0348,0.0000,0.0000,1676.2256,29779928.5851,6092.4727,1549.3300,0.0003,0.0000,71265718.0023,2175.8777,0.0000,1490301.2925,0.0000,0.0000,0.0018,3.8450,0.0000,0.0016,0.0000,203400021.6212,62825441.6765
0.7914,0.3765,0.0315,33.7366,106.0816,0.2782,0.0345,25254236.9893,0.0001,0.2259,250.5887,485165195.4098,189.2644,0.0240,0.0420,0.0000,0.9673,1.2556,0.0165,3722.5865,438790.1608,1952.6098,690.8624,0.7794,0.2302,97790.5612,0.0007,35862183.3712,459.1383,0.0129,0.3582,0.0016,2.2518,83214313.0106,0.0067,53089.0032,0.0000,101.8070,0.0486,99.6660,0.0000,0.0001,178071971.7875,0.0876,0.0035,115756674.9204,1.9836,0.0029,38.4448,0.0000,36775.3970,22.1947,0.0001,536.4164,0.0002,0.1433,0.2761,36976.5004,22309771.0059,29.7036,0.0000,0.0000,1.9051,7.3306
0.7949,96613.8750,4806.4525,0.1175,63143877.1270,4.2599,0.0000,0.0068,200.3639,1125.4379,0.0413,189.2644,485165195.4098,0.0000,0.3099,0.0002,3.5497,105559959.9903,0.2451,0.0000,550967.2740,0.5709,0.0013,0.0000,15153.6520,40.5054,0.0000,289437.7443,6.3030,0.0946,0.0168,58875.6517,0.0000,0.1652,0.0000,3214.5197,0.0001,0.0000,0.0002,4.7891,819.9687,0.6827,29257.6974,0.4329,59.0241,22693.8129,95.3515,0.0006,14913737.4954,29903.9747,0.4881,51.7985,2950.7194,0.0321,0.0000,577.4280,1.8107,68725937.3350,0.0809,329239.7799,0.0000,243.4025,0.0005,47.4590
0.0000,0.0000,0.0000,33741819.8757,0.0000,10306395.9308,307275752.8082,0.8256,17401.3531,0.0000,26311784.0747,0.0240,0.0000,485165195.4098,39950443.5795,738087.6284,0.0000,0.0006,236524.5964,27822.0873,0.0000,99407.6756,30448735.1089,0.0049,0.0000,0.0000,47021.6947,0.0000,1098573.1926,0.0000,0.0000,0.0000,765111.4448,7.6716,36263.6716,0.0000,0.4818,16079958.4639,411820393.5712,0.0000,0.0000,0.0000,0.0080,0.0000,0.0000,0.0500,1373061.7930,367146.3020,2.1256,0.0048,0.0000,1388388.7650,3781.6830,0.0000,230268212.8507,0.0000,0.0000,0.0000,0.0120,0.0000,51.7020,0.0079,253419588.8742,2008457.4272
0.0000,0.0000,0.0000,127163398.2390,0.0001,390371645.4796,4591899.7426,0.0096,4305084.2905,0.0000,42590975.0453,0.0420,0.3099,39950443.5795,485165195.4098,215288.0563,0.0000,7.1796,1392126.6520,265.7186,0.0000,324837.7702,6522140.3939,0.0000,0.0000,0.0000,6.6700,0.0018,18957345.0432,0.0000,0.0000,0.0000,156.2860,0.8433,4.4520,0.0000,0.0076,54482.0609,89983090.0806,0.0000,0.0000,0.0000,0.2629,0.0000,0.0000,2.0385,181559316.1574,51270.1333,22547.5386,2.1975,0.0000,114534650.5553,3118086.3831,0.0000,22563615.9336,0.0000,0.0000,0.0004,0.0003,0.0000,0.0546,0.3881,71181379.4429,171009777.6818
0.0001,0.0001,0.0006,1146.5559,0.0000,28715.3354,338232.9067,0.0000,487634.0020,0.0001,214.9009,0.0000,0.0002,738087.6284,215288.0563,485165195.4098,0.0014,0.0631,37817.7602,0.4580,0.0000,5.3772,84.7558,0.0222,0.0001,0.0000,26725.4874,0.0000,61.9962,0.0055,0.0004,0.0197,374.1591,0.0000,7487.5237,0.0000,204033.6544,142.1674,493594.4638,0.0000,0.9190,0.3473,0.0000,0.0006,0.0036,0.0000,2547.5786,345473.2806,0.2819,2920.0603,0.0000,359.1700,239547.9107,0.0000,20840780.1518,0.0001,0.0002,0.0000,0.0000,0.0000,255382.3315,24999.6941,22143.9187,1145.9721
16393.4071,8264.1366,1522315.1302,0.0000,3788.7863,0.0000,0.0000,0.4471,0.0001,421112.8330,0.0000,0.9673,3.5497,0.0000,0.0000,0.0014,485165195.4098,1.3670,0.0000,0.0354,2543.6462,0.0046,0.0000,10281.1545,438790.2866,113679.9748,1.2347,17.5053,0.0000,670864.4268,1111215.8917,64153.8591,0.0093,0.0578,0.0651,22495.9627,338.6964,0.0001,0.0000,621025.3576,87329.4766,162415.4999,0.1942,2307125.2380,482225.6968,0.0899,0.0000,0.1128,0.0020,5.6626,1175.3238,0.0000,0.0001,191907.1503,0.0000,1170610.8062,2148112.6020,82.3208,14.4880,2501.7876,247.3472,170.6175,0.0000,0.0000
0.0575,11538.8343,1532.8669,0.4548,8366843.7851,60.0940,0.0000,0.0001,3121.4742,159.1895,0.0913,1.2556,105559959.9903,0.0006,7.1796,0.0631,1.3670,485165195.4098,3.0689,0.0000,4306.1362,0.3105,0.0019,0.0000,2840.6740,0.3545,0.0000,1614.3297,16.0344,0.0272,0.0023,58964.7209,0.0000,0.0019,0.0000,31.9384,0.0030,0.0000,0.0032,0.1372,2397.1173,0.9107,221.7037,0.0702,18.4977,151.0728,745.4857,0.0178,21673250.2298,733951.4510,0.0033,237.8089,163723.3333,0.0007,0.0015,96.9165,0.2457,1970969.6210,0.0004,9002.9174,0.0000,14387.4022,0.0036,270.2264
0.0000,0.0001,0.0000,367189.8841,0.0006,1191705.1173,23578.3305,0.0237,75699.1804,0.0000,174262.8827,0.0165,0.2451,236524.5964,1392126.6520,37817.7602,0.0000,3.0689,485165195.4098,13.2448,0.0001,2777.5836,29972.9960,0.0001,0.0000,0.0000,0.7839,0.0014,435766.5805,0.0000,0.0000,0.0002,34.1180,0.1795,28.3452,0.0000,0.1414,1085.1360,858808.0954,0.0000,0.0004,0.0000,0.0964,0.0000,0.0000,0.1636,697664.2226,1410.1472,289.5772,9.4549,0.0000,188741.7732,101854.8898,0.0000,165479.6645,0.0000,0.0000,0.0029,0.0003,0.0000,0.1263,0.5875,334951.7464,634113.4306
0.0011,0.0000,0.0000,26845.8406,0.0000,153.1933,225891.3684,428049.6893,0.0111,0.0000,121929.5617,3722.5865,0.0000,27822.0873,265.7186,0.4580,0.0354,0.0000,13.2448,485165195.4098,0.0073,83469.6960,1713786.3859,80.1576,0.0000,1.2988,11163.3265,0.4216,4562.7747,0.0001,0.0129,0.0000,3202895.6505,1632455.2334,4656.3086,0.0252,0.0011,9803756.1068,24890.1330,0.0081,0.0000,0.0000,160.2096,0.0015,0.0000,377.2986,39.9035,76.1708,0.0023,0.0000,0.5584,374.6146,0.0009,1.0279,1771.2458,0.0000,0.0004,0.0003,31046.9997,0.0000,0.6717,0.0000,124437.4994,171.9097
19250.2303,1134691.6887,60874.1360,0.0000,10542623.5037,0.0000,0.0000,1718.6088,0.0001,269758.6556,0.0001,438790.1608,550967.2740,0.0000,0.0000,0.0000,2543.6462,4306.1362,0.0001,0.0073,485165195.4098,0.0138,0.0001,1.9040,801835.1348,8216112.6381,0.0000,24900915.2060,0.0033,1072.4504,2975.3450,19502.0422,0.0000,964.1484,0.0000,132055661.9988,0.0001,0.0000,0.0000,938074.1268,347.1451,107.3519,1208145.7323,9401.3000,7317.7084,296777.3874,0.0004,0.0000,74.5625,0.6019,692626.0313,0.0007,0.0003,84333.7790,0.0000,241658.5614,36705.1764,66463998.6233,20373.8732,11262390.6870,0.0000,0.0193,0.0000,0.0005
0.0000,0.0000,0.0000,4221225.7964,0.0046,593257.3924,53016.1515,207.2240,1036.3757,0.0000,6320332.3516,1952.6098,0.5709,99407.6756,324837.7702,5.3772,0.0046,0.3105,2777.5836,83469.6960,0.0138,485165195.4098,4827610.3566,0.0002,0.0000,0.0012,0.5811,24.6514,53103512.2102,0.0000,0.0000,0.0000,580.6632,10243.5014,1.5734,0.0003,0.0000,130682.3058,267823.9830,0.0000,0.0000,0.0000,2068.1806,0.0000,0.0000,9529.5724,498883.1821,23970.6005,939.7933,0.0005,0.0001,1987627.4044,151.1821,0.0000,13813.7466,0.0000,0.0000,0.0718,7.4201,0.0000,0.0016,0.0001,1180961.5060,1166649.7669
0.0000,0.0000,0.0000,153547663.7907,0.0000,5257923.4659,21927199.1484,3225.5910,190.8941,0.0000,297115199.3693,690.8624,0.0013,30448735.1089,6522140.3939,84.7558,0.0000,0.0019,29972.9960,1713786.3859,0.0001,4827610.3566,485165195.4098,0.0022,0.0000,0.0001,334.0880,0.4378,21765879.1763,0.0000,0.0000,0.0000,339464.1759,79171.5997,561.3322,0.0000,0.0000,63170056.9338,42913498.5056,0.0000,0.0000,0.0000,229.1333,0.0000,0.0000,1176.3114,2184242.3418,5296.5949,31.2444,0.0000,0.0004,8137198.7342,46.2187,0.0000,1295567.4239,0.0000,0.0000,0.0002,65.4913,0.0000,0.0118,0.0000,188329342.3060,6030925.2224
723203.0516,12.4264,157.6118,0.0000,0.0022,0.0000,0.2128,3611.2577,0.0000,2352.7226,0.0000,0.7794,0.0000,0.0049,0.0000,0.0222,10281.1545,0.0000,0.0001,80.1576,1.9040,0.0002,0.0022,485165195.4098,149.3359,45382.2629,265912.5381,0.0293,0.0000,2141082.2189,20457427.2586,2.0207,19981.2550,15.1656,219944.3231,1445.1723,12021.9089,12.9045,0.0008,868855.8762,29.4229,71016.9581,0.0049,1812191.7807,9071.6292,0.0014,0.0000,0.0435,0.0000,0.0001,671890.9395,0.0000,0.0000,17920350.9655,0.0067,4572.7305,864447.7329,0.0010,7277.7989,5.8763,206487.6958,0.0118,0.0005,0.0000
3560896.6785,169891852.4360,215431658.0997,0.0000,7937586.0022,0.0000,0.0000,0.0100,0.0010,264784998.4702,0.0000,0.2302,15153.6520,0.0000,0.0000,0.0001,438790.2866,2840.6740,0.0000,0.0000,801835.1348,0.0000,0.0000,149.3359,485165195.4098,370384.3049,0.0001,384.9849,0.0000,8104265.4936,2283452.3078,156483646.6667,0.0000,0.0008,0.0001,3741991.2246,199.5610,0.0000,0.0000,12302991.1077,53040364.2587,15864936.3847,0.9098,20804367.6896,126910381.6550,0.1513,0.0000,0.0000,0.2734,12121.9109,24893.2441,0.0000,0.0044,205727.6463,0.0000,325626704.6011,40886971.0483,245120.5651,0.6035,57298162.2165,0.7807,13422.5372,0.0000,0.0000
2277556.0903,140992.7465,141385.9356,0.0000,23792.5230,0.0000,0.0000,70087.0195,0.0000,1480617.7617,0.0000,97790.5612,40.5054,0.0000,0.0000,0.0000,113679.9748,0.3545,0.0000,1.2988,8216112.6381,0.0012,0.0001,45382.2629,370384.3049,485165195.4098,0.0073,545313.6689,0.0000,145583.2576,2301761.1148,1532.4570,0.0153,6792.1182,0.0048,88647082.8679,0.0102,0.0012,0.0000,69745960.6708,213.9978,3368.1643,24324.8487,1601988.5600,123048.9779,4247.7370,0.0000,0.0000,0.0027,0.0008,49973943.2301,0.0000,0.0000,55840359.5885,0.0000,975452.7289,3097738.7257,94406.6050,2771804.1295,994957.5079,0.0073,0.0018,0.0000,0.0000
1.0096,0.0000,0.0006,7.0659,0.0000,0.4286,827948.6471,10.8538,0.0192,0.0013,14.0169,0.0007,0.0000,47021.6947,6.6700,26725.4874,1.2347,0.0000,0.7839,11163.3265,0.0000,0.5811,334.0880,265912.5381,0.0001,0.0073,485165195.4098,0.0000,0.0686,9.7532,39.3654,0.0001,36104275.7948,0.6683,61552199.9220,0.0001,60161.2357,383485.4365,6551.7253,0.0860,0.0047,3.0716,0.0000,2.1580,0.0309,0.0000,0.0171,2386.6801,0.0000,0.0002,0.2949,0.0281,0.0019,8.3788,116227.8734,0.0023,0.4839,0.0000,1.7706,0.0000,11242163.2708,0.0533,1709.9382,0.0278
19.5669,905.0864,98.6340,0.2045,391739.8698,0.0231,0.0000,58536.1765,0.0007,223.6926,0.6686,35862183.3712,289437.7443,0.0000,0.0018,0.0000,17.5053,1614.3297,0.0014,0.4216,24900915.2060,24.6514,0.4378,0.0293,384.9849,545313.6689,0.0000,485165195.4098,10.0479,0.5632,2.3410,9.8183,0.0002,240915.3760,0.0000,996568.9431,0.0000,0.0127,0.0001,1936.5956,0.0802,0.0148,129750439.2954,2.6719,2.1908,61240423.8568,0.4188,0.0000,3983.7841,0.0034,47742.9009,2.5588,0.0025,632.2399,0.0000,101.5148,15.5731,20107501.3331,479406.7975,49554.0277,0.0000,0.0001,0.0026,0.7953
0.0000,0.0000,0.0000,98021552.2565,0.0044,41372179.9613,152726.4161,15.9443,29032.7201,0.0000,91439094.3715,459.1383,6.3030,1098573.1926,18957345.0432,61.9962,0.0000,16.0344,435766.5805,4562.7747,0.0033,53103512.2102,21765879.1763,0.0000,0.0000,0.0000,0.0686,10.0479,485165195.4098,0.0000,0.0000,0.0000,81.3782,1562.4508,0.4311,0.0000,0.0000,88906.6612,4137813.0137,0.0000,0.0000,0.0000,1573.5379,0.0000,0.0000,6120.7113,50534486.2994,13977.5863,66755.9573,0.0114,0.0000,90677161.0244,24768.3428,0.0000,110654.8289,0.0000,0.0000,0.1313,0.3282,0.0000,0.0001,0.0005,13964510.5807,87328139.4283
34944008.9052,843381.2493,8264059.9625,0.0000,389.6067,0.0000,0.0000,0.2824,0.0000,25218247.8925,0.0000,0.0129,0.0946,0.0000,0.0000,0.0055,670864.4268,0.0272,0.0000,0.0001,1072.4504,0.0000,0.0000,2141082.2189,8104265.4936,145583.2576,9.7532,0.5632,0.0000,485165195.4098,210403941.6054,899049.8076,0.0244,0.0013,12.6001,137120.5310,141888.3850,0.0000,0.0000,37886533.6805,3393053.5344,138804717.7734,0.0017,194615010.2340,53730730.9971,0.0003,0.0000,0.0013,0.0000,34.7662,447630.1064,0.0000,0.0000,11625292.9507,0.0000,52414572.5514,234627733.3208,9.4213,4.8844,144961.8601,14158.7508,604.5051,0.0000,0.0000
65829351.1913,236654.2556,1712401.7272,0.0000,95.5097,0.0000,0.0000,22.5472,0.0000,12039366.3576,0.0000,0.3582,0.0168,0.0000,0.0000,0.0004,1111215.8917,0.0023,0.0000,0.0129,2975.3450,0.0000,0.0000,20457427.2586,2283452.3078,2301761.1148,39.3654,2.3410,0.0000,210403941.6054,485165195.4098,62530.8196,0.3638,0.1144,30.3958,718118.2450,14867.4492,0.0002,0.0000,131369224.0589,220305.7835,27629121.0317,0.0214,295679668.7620,20047853.7327,0.0033,0.0000,0.0003,0.0000,0.3389,3618660.9770,0.0000,0.0000,112324701.2531,0.0000,21302399.3993,263154993.0224,7.8811,395.9921,75175.0743,5077.7341,9.5298,0.0000,0.0000
176440.9059,87522319.3133,138848174.0303,0.0000,6631415.7088,0.0000,0.0000,0.0000,0.3096,51958180.1553,0.0000,0.0016,58875.6517,0.0000,0.0000,0.0197,64153.8591,58964.7209,0.0002,0.0000,19502.0422,0.0000,0.0000,2.0207,156483646.6667,1532.4570,0.0001,9.8183,0.0000,899049.8076,62530.8196,485165195.4098,0.0000,0.0000,0.0000,34411.0102,2105.5481,0.0000,0.0000,149040.9696,243748170.4777,11709977.7395,0.0220,1220819.8044,50751108.7352,0.0058,0.0000,0.0003,7.4266,2160794.2318,89.5739,0.0000,2.1523,931.3830,0.0000,61940005.7666,2219522.7723,56759.6874,0.0013,11611222.8408,2.5766,2018069.3100,0.0000,0.0000
0.0125,0.0000,0.0000,2868.9319,0.0000,20.4763,9026620.9615,16463.7536,0.0104,0.0000,12380.5085,2.2518,0.0000,765111.4448,156.2860,374.1591,0.0093,0.0000,34.1180,3202895.6505,0.0000,580.6632,339464.1759,19981.2550,0.0000,0.0153,36104275.7948,0.0002,81.3782,0.0244,0.3638,0.0000,485165195.4098,3018.3692,46454495.1329,0.0002,11.3124,74649663.3397,211426.8566,0.0070,0.0000,0.0012,0.0158,0.0095,0.0000,0.0309,1.4941,4627.2298,0.0000,0.0000,1.0388,5.1280,0.0006,2.4252,173533.8798,0.0000,0.0028,0.0000,481.7522,0.0000,13032.3405,0.0000,225154.7950,4.6466
0.1478,0.0014,0.0002,1071.3999,0.0553,2.3700,27.8676,167899184.9954,0.0001,0.0023,9882.0580,83214313.0106,0.1652,7.6716,0.8433,0.0000,0.0578,0.0019,0.1795,1632455.2334,964.1484,10243.5014,79171.5997,15.1656,0.0008,6792.1182,0.6683,240915.3760,1562.4508,0.0013,0.1144,0.0000,3018.3692,485165195.4098,2.3666,499.1404,0.0000,71877.3629,10.0688,5.2881,0.0000,0.0000,8977637.2506,0.0112,0.0001,9270631.6692,5.1463,0.0201,0.4034,0.0000,6726.1824,87.0495,0.0000,196.7957,0.0497,0.0013,0.0156,36.9319,61158726.1903,0.0927,0.0000,0.0000,332.7208,26.1058
0.6052,0.0000,0.0001,9.2094,0.0000,0.3462,309188.1555,107.9311,0.0143,0.0004,27.7237,0.0067,0.0000,36263.6716,4.4520,7487.5237,0.0651,0.0000,28.3452,4656.3086,0.0000,1.5734,561.3322,219944.3231,0.0001,0.0048,61552199.9220,0.0000,0.4311,12.6001,30.3958,0.0000,46454495.1329,2.3666,485165195.4098,0.0006,15102.4542,468855.7406,8253.0818,0.1259,0.0014,1.5717,0.0000,1.1418,0.0064,0.0000,0.0214,34631.0903,0.0000,0.0002,2.0573,0.0170,0.0014,14.9697,45102.1466,0.0015,0.3687,0.0000,2.0839,0.0000,2398222.3653,0.0043,1899.7573,0.0390
1907062.2353,2699221.2227,291163.7671,0.0000,665541.7553,0.0000,0.0000,5624.9194,0.0000,3442121.5635,0.0000,53089.0032,3214.5197,0.0000,0.0000,0.0000,22495.9627,31.9384,0.0000,0.0252,132055661.9988,0.0003,0.0000,1445.1723,3741991.2246,88647082.8679,0.0001,996568.9431,0.0000,137120.5310,718118.2450,34411.0102,0.0002,499.1404,0.0006,485165195.4098,0.0089,0.0000,0.0000,47236047.4941,2333.8788,8942.4832,32146.6035,1185411.5343,224162.3940,4863.8646,0.0000,0.0000,0.0805,0.0893,19918747.7657,0.0000,0.0000,10161845.2195,0.0000,3581550.6917,3031093.8004,2215584.3135,80777.8280,12817788.5745,0.0008,0.0181,0.0000,0.0000
1140.7074,28.8035,816.5644,0.0000,0.0052,0.0007,1.6419,0.0000,2.3187,436.2176,0.0000,0.0000,0.0001,0.4818,0.0076,204033.6544,338.6964,0.0030,0.1414,0.0011,0.0001,0.0000,0.0000,12021.9089,199.5610,0.0102,60161.2357,0.0000,0.0000,141888.3850,14867.4492,2105.5481,11.3124,0.0000,15102.4542,0.0089,485165195.4098,0.0099,0.1168,29.3134,173244.7444,2132505.7054,0.0000,19272.6508,25604.0913,0.0000,0.0001,94.1018,0.0000,7259.6354,0.0864,0.0000,1.1591,18.4077,47.1052,1228.2401,6083.8984,0.0000,0.0000,0.3576,94244564.1045,583290.4431,0.0034,0.0000
0.0000,0.0000,0.0000,1983967.0587,0.0000,16270.7466,59577516.1818,33818.2465,0.6526,0.0000,6938529.1699,101.8070,0.0000,16079958.4639,54482.0609,142.1674,0.0001,0.0000,1085.1360,9803756.1068,0.0000,130682.3058,63170056.9338,12.9045,0.0000,0.0012,383485.4365,0.0127,88906.6612,0.0000,0.0002,0.0000,74649663.3397,71877.3629,468855.7406,0.0000,0.0099,485165195.4098,8740573.5192,0.0000,0.0000,0.0000,3.3712,0.0000,0.0000,11.4396,2446.5732,5010.4895,0.0045,0.0000,0.0310,11947.3557,0.0655,0.0077,1067194.0595,0.0000,0.0000,0.0000,752.8937,0.0000,12.9744,0.0000,24212217.5263,8320.6433
0.0000,0.0000,0.0000,75968357.8990,0.0000,30356693.7192,175155262.7719,0.6705,53198.8633,0.0000,54330214.8004,0.0486,0.0002,411820393.5712,89983090.0806,493594.4638,0.0000,0.0032,858808.0954,24890.1330,0.0000,267823.9830,42913498.5056,0.0008,0.0000,0.0000,6551.7253,0.0001,4137813.0137,0.0000,0.0000,0.0000,211426.8566,10.0688,8253.0818,0.0000,0.1168,8740573.5192,485165195.4098,0.0000,0.0000,0.0000,0.0274,0.0000,0.0000,0.1782,5327292.0829,393588.8363,13.4325,0.0098,0.0000,4791802.7036,13221.3609,0.0000,168686936.4678,0.0000,0.0000,0.0000,0.0077,0.0000,8.3577,0.0076,326932187.8551,7644429.2477
73622997.6163,2837242.9310,4432274.4086,0.0000,13304.5403,0.0000,0.0000,376.4680,0.0000,41828461.7179,0.0000,99.6660,4.7891,0.0000,0.0000,0.0000,621025.3576,0.1372,0.0000,0.0081,938074.1268,0.0000,0.0000,868855.8762,12302991.1077,69745960.6708,0.0860,1936.5956,0.0000,37886533.6805,131369224.0589,149040.9696,0.0070,5.2881,0.1259,47236047.4941,29.3134,0.0000,0.0000,485165195.4098,83577.3727,2768875.2624,17.0407,121638759.4378,14156498.4550,2.2265,0.0000,0.0000,0.0001,0.1492,38162580.2400,0.0000,0.0000,195624972.5627,0.0000,49753546.1396,190030084.4358,5038.7335,11917.1579,3450430.4258,4.8052,0.6816,0.0000,0.0000
218006.5306,16267607.6563,71254992.6134,0.0000,180689.7831,0.0000,0.0000,0.0000,0.3851,26080366.6395,0.0000,0.0000,819.9687,0.0000,0.0000,0.9190,87329.4766,2397.1173,0.0004,0.0000,347.1451,0.0000,0.0000,29.4229,53040364.2587,213.9978,0.0047,0.0802,0.0000,3393053.5344,220305.7835,243748170.4777,0.0000,0.0000,0.0014,2333.8788,173244.7444,0.0000,0.0000,83577.3727,485165195.4098,67313700.4513,0.0002,3197718.9465,82461439.5739,0.0001,0.0000,0.0022,0.1841,2564066.7946,22.5802,0.0000,1.5762,950.8462,0.0000,39002249.7483,3624150.6998,566.0200,0.0002,850747.9531,361.5035,10045413.5280,0.0000,0.0000
13285635.3139,3672402.3492,19793900.4655,0.0000,954.5876,0.0000,0.0000,0.0008,0.0010,32232933.5193,0.0000,0.0001,0.6827,0.0000,0.0000,0.3473,162415.4999,0.9107,0.0000,0.0000,107.3519,0.0000,0.0000,71016.9581,15864936.3847,3368.1643,3.0716,0.0148,0.0000,138804717.7734,27629121.0317,11709977.7395,0.0012,0.0000,1.5717,8942.4832,2132505.7054,0.0000,0.0000,2768875.2624,67313700.4513,485165195.4098,0.0000,83657269.3276,154885304.2232,0.0000,0.0000,0.0016,0.0001,7786.1942,4420.7349,0.0000,0.0015,241764.3555,0.0000,57110712.8865,71690009.4172,6.5145,0.0189,214862.0551,31756.5293,123661.1968,0.0000,0.0000
0.2047,3.7145,0.1411,74.5210,4551.3447,3.0688,0.0043,719684.0111,0.0038,0.5152,289.0348,178071971.7875,29257.6974,0.0080,0.2629,0.0000,0.1942,221.7037,0.0964,160.2096,1208145.7323,2068.1806,229.1333,0.0049,0.9098,24324.8487,0.0000,129750439.2954,1573.5379,0.0017,0.0214,0.0220,0.0158,8977637.2506,0.0000,32146.6035,0.0000,3.3712,0.0274,17.0407,0.0002,0.0000,485165195.4098,0.0164,0.0061,377029609.0779,39.2688,0.0004,6999.2504,0.0001,2553.6302,318.0625,0.0081,19.5618,0.0001,0.2119,0.0618,1179231.6261,1329912.7778,318.2920,0.0000,0.0000,1.0816,104.6803
68887294.0650,2802394.7457,14121064.1009,0.0000,1855.5809,0.0000,0.0000,1.1914,0.0000,63014170.6029,0.0000,0.0876,0.4329,0.0000,0.0000,0.0006,2307125.2380,0.0702,0.0000,0.0015,9401.3000,0.0000,0.0000,1812191.7807,20804367.6896,1601988.5600,2.1580,2.6719,0.0000,194615010.2340,295679668.7620,1220819.8044,0.0095,0.0112,1.1418,1185411.5343,19272.6508,0.0000,0.0000,121638759.4378,3197718.9465,83657269.3276,0.0164,485165195.4098,115603195.8926,0.0027,0.0000,0.0001,0.0000,10.9870,710637.0512,0.0000,0.0000,32148382.9418,0.0000,104983588.6333,408421932.6740,76.0197,35.6945,645837.1587,1573.2792,198.9800,0.0000,0.0000
27186491.9193,48321150.4242,158915535.3651,0.0000,75459.0464,0.0000,0.0000,0.0039,0.0005,259902620.3219,0.0000,0.0035,59.0241,0.0000,0.0000,0.0036,482225.6968,18.4977,0.0000,0.0000,7317.7084,0.0000,0.0000,9071.6292,126910381.6550,123048.9779,0.0309,2.1908,0.0000,53730730.9971,20047853.7327,50751108.7352,0.0000,0.0001,0.0064,224162.3940,25604.0913,0.0000,0.0000,14156498.4550,82461439.5739,154885304.2232,0.0061,115603195.8926,485165195.4098,0.0013,0.0000,0.0000,0.0018,4407.4331,21724.8409,0.0000,0.0008,569466.6713,0.0000,264428991.3873,120740445.4346,1182.6909,0.3334,7873738.7108,213.7528,39708.4694,0.0000,0.0000
0.0380,0.8206,0.0320,496.0981,1468.3366,22.3250,0.0233,444950.8722,0.0256,0.0849,1676.2256,115756674.9204,22693.8129,0.0500,2.0385,0.0000,0.0899,151.0728,0.1636,377.2986,296777.3874,9529.5724,1176.3114,0.0014,0.1513,4247.7370,0.0000,61240423.8568,6120.7113,0.0003,0.0033,0.0058,0.0309,9270631.6692,0.0000,4863.8646,0.0000,11.4396,0.1782,2.2265,0.0001,0.0000,377029609.0779,0.0027,0.0013,485165195.4098,253.3891,0.0015,17180.5128,0.0001,438.3150,2004.5070,0.0330,2.9556,0.0005,0.0338,0.0088,445574.8325,677678.8026,76.6274,0.0000,0.0000,7.1008,672.3298
0.0000,0.0000,0.0000,88222519.5302,0.0164,361722267.3275,77833.1242,0.0256,3884143.6508,0.0000,29779928.5851,1.9836,95.3515,1373061.7930,181559316.1574,2547.5786,0.0000,745.4857,697664.2226,39.9035,0.0004,498883.1821,2184242.3418,0.0000,0.0000,0.0000,0.0171,0.4188,50534486.2994,0.0000,0.0000,0.0000,1.4941,5.1463,0.0214,0.0000,0.0001,2446.5732,5327292.0829,0.0000,0.0000,0.0000,39.2688,0.0000,0.0000,253.3891,485165195.4098,2706.4671,1973005.3776,5.6755,0.0000,343013571.2166,6044987.5676,0.0000,378671.0295,0.0000,0.0000,0.1755,0.0016,0.0000,0.0002,0.1874,8712093.6230,449625620.5214
0.0000,0.0000,0.0000,8229.6889,0.0000,13128.1080,195367.4842,0.0145,4731.5829,0.0000,6092.4727,0.0029,0.0006,367146.3020,51270.1333,345473.2806,0.1128,0.0178,1410.1472,76.1708,0.0000,23970.6005,5296.5949,0.0435,0.0000,0.0000,2386.6801,0.0000,13977.5863,0.0013,0.0003,0.0003,4627.2298,0.0201,34631.0903,0.0000,94.1018,5010.4895,393588.8363,0.0000,0.0022,0.0016,0.0004,0.0001,0.0000,0.0015,2706.4671,485165195.4098,0.5358,3.6982,0.0000,712.3909,2034.7589,0.0000,1316412.0425,0.0000,0.0001,0.0000,0.0001,0.0000,2631.5337,2.9349,64754.0218,2599.6014
0.0000,3.3273,0.2586,6344.9535,31493.1581,198379.3518,0.0578,0.0020,215549.2268,0.0203,1549.3300,38.4448,14913737.4954,2.1256,22547.5386,0.2819,0.0020,21673250.2298,289.5772,0.0023,74.5625,939.7933,31.2444,0.0000,0.2734,0.0027,0.0000,3983.7841,66755.9573,0.0000,0.0000,7.4266,0.0000,0.4034,0.0000,0.0805,0.0000,0.0045,13.4325,0.0001,0.1841,0.0001,6999.2504,0.0000,0.0018,17180.5128,1973005.3776,0.5358,485165195.4098,4822.8949,0.0001,1160825.1445,2376617.9353,0.0000,0.9506,0.0086,0.0000,92754.7886,0.0036,13.3994,0.0000,34.8932,38.1770,1096247.8627
1.7274,20159.7113,17313.3316,0.0030,16231.3186,2.8233,0.0003,0.0000,119384.7861,1131.3277,0.0003,0.0000,29903.9747,0.0048,2.1975,2920.0603,5.6626,733951.4510,9.4549,0.0000,0.6019,0.0005,0.0000,0.0001,12121.9109,0.0008,0.0002,0.0034,0.0114,34.7662,0.3389,2160794.2318,0.0000,0.0000,0.0002,0.0893,7259.6354,0.0000,0.0098,0.1492,2564066.7946,7786.1942,0.0001,10.9870,4407.4331,0.0001,5.6755,3.6982,4822.8949,485165195.4098,0.0002,0.3084,812616.4399,0.0008,0.2887,1590.6697,14.1768,82.8113,0.0000,920.8511,8.4310,121560052.9060,0.0007,1.0445
9015526.2732,23502.7837,5989.4418,0.0000,191.5184,0.0000,0.0000,412192.4493,0.0000,194064.7903,0.0000,36775.3970,0.4881,0.0000,0.0000,0.0000,1175.3238,0.0033,0.0000,0.5584,692626.0313,0.0001,0.0004,671890.9395,24893.2441,49973943.2301,0.2949,47742.9009,0.0000,447630.1064,3618660.9770,89.5739,1.0388,6726.1824,2.0573,19918747.7657,0.0864,0.0310,0.0000,38162580.2400,22.5802,4420.7349,2553.6302,710637.0512,21724.8409,438.3150,0.0000,0.0000,0.0001,0.0002,485165195.4098,0.0000,0.0000,97489111.2463,0.0000,150154.3877,1650162.2202,1893.8978,3624102.5491,166259.9781,0.1237,0.0002,0.0000,0.0000
0.0000,0.0000,0.0000,156000988.5002,0.0122,256180349.0235,125777.5135,0.3351,587657.6209,0.0000,71265718.0023,22.1947,51.7985,1388388.7650,114534650.5553,359.1700,0.0000,237.8089,188741.7732,374.6146,0.0007,1987627.4044,8137198.7342,0.0000,0.0000,0.0000,0.0281,2.5588,90677161.0244,0.0000,0.0000,0.0000,5.1280,87.0495,0.0170,0.0000,0.0000,11947.3557,4791802.7036,0.0000,0.0000,0.0000,318.0625,0.0000,0.0000,2004.5070,343013571.2166,712.3909,1160825.1445,0.3084,0.0000,485165195.4098,760528.6028,0.0000,215975.3355,0.0000,0.0000,0.2468,0.0320,0.0000,0.0001,0.0166,14115018.3999,405937722.1961
0.0000,0.0252,0.0096,22408.7737,4.1525,4534450.0801,112.1366,0.0000,130490885.3025,0.0003,2175.8777,0.0001,2950.7194,3781.6830,3118086.3831,239547.9107,0.0001,163723.3333,101854.8898,0.0009,0.0003,151.1821,46.2187,0.0000,0.0044,0.0000,0.0019,0.0025,24768.3428,0.0000,0.0000,2.1523,0.0006,0.0000,0.0014,0.0000,1.1591,0.0655,13221.3609,0.0000,1.5762,0.0015,0.0081,0.0000,0.0008,0.0330,6044987.5676,2034.7589,2376617.9353,812616.4399,0.0000,760528.6028,485165195.4098,0.0000,25818.2834,0.0003,0.0000,0.5900,0.0000,0.0059,0.0450,53925.4418,2882.8991,1970390.8743
24825097.3206,34226.4784,77184.1218,0.0000,86.2598,0.0000,0.0000,22207.3233,0.0000,1365262.0282,0.0000,536.4164,0.0321,0.0000,0.0000,0.0000,191907.1503,0.0007,0.0000,1.0279,84333.7790,0.0000,0.0000,17920350.9655,205727.6463,55840359.5885,8.3788,632.2399,0.0000,11625292.9507,112324701.2531,931.3830,2.4252,196.7957,14.9697,10161845.2195,18.4077,0.0077,0.0000,195624972.5627,950.8462,241764.3555,19.5618,32148382.9418,569466.6713,2.9556,0.0000,0.0000,0.0000,0.0008,97489111.2463,0.0000,0.0000,485165195.4098,0.0000,1822849.8800,38714440.9351,94.9401,265183.0962,61644.2640,28.4401,0.0077,0.0000,0.0000
0.0000,0.0000,0.0000,3206021.6827,0.0000,4087511.8893,143221198.9879,0.0076,123687.0533,0.0000,1490301.2925,0.0002,0.0000,230268212.8507,22563615.9336,20840780.1518,0.0000,0.0015,165479.6645,1771.2458,0.0000,13813.7466,1295567.4239,0.0067,0.0000,0.0000,116227.8734,0.0000,110654.8289,0.0000,0.0000,0.0000,173533.8798,0.0497,45102.1466,0.0000,47.1052,1067194.0595,168686936.4678,0.0000,0.0000,0.0000,0.0001,0.0000,0.0000,0.0005,378671.0295,1316412.0425,0.9506,0.2887,0.0000,215975.3355,25818.2834,0.0000,485165195.4098,0.0000,0.0000,0.0000,0.0002,0.0000,1911.9890,1.1701,40754368.0382,384112.6926
23809087.9881,94463945.0334,221995046.0954,0.0000,789356.7930,0.0000,0.0000,0.0390,0.0001,393373673.5569,0.0000,0.1433,577.4280,0.0000,0.0000,0.0001,1170610.8062,96.9165,0.0000,0.0000,241658.5614,0.0000,0.0000,4572.7305,325626704.6011,975452.7289,0.0023,101.5148,0.0000,52414572.5514,21302399.3993,61940005.7666,0.0000,0.0013,0.0015,3581550.6917,1228.2401,0.0000,0.0000,49753546.1396,39002249.7483,57110712.8865,0.2119,104983588.6333,264428991.3873,0.0338,0.0000,0.0000,0.0086,1590.6697,150154.3877,0.0000,0.0003,1822849.8800,0.0000,485165195.4098,175949428.8678,23832.8469,2.7532,28222297.7556,11.1754,5052.3043,0.0000,0.0000
81207422.1962,5920735.0611,26831881.4255,0.0000,7652.8774,0.0000,0.0000,1.6294,0.0000,111105328.1342,0.0000,0.2761,1.8107,0.0000,0.0000,0.0002,2148112.6020,0.2457,0.0000,0.0004,36705.1764,0.0000,0.0000,864447.7329,40886971.0483,3097738.7257,0.4839,15.5731,0.0000,234627733.3208,263154993.0224,2219522.7723,0.0028,0.0156,0.3687,3031093.8004,6083.8984,0.0000,0.0000,190030084.4358,3624150.6998,71690009.4172,0.0618,408421932.6740,120740445.4346,0.0088,0.0000,0.0001,0.0000,14.1768,1650162.2202,0.0000,0.0000,38714440.9351,0.0000,175949428.8678,485165195.4098,373.4497,57.4086,1772776.9319,387.4040,158.9636,0.0000,0.0000
262.8178,978438.5670,43851.3202,0.0018,124034955.2308,0.0065,0.0000,7.2142,0.0456,51114.7105,0.0018,36976.5004,68725937.3350,0.0000,0.0004,0.0000,82.3208,1970969.6210,0.0029,0.0003,66463998.6233,0.0718,0.0002,0.0010,245120.5651,94406.6050,0.0000,20107501.3331,0.1313,9.4213,7.8811,56759.6874,0.0000,36.9319,0.0000,2215584.3135,0.0000,0.0000,0.0000,5038.7335,566.0200,6.5145,1179231.6261,76.0197,1182.6909,445574.8325,0.1755,0.0000,92754.7886,82.8113,1893.8978,0.2468,0.5900,94.9401,0.0000,23832.8469,373.4497,485165195.4098,172.0148,8660634.2190,0.0000,1.2664,0.0000,0.1437
627.7979,0.8198,0.2830,0.3469,0.8926,0.0008,0.1205,156887707.9201,0.0000,6.0859,3.8450,22309771.0059,0.0809,0.0120,0.0003,0.0000,14.4880,0.0004,0.0003,31046.9997,20373.8732,7.4201,65.4913,7277.7989,0.6035,2771804.1295,1.7706,479406.7975,0.3282,4.8844,395.9921,0.0013,481.7522,61158726.1903,2.0839,80777.8280,0.0000,752.8937,0.0077,11917.1579,0.0002,0.0189,1329912.7778,35.6945,0.3334,677678.8026,0.0016,0.0001,0.0036,0.0000,3624102.5491,0.0320,0.0000,265183.0962,0.0002,2.7532,57.4086,172.0148,485165195.4098,35.8816,0.0006,0.0000,0.2178,0.0071
3175114.1873,258745527.6530,19967194.3087,0.0000,19100531.9139,0.0000,0.0000,0.4253,0.0015,57709221.1176,0.0000,29.7036,329239.7799,0.0000,0.0000,0.0000,2501.7876,9002.9174,0.0000,0.0000,11262390.6870,0.0000,0.0000,5.8763,57298162.2165,994957.5079,0.0000,49554.0277,0.0000,144961.8601,75175.0743,11611222.8408,0.0000,0.0927,0.0000,12817788.5745,0.3576,0.0000,0.0000,3450430.4258,850747.9531,214862.0551,318.2920,645837.1587,7873738.7108,76.6274,0.0000,0.0000,13.3994,920.8511,166259.9781,0.0000,0.0059,61644.2640,0.0000,28222297.7556,1772776.9319,8660634.2190,35.8816,485165195.4098,0.0012,157.2251,0.0000,0.0000
68.6897,0.0467,4.7830,0.0020,0.0000,0.0034,468.0094,0.0014,0.2658,3.2363,0.0016,0.0000,0.0000,51.7020,0.0546,255382.3315,247.3472,0.0000,0.1263,0.6717,0.0000,0.0016,0.0118,206487.6958,0.7807,0.0073,11242163.2708,0.0000,0.0001,14158.7508,5077.7341,2.5766,13032.3405,0.0000,2398222.3653,0.0008,94244564.1045,12.9744,8.3577,4.8052,361.5035,31756.5293,0.0000,1573.2792,213.7528,0.0000,0.0002,2631.5337,0.0000,8.4310,0.1237,0.0001,0.0450,28.4401,1911.9890,11.1754,387.4040,0.0000,0.0006,0.0012,485165195.4098,1892.6697,0.4275,0.0001
10.9412,7472.5320,73735.5780,0.0004,902.2539,0.2410,0.0021,0.0000,13063.4391,3741.7132,0.0000,0.0000,243.4025,0.0079,0.3881,24999.6941,170.6175,14387.4022,0.5875,0.0000,0.0193,0.0001,0.0000,0.0118,13422.5372,0.0018,0.0533,0.0001,0.0005,604.5051,9.5298,2018069.3100,0.0000,0.0000,0.0043,0.0181,583290.4431,0.0000,0.0076,0.6816,10045413.5280,123661.1968,0.0000,198.9800,39708.4694,0.0000,0.1874,2.9349,34.8932,121560052.9060,0.0002,0.0166,53925.4418,0.0077,1.1701,5052.3043,158.9636,1.2664,0.0000,157.2251,1892.6697,485165195.4098,0.0004,0.0356
0.0000,0.0000,0.0000,207851603.4597,0.0000,34958373.0197,119394539.7716,13.9442,11432.3881,0.0000,203400021.6212,1.9051,0.0005,253419588.8742,71181379.4429,22143.9187,0.0000,0.0036,334951.7464,124437.4994,0.0000,1180961.5060,188329342.3060,0.0005,0.0000,0.0000,1709.9382,0.0026,13964510.5807,0.0000,0.0000,0.0000,225154.7950,332.7208,1899.7573,0.0000,0.0034,24212217.5263,326932187.8551,0.0000,0.0000,0.0000,1.0816,0.0000,0.0000,7.1008,8712093.6230,64754.0218,38.1770,0.0007,0.0000,14115018.3999,2882.8991,0.0000,40754368.0382,0.0000,0.0000,0.0000,0.2178,0.0000,0.4275,0.0004,485165195.4098,15860597.5235
0.0000,0.0000,0.0000,150762159.1636,0.0084,344978176.1341,138320.7812,0.1322,1534740.8280,0.0000,62825441.6765,7.3306,47.4590,2008457.4272,171009777.6818,1145.9721,0.0000,270.2264,634113.4306,171.9097,0.0005,1166649.7669,6030925.2224,0.0000,0.0000,0.0000,0.0278,0.7953,87328139.4283,0.0000,0.0000,0.0000,4.6466,26.1058,0.0390,0.0000,0.0000,8320.6433,7644429.2477,0.0000,0.0000,0.0000,104.6803,0.0000,0.0000,672.3298,449625620.5214,2599.6014,1096247.8627,1.0445,0.0000,405937722.1961,1970390.8743,0.0000,384112.6926,0.0000,0.0000,0.1437,0.0071,0.0000,0.0001,0.0356,15860597.5235,485165195.4098
