485165195.4098,5159.0899,904624.7539,0.0318,0.1333,0.0323,9606.5013,0.0806,0.0000,0.0347,0.0033,0.0283,0.0012,1.7805,1.8568,0.1822,16.0685,0.3006,26.5346,13034.4174,67182.4899,0.0012,114.7593,0.0453,132126.4981,4.1104,110534.5306,18505.6516,5749.7505,18.7937,0.1110,0.0052,167.2574,0.0017,239.1546,0.0000,0.0056,0.0604,2508.2448,0.6565,0.0011,7138.1537,0.0000,1364473.5300,524.0938,0.0062,0.0007,0.2293,38.4199,0.0051,0.0010,0.0001,477.3165,220.7938,7.4459,33.7646,23.6396,54569.6159,26.6766,0.2606,145.1373,826430.6861,245.6281,0.3744,0.0638,0.2839,314.5054,37454.7496,0.0027,0.0329,0.0520,383430.5792,19.7815,0.0013,0.0185,6.0894,0.0116,0.0568,0.0001,0.0095,166989.0391,4.8720,41473.0146,13.7892,0.1706,0.0004,0.0000,0.0242,0.0116,0.2213,0.0157,0.0094,0.3992,0.0006,94.4588,0.0000,0.0001,0.0027,192.3603,0.0000,0.0000,0.2477,54.8435,0.0031,0.0094,1966.1456,1272982.3443,0.1074,955.8288,2549.5375,0.2882,0.0101,5277.4330,237.6551,0.0077,1945.0542,203.8609,3.3630,961132.1424,0.0000,1725.6044,3.8208,0.0084,0.1255,0.0119,0.0013,207.7933,0.0005
5159.0899,485165195.4098,0.1866,0.0010,100882.0343,849.8770,1422.8412,28.1296,1.2169,0.0002,1.6187,10.1146,454.8926,2562.6404,0.3311,347.7383,0.0141,4838343.4408,63936.7597,285113.7452,95.2605,0.0060,1129.6503,2.3109,136.3886,59327.1914,27599.7125,631962.9501,786164.8635,0.0001,14.1484,21609.4029,29596.2060,913.0826,34247.2206,0.0281,117.0329,9.7307,65348.9049,3.4047,0.0000,30690.4794,0.0173,86712.0411,132894.4996,0.0139,3.0344,3278.9978,2074.6622,0.0460,309.1998,0.0000,6.1973,2223774.7852,0.0029,140541.5920,4.0083,386862.1548,59517.7788,210.6120,77199.8274,79.3299,490.5346,0.2860,8.3440,7387.0101,717.3580,20766170.7860,0.0015,32.2481,0.0002,13.0208,0.0989,0.0000,0.0003,15197.2797,0.0371,9.4285,0.0000,5.2301,25879231.2714,12282.0800,26289534.0679,91607.6344,109.1804,4.9298,0.0023,9107.3305,0.2954,8.0037,53.4777,0.0121,0.0408,8.0041,2284660.8216,0.0000,0.0000,0.0050,10573470.7434,29.0597,0.0000,2286.8807,19.2343,10.2669,7.8526,113.0855,3293.7605,529.0774,392.6187,18903516.3510,1880806.0763,0.6887,0.0819,12323587.8884,3.8197,368.1956,0.1006,709.5176,317510.8310,0.0001,22176853.9598,0.0040,3361.9468,26392.6683,0.0000,20.3973,4832.2114,0.0008
904624.7539,0.1866,485165195.4098,0.0961,0.0000,0.0000,530.7936,0.0000,0.0000,0.0860,0.0000,0.0000,0.0000,0.0018,0.0183,0.0002,3224.3833,0.0001,0.0327,0.2857,24.0377,0.0001,6.9728,0.1494,29610.3683,0.0019,249.0181,143.3530,5.2549,875.8175,0.0008,0.0000,0.2238,0.0000,28.0166,0.0000,0.0011,0.0038,3.9355,0.0002,0.0991,2.3851,0.0000,424.4619,0.1183,0.0001,0.0000,0.0004,0.8832,0.0016,0.0064,0.5833,2.4450,0.0041,341.0762,0.0030,0.3308,0.3185,3.8337,0.0004,0.0445,262.5003,0.2481,7.4988,0.0000,0.0004,0.7942,0.6806,0.0003,0.0001,23.5179,82035.5927,2.7885,0.2288,0.0172,0.0026,0.0001,0.0133,6.1077,0.0000,32.5390,0.0009,48.6341,0.0046,0.0000,0.0021,0.0000,0.0000,0.0011,3.2308,0.0004,0.0635,0.0409,0.0000,0.0542,0.0022,162.9995,28.4395,0.0029,0.0000,0.0000,0.0545,0.0126,0.0000,0.0000,216.2959,2545.4868,0.0000,0.7523,0.7785,0.0006,0.0031,9785897.8657,0.0016,0.0000,1.5366,589.8196,0.0006,6699.5009,0.0000,0.1293,1.8184,0.0000,0.0000,0.0252,0.0342,0.6201,0.5874
0.0318,0.0010,0.0961,485165195.4098,7.7305,56.3979,2.4428,2.8165,2812.6257,604560.0560,134.3275,295.7374,16.1461,79.2090,99246.4567,7.0406,204.5676,0.7619,0.1396,0.9458,89.1445,990442.0854,0.1235,23.9717,113.3032,0.0238,0.9073,0.0003,0.0246,0.1568,1386.7814,0.0339,15.6804,25.4640,0.0038,37722.6970,0.0004,117636.7222,0.0699,74.9763,4547514.8410,0.0379,645723.3491,0.0009,6.2304,374927.5582,23840.1574,7080.2364,74.5207,250.3765,0.0001,1285.2576,207.8017,0.1083,9.5004,0.0001,2525.2342,27.6936,0.0111,13293.1769,0.1447,15.2743,1480.5621,12037.6831,319.4450,28.8616,0.0018,0.0002,90.5627,17616.7769,0.0001,0.0006,273.8824,977378.7213,13520.6056,0.0014,467934.0386,2223.4149,0.2387,6.9616,0.0000,2648.3980,0.0049,7.1194,1.5563,546.7007,120498.5455,0.0005,3475795.8022,0.0004,311762.2800,146382.3472,39045.3719,39360.7193,0.0001,111485.8500,6.5054,0.0001,0.0216,149.8121,210.2438,13.4957,48.2851,200499.5174,0.1641,9.1675,9.1331,0.4342,0.0000,0.0027,0.0001,21.1958,0.2408,1.5442,0.0573,20681.5222,37.0194,639.3610,0.0024,1307.7086,0.0702,4231.7509,38.7265,601.5066,91643.6333,0.4067,151.2173,141242.6742
0.1333,100882.0343,0.0000,7.7305,485165195.4098,4778.6256,915.4761,176432.2204,33953.8613,0.0793,38725.1620,9590.8025,80180.8746,86.4767,121.7941,12973153.3191,0.0393,1202668.5982,345696.3120,155736.4157,88.3202,4294.4870,3.9682,310.5129,92.0170,8070.5801,30.3426,630.5741,34.2335,0.0000,25.0215,674699.1469,2509160.9341,1823.8665,45981.8676,112086.3091,53.2912,5303.8821,189.2444,199518.0281,0.0138,292879.8708,619.0907,25.0266,5094.5082,97.2629,1929973.3917,41224.9330,73340.4426,33513.7892,3052.9338,0.0021,7934.7239,3628161.8465,0.0061,5864.2250,1182.7681,15146.1575,39803.6192,19098185.7109,4322.9432,454.7721,4619.9258,408.9956,87328.6333,1358006.9492,135.8063,54987.1533,5.1040,949190.4760,0.0000,0.0005,4.0450,1.1282,1.0724,7.8749,3058.0922,1493.1190,0.0000,1276028.2994,51.4598,2387.7402,6299.0864,2248420.0987,154712.3048,12477.6388,8240.0254,228.0242,757.5540,0.1375,143590.0533,2.8483,0.4269,34868.9957,34575.1844,3.7069,0.0005,0.0000,16209603.7597,818225.4349,0.2997,82599.7720,1685.1655,1006842.8340,244206.8594,288.5761,33.4039,229740.0910,137.1628,4311.1199,97745.7064,49.9855,0.0002,4346983.3224,1741.9261,7083.2314,0.0127,6357869.6575,9.0295,207.0421,106847.6473,46.9163,56572606.5126,2737163.0024,0.2741,22.0885,26.0914,7.3743
0.0323,849.8770,0.0000,56.3979,4778.6256,485165195.4098,0.1079,98.0414,255.8972,173.6035,174.1181,119548.6407,491.7685,4274.8850,85.0332,42.8349,0.0032,3529.0723,0.7059,1869.2710,1.5884,799.8398,61.5248,0.4529,0.1031,4469.4631,1.6250,0.2425,106.4275,0.0049,5564.5602,27326.1800,161.8423,2864.8011,0.0236,31.2292,5.9559,311.5742,4.5050,148.6336,9.3017,0.5995,43037.4567,0.0870,13911.0385,13866.0686,27917.1671,1056.6445,5.5092,1.2520,0.0126,0.3600,0.0724,15464.0107,0.2217,648.5733,0.1425,1875.7550,5.9024,2067.2283,24.6386,0.1069,3918.0010,0.0411,82148.1820,200.7066,19.2537,64.5231,35.3421,3167.5374,0.0022,0.3133,0.0531,0.0872,1.4717,13691.5022,29825.2818,616.4432,0.0005,31.7206,8.0389,88289.7177,2.3180,711.1089,8548.0801,63.3699,965.4477,105843.8053,2986.1443,0.1392,290.4581,0.3247,27.4703,82572.5764,1.6159,12.1626,0.0000,0.0026,1966.5603,983.9633,8.0214,1.1591,69.2030,10269.9403,44.1008,0.3064,7.4343,24633.1709,0.1858,21.4137,1677.7465,0.0206,0.0000,21852.8431,511.8599,954.4077,0.0793,3428.4083,2.3082,0.2024,9680.2077,0.8806,293.2029,122699.6197,55.4927,0.0206,2456.9600,0.1924
9606.5013,1422.8412,530.7936,2.4428,915.4761,0.1079,485165195.4098,4899.3489,8.8436,0.0675,23.7220,0.2569,33.6597,80.0847,52.3552,12377.7864,930943.0435,212.4396,65201.4564,35449.0200,141204.6409,9.3028,0.0914,0.0018,151409.9744,0.2557,11.4079,1155746.5345,5220.0122,0.0000,3.4986,0.0364,185151.4731,2.6832,4052.1650,159.9467,0.0000,883.9004,121.1625,1136.7819,0.0228,36532.3918,0.1389,152.8086,953.7813,0.0007,3.7386,28.6287,1313.1939,7.3626,153.6703,0.0155,110929.3647,1504.1122,0.0018,884.1127,9128.5056,1123.4874,2474516.6589,86.4966,621169.7054,29264.8262,33119.8994,6456.6950,3.3175,2819.9609,0.0701,41117.6720,0.0078,76.4995,0.0009,0.0250,298032.6272,0.0788,0.3043,0.0006,0.0209,0.0456,0.0003,1133.2950,41.8968,0.9614,91620.5894,2795.0046,1.0694,7583.4619,0.6422,0.0001,11.3099,79.1317,507.0688,1435.4459,8.7914,2.4036,1887.6632,0.0071,0.1294,0.0000,7634.5476,0.4923,0.0051,62350.9822,11249.4648,3.8701,10.6461,26701764.0619,4588240.6822,12.5410,93.5134,40455.8790,1.1851,0.4426,70159.3160,464.4188,11.5428,224668.6233,0.0321,208.8689,151.9742,0.9191,16362.2316,48341.4936,1504.0755,1.4935,4.2660,0.0670,12.4275,223.2749
0.0806,28.1296,0.0000,2.8165,176432.2204,98.0414,4899.3489,485165195.4098,214911.5500,6.8001,184908.5946,72571.1086,115476.9062,1254.8976,3980.0574,9144456.4924,17.9072,2303.7991,13578.4321,80092.2562,1509.6619,105491.9603,0.0434,0.3788,4.9804,311.1788,0.4064,738.3216,2.3480,0.0000,1256.8501,44217.6534,117565.1688,5095.6918,397.8714,177074.2098,0.2397,19112.7710,122.2838,8628915.1744,2.5071,25238.7358,299.0257,5.0030,3051.9743,9.5391,363976.7341,2068.7099,521.0752,4900.3636,386.4067,1.1177,479222.7848,7237.5284,0.0010,12555.0491,6442.2847,618.0784,424.1045,43147.5541,35110.9593,1398.0873,66120.0418,128.6724,3011844.6701,1179678.9254,97.0063,3448.6450,31.7405,103139.3426,0.0001,0.0001,40276.1010,0.1846,4795.1172,0.0877,542.5092,0.2123,0.0003,28521612.4399,0.4853,116.2929,41.8733,3156.6252,591974.5136,8840.5144,23329.3182,0.6802,472.5838,3.1001,12498.3533,146.2705,769.3805,4005.3105,8241.4399,1.9571,0.0031,0.0000,154683.2157,140203.2267,63.9129,27321.2488,4463548.3961,11245.6776,2981652.4501,1703.0474,608.2729,1124839.1043,109043.6416,656.7480,178.0326,1615.4173,0.0013,14981.0481,2008767.1764,6115.4713,0.0362,57128.7699,0.2495,5267.2098,2805.9516,60632.4768,2712736.5152,904.6343,1157.7738,0.1070,1.4852,56.0086
0.0000,1.2169,0.0000,2812.6257,33953.8613,255.8972,8.8436,214911.5500,485165195.4098,1422.0025,3324104.7698,70996.6476,6812148.5124,16887.3768,2938.3085,70369.1235,11.4378,82103.3585,1232.8223,65.4051,16.9498,508202.9838,0.0002,1.6689,0.2886,36.3857,0.0034,0.3462,15.4126,0.0000,11760.6295,3448.9565,707.3410,1183089.6571,5.6354,3344753.4938,0.5225,1131471.1240,6.2952,10763.5959,55.6786,8.3059,3285373.9519,0.0048,76.2108,963.9871,85371.7997,2076632.5747,794.8817,10275.7316,432.8633,136.3359,404.7541,40.2912,0.0001,6.7301,2342.4711,9.4483,21.3548,12099.3511,1616.6098,0.2381,458.6716,20.9311,6310.7643,65302.8414,0.0087,1.4208,59.7935,1171443.4411,0.0004,0.0000,44.5504,1095.9455,7562.1026,0.0085,8356.9350,171.0113,0.0684,252859.4122,0.0006,3269.3010,1.7867,1182.7369,838.8893,497368.9153,359732.0888,5.4096,2134388.7914,0.1167,2488188.7177,235991.4023,16185.3043,11633956.9303,63.2406,14309.3284,1.3708,0.0013,96.5750,3839794.8296,75389.7630,80155.0555,3724.8317,1329670.3666,7567.1449,3.9729,0.3723,9458.0463,0.0781,18.3999,22.9335,118935.9166,0.0003,185.6593,1820.7748,247.8895,0.0014,10954.7567,0.0003,2720490.3827,112.5050,21.4111,2073659.1744,13801.8297,14749.9903,528.1903,4.0050,3471.7701
0.0347,0.0002,0.0860,604560.0560,0.0793,173.6035,0.0675,6.8001,1422.0025,485165195.4098,12070.3174,47972.8187,951.7319,2444.9008,2524123.4270,0.2110,25.3360,0.0603,0.0007,27.7704,175.8223,2076489.8036,0.0004,0.1544,285.5044,0.0023,0.0222,0.0003,1.5472,2.4881,218470.4764,0.2114,0.4441,1011.7380,0.0012,705.9450,0.0002,268879.5742,0.0680,2.9706,1170294.6974,0.0031,726012.9632,0.0044,341.5859,312304.8904,135.9858,3633.4457,74.9825,0.5314,0.0000,22057.2916,12.6606,0.0025,0.1116,0.0015,3832.5416,5.9528,0.0052,9.2204,0.3266,1.8163,26932.7718,7.2131,77.1753,4.3207,0.0025,0.0015,3891.0303,1060.6844,0.0216,0.0067,6.5600,21760.1125,716660.6581,0.0012,251964.8785,0.4112,9.2891,4.8579,0.0000,991.8946,0.0021,0.0012,0.2743,554.6169,304.2148,0.0760,4592297.9608,0.0000,7275.1808,96380.2958,956701.9705,458334.1813,0.0010,437776.0413,1.7955,0.0786,0.0050,488.3227,1914.9267,0.3089,11022.1857,139.5626,0.2538,0.9470,2.6937,4.5998,0.0009,0.0026,0.0006,1458.0920,0.0226,0.0588,207.5473,24659.2003,1.2146,13.1724,0.0018,529.4400,0.5943,81.7353,0.5615,66.0667,3233855.0612,0.3037,0.1568,73.6327
0.0033,1.6187,0.0000,134.3275,38725.1620,174.1181,23.7220,184908.5946,3324104.7698,12070.3174,485165195.4098,155045.4308,722526.6024,711.4000,13633.6615,498353.3640,2.2750,839.2023,2650.3908,5627.0668,2241.9585,1509978.6932,0.0000,0.7643,476.5422,1.9497,0.0114,0.1460,29.1142,0.0007,501.0054,1482.5988,1278.0936,13154.7087,268.7966,285216.9437,0.5167,83205.9921,0.8519,49313.3591,70.3358,3269.7721,410925.2709,6.6257,191.8635,18749.7940,18255.3127,115286.0325,9958.9138,84801.0563,20.4330,5.7201,29602.7632,56.3359,0.0001,17.3425,37173.0646,236.9227,36.0341,21394.4274,93.0340,415.6315,1743.2915,0.9930,3254.5172,2464.6583,0.2146,22.3377,13790.3729,905287.9478,0.0015,0.0000,7.0829,4843.9485,14131.2920,0.0010,136804.8430,12.1279,0.0015,1074753.4837,0.0048,59.2426,1.9006,154.4277,553.6362,12174.7479,11491.9025,11.6185,1126172.2130,0.0001,119895.4984,9109.8742,602.5476,3735939.0209,137.2170,62528.0004,0.1278,0.0008,345.6878,2260224.9736,515.7971,357.6478,152309.6605,73793.1396,125924.5563,4.7231,2.1694,104519.7357,3.0295,0.9183,1.7290,76036.8163,0.0003,50.7367,14439.1137,5353.0365,0.0009,561333.5168,0.0010,104617.9699,171.2904,14.2481,941382.3340,12129.7414,5481.6353,111.0548,0.0083,1.4049
0.0283,10.1146,0.0000,295.7374,9590.8025,119548.6407,0.2569,72571.1086,70996.6476,47972.8187,155045.4308,485165195.4098,70142.4868,80371.4536,100915.5817,690.6369,0.0109,3212.8433,2.8922,16429.7295,4.3288,224534.5859,1.0181,56.5011,12.7417,30815.4887,25.1992,0.6275,14.1311,0.0000,232297.9425,59548.8578,13079.7721,60169.8123,28.2805,14143.6641,25.1442,454790.4198,10136.0089,1648.1272,28.3767,14.2236,13770.6067,1.0404,132448.6162,5841.5794,100837.1302,317642.3693,63837.9738,319.6498,0.0245,427.8866,171.4754,125.5935,1.3367,1.7704,505.9978,553.0298,0.2039,22582.6330,30.6756,35.5243,110162.0455,3.0365,476370.4990,236243.9216,985.4047,45.0500,5.3161,52509.3370,0.0000,0.0389,0.5242,3.0789,315205.1513,4.5177,149057.9916,12.7237,0.0003,2005.7720,0.3113,807354.0607,5.3286,16.1203,561052.2412,111.0967,594.6518,39.6988,189122.3352,0.0003,24145.7956,15.9669,139982.0976,2246139.8754,125.4062,1251.0704,0.0013,0.0319,2851.8997,93466.3018,6.1731,2141.8685,98998.8640,70506.7120,278.5775,0.6565,20.3945,10002.0853,102.8731,17.6256,588.1069,6711.0206,0.0000,17393.8389,18636.9479,3706.6660,45.0023,14780.0376,22.4722,241.5140,3569.9222,38.3264,5211.2203,8148.1925,38193.8439,1.2332,21.0065,1.9743
0.0012,454.8926,0.0000,16.1461,80180.8746,491.7685,33.6597,115476.9062,6812148.5124,951.7319,722526.6024,70142.4868,485165195.4098,446951.9824,105577.1733,31467.3030,1.6113,283890.6381,140.0483,29471.0708,69.2106,99161.6398,0.0012,0.9053,12.7801,10.7518,0.0667,99.8182,3293.6074,0.0000,175267.8317,33458.7340,358.9368,13736496.8572,92.7583,22289.3619,0.4141,2657939.6865,68.6194,349.5723,0.3634,19.2876,94046.5509,0.0993,28596.8476,143.5181,3844.4114,990734.5561,9364.6753,3.7656,98.4939,2.3770,93.1469,427.7262,0.0000,274.6983,75699.8969,847.5709,416.4583,1517.2323,114880.7268,0.1294,42984.3870,4.5800,710.3955,278965.9453,0.0149,1686.2109,165.2777,407449.8508,0.0002,0.0000,33.7183,2.8864,2818.1222,0.0494,588.7962,0.1019,0.0077,61569.4681,3.3659,16325.7357,1289.4372,54.2115,100.5869,1448497.4012,178.0583,151.8073,111470.4646,0.0154,1005332.0360,48887.7795,13497.3362,4633222.2810,11316.6555,159.1755,0.0151,0.0072,4622.6370,7535866.7678,1330.2594,39234.5834,48674.0271,4408.6835,11515.0467,12.5393,1.5767,2755.9109,0.8538,7584.0983,1496.5127,37305.7221,0.0005,11197.1116,102308.8861,10249.0815,0.0001,823.1394,0.0319,16373.5146,32601.8558,0.9061,735161.4005,52560.0555,439.9852,991.3150,0.2170,21.9533
1.7805,2562.6404,0.0018,79.2090,86.4767,4274.8850,80.0847,1254.8976,16887.3768,2444.9008,711.4000,80371.4536,446951.9824,485165195.4098,197644.5043,9.3694,13.2401,164575.0689,20.5557,6737.7230,25.1882,1244.8756,1.9931,0.5871,12.5103,367.7857,340.9671,245.5048,71258.6832,0.0001,41324344.8838,1048.7966,129.7436,34465411.1906,1.7601,16.6401,0.2523,3108751.4744,70310.3511,0.6376,0.2476,1.1576,1038.7050,13.1084,785740.7723,7.8789,32.1233,2252872.4760,9072.1977,0.0060,0.1499,123.8818,29.2672,8.9891,0.0002,26.9119,6900.7382,20140.8240,5.5005,7.1875,122350.1555,1.0924,449257.2525,16.0423,165.2595,167048.6811,0.2682,431.5530,0.0963,787.3800,0.0000,0.0013,172.9286,0.0165,10572.4927,4.5366,10.4151,0.0188,0.0375,9.2953,107.1856,2299533.7010,13070.8897,1.7396,19.1096,1155.1906,0.2970,10.9383,41749.4735,0.0229,305213.7003,33624.1514,2262923.7954,132454.3285,17661.8602,0.8866,0.0004,0.0073,876.2259,4267.4608,2.0740,23698.4786,90672.9245,61.8200,1.0021,147.4127,328.2788,13.6054,3.1590,228077.9485,429.1646,14304.1137,0.0113,32488.9208,1684.9306,25472.6553,0.9272,3.8671,62.3913,5.9446,135782.7705,2.9087,401.4421,1899.7151,118.6872,283.5672,1183.5676,6.8975
1.8568,0.3311,0.0183,99246.4567,121.7941,85.0332,52.3552,3980.0574,2938.3085,2524123.4270,13633.6615,100915.5817,105577.1733,197644.5043,485165195.4098,244.7474,13.7650,9.2044,0.5673,8833.2515,1272.1794,7812256.9959,0.0498,5.5890,3791.8634,0.0349,25.7596,0.3935,7.3602,0.0062,2734512.9026,54.9441,61.6910,60883.8979,0.5829,7797.6051,0.0026,9738116.1474,32.6211,110.7199,12660.9906,2.5525,17865.2425,0.3469,29677.0440,28225.8469,5322.0074,26961.3409,30181.1963,0.7120,0.0001,234.4201,7846.7685,0.3853,0.0210,0.0673,13320146.9356,6253.4693,0.2378,1690.3001,380.5128,223.7536,5898790.4729,5426.1106,4324.8647,33074.4651,0.0576,3.9277,2555.7820,35077.4367,0.0000,0.0004,11884.6320,308.9089,4138225.9609,0.0028,62017.9347,0.0042,0.0214,703.2087,0.0332,23974.9838,9.1627,0.0288,27.2756,3068.5530,50.2637,0.0170,403692.0341,0.0000,790902.0762,190210.6391,2054080.0282,144172.2848,9.0037,3927.0277,0.0143,0.0003,38.3963,50711.8986,23.5144,188.8756,2712068.7183,349.2765,103.1300,351.2432,62.3932,12.4356,1.3192,10.3316,0.0605,5280.9587,0.0142,612.7598,16139.4060,4050367.1760,2.1902,191.5145,0.1703,462.1172,101.9246,7818.0042,422.2158,3154.6336,29020.6518,4.6510,0.1471,125.3162
0.1822,347.7383,0.0002,7.0406,12973153.3191,42.8349,12377.7864,9144456.4924,70369.1235,0.2110,498353.3640,690.6369,31467.3030,9.3694,244.7474,485165195.4098,3.1897,4995.0694,989598.7242,76540.3302,5470.9238,69732.4213,0.0131,19.4370,231.7111,31.7613,1.1216,118.5288,1.0716,0.0000,2.1441,14793.4227,123414.3014,127.9114,19303.9608,260258.5683,1.5118,1543.7496,2.1334,14475178.1695,1.3006,3151013.4160,507.6194,56.7073,70.6646,141.3815,1514067.4927,1519.2872,2572.2852,362436.8391,3490.5504,0.0068,2854054.5804,197043.6268,0.0007,4698.3330,18644.3751,11153.3593,6617.2671,5124791.2756,1668.8191,11522.2254,3093.4707,410.9769,104405.9206,63589.1388,40.2415,3472.8754,495.8234,2939015.9969,0.0000,0.0001,2318.4755,29.5580,34.8402,0.0211,3337.2636,49.5742,0.0000,78396939.8675,0.6353,5.9782,299.3004,421562.2523,86436.0704,12223.7145,85299.0119,2.0071,585.0861,0.2196,44806.8478,41.4325,0.5130,3237.0918,5597.2091,12.6533,0.0068,0.0000,360949.1925,423060.7245,2.8767,7584.3295,48180.9952,233948.0151,13468299.6955,1226.5757,68.5194,534634.5960,2248.6356,118.3205,71.1026,122.2066,0.0030,30563.0655,13615.1901,9659.5640,0.0017,9664766.5101,0.0539,4337.9840,1847.1492,5294.5652,77663268.6763,20682.2765,3.4218,3.6011,0.2178,41.7810
16.0685,0.0141,3224.3833,204.5676,0.0393,0.0032,930943.0435,17.9072,11.4378,25.3360,2.2750,0.0109,1.6113,13.2401,13.7650,3.1897,485165195.4098,0.2084,3.1363,3.7494,1131.0880,16.3166,0.0007,0.0003,1121.4310,0.0005,0.0054,1400.8626,57.5293,0.0117,11.0814,0.0000,54.8632,0.6334,0.4602,37.2734,0.0000,718.7332,0.3305,3.1125,32.9049,1.5410,6.5903,0.0314,1.7737,0.0008,0.0408,2.0342,2.9448,0.6663,7.7276,158.7968,528.3796,0.0368,0.0013,0.9606,139.3924,0.1144,3264.7021,0.0438,4246.2051,17.5024,238.6393,846.1195,0.0115,2.8435,0.0000,0.4775,0.0076,0.9416,0.8655,0.0013,68728.0171,6.2813,6.2372,0.0000,0.0039,0.0243,57.7946,10.1413,0.0024,0.0080,5.8245,1.0330,0.0004,16312.8971,3.2140,0.0000,78.8073,562.9048,116.1191,401716.1499,1033.0736,2.6570,0.2726,1.0540,1966.1081,0.0014,0.0351,0.0095,16.4590,1084.5477,124.9681,0.1648,0.0205,734877.2436,18175.4825,0.0191,0.0272,20.9297,0.0007,2.3173,2953919.4995,0.0055,0.7276,1040.3304,0.0186,0.0477,0.0773,64.5571,1.7122,9414.4431,1.0693,0.0012,1725.3946,0.0982,7.5386,34520.8989
0.3006,4838343.4408,0.0001,0.7619,1202668.5982,3529.0723,212.4396,2303.7991,82103.3585,0.0603,839.2023,3212.8433,283890.6381,164575.0689,9.2044,4995.0694,0.2084,485165195.4098,100379.4687,35641.3332,7.4345,8.9571,11.5905,17.9528,4.7826,178106.8284,162.1567,20167.2646,124579.3102,0.0000,3737.7094,272548.1431,158239.9505,957696.1236,6406.8038,146.6962,63.7563,19038.7385,43365.1106,34.6471,0.0000,1585.6082,182.1432,161.1817,90059.3823,0.3678,1111.6779,5712377.6022,20715.2670,6.2519,5907.9164,0.0241,13.8492,258809.0719,0.0001,10410.5491,21.7321,15614.8557,22902.3766,6089.1416,169408.4426,1.3003,1832.6429,6.6260,250.9490,879368.2712,21.2901,117569.8804,0.0021,6208.3064,0.0000,0.0008,0.1227,0.0050,0.1354,387.3053,2.4743,454.7556,0.0000,570.4901,5738.3138,292763.3184,720383.4234,275134.6674,628.0492,7653.9312,11.3706,3083.8713,1359.7465,8.7876,159818.4244,29.6036,44.2103,51225.1439,1170817.9667,0.0143,0.0002,0.0039,2170548.1958,50318.2007,0.0905,1123199.3062,120.1561,14825.3017,50.0157,60.0047,89.1846,4866.5821,6.4598,3851108.9287,2739204.0351,2328.9212,0.0022,6188347.4611,62.3670,333.6465,0.0292,5707.0992,574.4445,5.0378,6684872.7745,0.0210,688618.6959,474730.7994,0.0343,2078.6206,18537.6890,1.1483
26.5346,63936.7597,0.0327,0.1396,345696.3120,0.7059,65201.4564,13578.4321,1232.8223,0.0007,2650.3908,2.8922,140.0483,20.5557,0.5673,989598.7242,3.1363,100379.4687,485165195.4098,2572.3904,2906.2177,4.4118,1.0010,1.6767,235.0876,653.4857,759.2364,1432.8350,232.5539,0.0000,0.2251,2358.7053,60816.7909,36.0006,104711.2601,892.4002,36.6024,29.8654,493.4011,15988.1428,0.0006,3312233.0972,0.5437,35280.2807,68.7822,0.1459,405.2323,3791.5983,3747.3152,20280.6257,47432.6168,0.0018,101296.7875,17148.6975,0.0037,4266.1629,401.5112,5587.1283,31824.5118,12476.8771,2216.7654,19993.4111,20.3417,199.7521,61.9624,25219.4279,297.6276,8895.8360,0.0843,5259.2117,0.0002,0.0288,270.4208,0.4339,0.0903,2.1931,3.1590,422.2207,0.0000,31135.9268,168.3129,20.9586,25097.7997,597339.2913,2418.9480,36.4704,41.2657,2.6166,12.2670,4.5063,1128.0465,4.8082,0.0219,14.9980,69661.9581,0.0432,0.0033,0.0000,418701.2274,574.6717,0.0068,53983.9497,475.2509,2955.8546,2271.1636,3078.3296,914.5782,10531.4398,3090.1951,8385.0791,645.8850,318.9947,0.2645,20865.7161,6.6187,131.3607,0.3523,199762.7979,40.7881,14.2935,9118.1937,70.0392,1344179.2069,3447.3858,0.0027,189.7248,28.0073,2.2412
13034.4174,285113.7452,0.2857,0.9458,155736.4157,1869.2710,35449.0200,80092.2562,65.4051,27.7704,5627.0668,16429.7295,29471.0708,6737.7230,8833.2515,76540.3302,3.7494,35641.3332,2572.3904,485165195.4098,659509.8427,944.7848,0.6705,0.1124,136098.1790,294.0648,246.6884,124713.3419,111274.3196,0.0001,1291.1632,3749.7109,695321.0113,761.0563,10068.4975,13.5373,0.0098,11581.2324,2316.8184,17563.1142,0.0081,245790.9078,16.2119,10927.1886,5115420.7383,16.6105,954.3030,23309.6820,31716.1721,1.3338,0.1910,0.0004,29220.3242,2000023.8125,0.0004,98452.6832,8502.7447,5224820.3573,32196.3568,17773.3439,276936.6984,51310.7634,6969118.4399,1.8994,7710.5270,34484.4276,287.0360,9249527.4333,2.7555,29590.5782,0.0000,0.6878,38.3588,0.0080,6.1759,4.8013,256.7787,0.6839,0.0000,13360.6689,19152.0753,12436.0315,389171.3428,14935.1405,1821.7253,1162.3958,1.2284,56.5133,1059.5894,0.0502,3395.5991,4.9914,105.3310,5016.0254,43578.6970,0.0069,0.0000,0.0000,4473656.8948,1106.0413,0.0007,1222.5598,898795.6746,328.2721,2029.6426,7593.3721,474476.7805,89406.3647,2399.4229,229176.5226,2272.6769,22.9086,0.0477,2211268.6987,11135.8435,4688527.9461,0.0172,176638.7756,4381.5253,0.0111,21106234.8253,39.5488,35116.1665,49781.2935,12.2805,0.0221,87.8463,0.0167
67182.4899,95.2605,24.0377,89.1445,88.3202,1.5884,141204.6409,1509.6619,16.9498,175.8223,2241.9585,4.3288,69.2106,25.1882,1272.1794,5470.9238,1131.0880,7.4345,2906.2177,659509.8427,485165195.4098,380.8811,0.0010,0.0001,120850.9242,0.0467,3.7256,295.4567,11224.7085,0.1991,7.7247,0.1687,2251.9904,0.9351,6.3099,10.3770,0.0000,188.7462,1.4862,86107.6413,6.1187,23605.1095,43.1918,2003.3176,1529.7076,86.8140,7.5124,286.1639,23.4571,11.9259,0.0040,0.0001,122073.3014,5542.4541,0.0004,2546.2304,14023.7026,192066.6434,812.9383,222.3321,24406.1756,1279840.5894,26293.7072,0.3942,130.1484,8.5650,0.1698,8161.9095,98.7127,8357.9385,0.0237,0.8233,6929.0881,8.2397,2.1377,0.0306,533.4017,4.0402,0.0001,2774.6262,10.2354,23.5093,238.7204,4248.6670,2.9311,52.4006,10.6621,0.1931,2024.8724,0.0719,108.2596,634.9078,41.1333,96.7298,3.0715,0.0827,0.0001,0.0000,425.3438,1.4746,0.0234,2.4788,153966.1139,111.9034,243.0733,16660.3792,1711279.2003,4459.6211,15.6123,128.4622,0.0098,2.0539,22.6375,108.9420,11.4293,1534503.0562,0.0041,29266.6121,2.2241,0.0159,3887.3916,1110.2130,387.5800,293.3979,616.9577,0.0003,28.6732,0.2063
0.0012,0.0060,0.0001,990442.0854,4294.4870,799.8398,9.3028,105491.9603,508202.9838,2076489.8036,1509978.6932,224534.5859,99161.6398,1244.8756,7812256.9959,69732.4213,16.3166,8.9571,4.4118,944.7848,380.8811,485165195.4098,0.0011,22.6494,303.8136,0.0449,0.0522,0.0037,0.0257,0.0017,43318.1825,188.5918,213.9979,6557.6700,0.6852,2893894.7602,0.0075,3480729.9350,0.0698,50036.0723,847378.8759,19.2558,4212380.4475,0.0086,362.5553,1388648.0406,3603346.0212,25397.2282,2110.3240,2936.3063,0.0097,1095.3357,53611.7900,3.0735,0.0126,0.1146,322787.8789,246.0589,0.4903,295792.5000,5.9420,54.0146,226030.5526,3757.4662,108009.7180,8786.9383,0.0546,0.0502,65497.7067,2983185.8685,0.0000,0.0000,2286.0753,77479.9897,1825940.0857,0.0003,5873411.9280,4.9400,0.0173,282465.3543,0.0000,640.4308,0.0341,4.4278,914.7585,93624.2636,935135.7561,0.0421,6886667.2867,0.0001,3064447.7315,146512.9907,48912.7674,3141841.7539,0.2497,699496.7962,0.5643,0.0001,15.1058,1609521.8719,5112.2520,123.5487,373538.2425,287021.0170,11953.1451,25.1253,2.0576,2884.7670,0.2183,0.0337,0.0213,3579.1658,0.0005,55.3316,30382.6917,296702.9426,0.0938,62548.3132,0.0002,311491.4710,5.6299,27328.8166,75884.1765,11466.2372,214623.6811,2.8486,0.0583,7378.5802
114.7593,1129.6503,6.9728,0.1235,3.9682,61.5248,0.0914,0.0434,0.0002,0.0004,0.0000,1.0181,0.0012,1.9931,0.0498,0.0131,0.0007,11.5905,1.0010,0.6705,0.0010,0.0011,485165195.4098,368.1341,0.0114,27225.9817,288918.5957,17.8975,0.0632,0.1084,1.8188,260.8802,8.2633,0.0867,1.0780,0.0066,3375.8766,0.0278,4497.8166,0.0289,0.0050,0.3451,0.0001,9.7776,189.9069,0.0186,4.0451,0.1123,0.6683,0.0071,0.1096,0.3903,0.0132,37.4892,66113.0380,3.6342,0.0017,16.0576,0.1267,4.0853,0.1050,0.2820,1.2391,92.1455,20.2294,62.0413,102051.1867,12.2281,0.0001,0.0074,0.0024,12524.5751,0.3485,0.0000,0.0161,348818.3357,0.0372,8.5137,0.0194,0.0012,5159.2205,1304.6881,51.5149,7.1367,1448.4695,0.0004,0.0142,9.9484,0.0002,103.1470,0.0183,0.0000,0.0246,0.0006,7.6876,0.0001,0.0012,5.9366,455.1669,0.0044,0.0002,4.0383,0.0180,0.2651,0.0034,0.6806,8.5755,0.0679,449.8236,212.4913,4764.7984,0.0031,0.0398,4039.1542,0.0695,0.0655,196761.6065,0.0702,270968.9546,0.0001,37.3815,3.2317,0.0276,3.4548,0.0003,0.0451,10414.4358,1.1376
0.0453,2.3109,0.1494,23.9717,310.5129,0.4529,0.0018,0.3788,1.6689,0.1544,0.7643,56.5011,0.9053,0.5871,5.5890,19.4370,0.0003,17.9528,1.6767,0.1124,0.0001,22.6494,368.1341,485165195.4098,2.2712,202.5984,5328.6130,0.0227,0.0003,0.1109,0.5309,135.7629,7.0337,4.0247,5415.7396,8.2043,179822.1699,8.8219,79.7451,0.0776,1.6776,44.5745,0.3128,16.3641,0.0588,56.7931,2203.2408,50.0936,14557.5334,311.0919,7.1902,63.3641,33.7427,0.6141,1092.9800,0.0001,17.7327,11.6605,0.0032,8975.3162,0.0002,1.7010,0.2311,2824.2665,3.1367,125.0290,1581.5338,0.0206,0.1942,32.5604,0.0000,0.5203,0.0035,199.1778,199.5632,0.5009,24.9608,74.3847,0.0174,1.2305,0.6214,17.2749,11.7575,1.5746,101.3055,0.0607,6.8038,0.1563,2.1635,0.0003,666.8828,0.0217,0.4364,3.2879,109.5594,80.2923,42.0667,87.3468,9.0845,1033.7400,0.0073,65.7058,0.0146,238.7225,3.3403,0.0053,0.0002,0.0243,3.1555,0.1739,32.6825,211.3136,0.0036,282.0232,0.0859,0.0643,5733.3329,47.1234,23.2754,81.2840,0.0810,0.0946,99.4983,48.8111,0.0011,56644.9183,0.3374,10.0473
132126.4981,136.3886,29610.3683,113.3032,92.0170,0.1031,151409.9744,4.9804,0.2886,285.5044,476.5422,12.7417,12.7801,12.5103,3791.8634,231.7111,1121.4310,4.7826,235.0876,136098.1790,120850.9242,303.8136,0.0114,2.2712,485165195.4098,0.0334,710.7410,738.0017,1057.1827,0.0349,2.5126,0.0096,7839.2953,0.2891,78962.8512,7.0632,0.0007,2965.4869,63.6518,9.6586,1.2437,53015.2425,0.6051,9836.7090,3620.8988,6.6915,1.9463,419.4071,236918.4015,6.3411,0.0144,0.0828,116340.0694,43.6717,0.1328,0.1507,72786.5888,17338.5439,1962.4965,874.4250,36.8881,270444.7245,38451.2928,361.2278,0.0666,44.6310,1.1256,1189.7294,0.7688,429.0567,0.0001,7.2737,40.8259,174.7213,35.2160,0.0000,32.6675,0.4723,0.0000,7.7106,25.9306,9.8063,26540.2607,14.0533,0.1305,99.9832,0.0233,0.0003,1614.4845,0.0002,1140.8028,141.5202,20.3158,68.5165,62.5608,5.4144,0.1805,0.0008,168.4202,2.2305,0.0000,142.5670,2145.2005,8.5403,0.1706,5306.0389,118944.4935,0.6611,1.5330,77.1062,0.0318,7.9815,2078.5171,129.7097,0.2723,1174035.0517,2.0686,3195.7187,1390.2066,0.0870,3408.4568,37.1194,55.8033,11.4721,5.0688,2.8252,0.1678,1.9433
4.1104,59327.1914,0.0019,0.0238,8070.5801,4469.4631,0.2557,311.1788,36.3857,0.0023,1.9497,30815.4887,10.7518,367.7857,0.0349,31.7613,0.0005,178106.8284,653.4857,294.0648,0.0467,0.0449,27225.9817,202.5984,0.0334,485165195.4098,16481.2075,420.6906,78.1836,0.0000,19.2470,91530.1401,23609.6446,106.2892,987.1083,1.3122,33001.6060,7.2957,2429301.1058,56.3591,0.0001,475.2957,0.0951,470.1832,3978.3556,0.0782,169.4713,3854.9344,508.7962,104.7787,78.3198,0.1580,1.2784,24541.7153,45.9915,193.8442,0.0059,220.1214,1.7756,943.7631,39.0628,13.1325,4.6120,0.0788,2647.4309,30890.4152,442533.8503,3509.3334,0.0000,35.5362,0.0001,94.1590,0.0065,0.0002,0.5183,49875.0330,2.6610,4233.1937,0.0000,7.6529,4935.8859,79057.1980,1361.2847,33002.4034,1459640.0144,0.0220,1.4025,1108.2362,0.8555,26.0927,6.9499,0.0005,5.3973,39.4593,6780.9513,0.0018,0.0001,0.3880,85694.1323,10.0345,0.0009,5054.1626,3.2261,3857.0824,3.4608,0.0862,54.1717,780.8615,4888.5806,9448.7797,894765.3800,9.9004,0.0001,364130.3425,1.5647,0.1350,1265.2942,653.7872,154415.5984,0.0163,16548.3908,0.0463,512.9570,230.2328,0.1080,1.4227,112289.7967,0.0875
110534.5306,27599.7125,249.0181,0.9073,30.3426,1.6250,11.4079,0.4064,0.0034,0.0222,0.0114,25.1992,0.0667,340.9671,25.7596,1.1216,0.0054,162.1567,759.2364,246.6884,3.7256,0.0522,288918.5957,5328.6130,710.7410,16481.2075,485165195.4098,114.8649,23.1360,0.0836,13.7736,49.3399,294.4788,3.1087,2914.8015,0.0145,2369.6110,9.1920,1633974.0088,0.1274,0.0029,1985.7896,0.0002,318793.5256,2789.2052,0.3449,1.8533,258.9609,16926.9786,0.4580,0.0330,0.1756,258.0464,21.5769,1463.3752,0.1236,91.6209,101108.4726,0.0744,130.6780,1.2921,12916.4556,100.7412,206.8277,1.9156,1627.1282,196644.9995,273.2437,0.0004,4.9681,0.0000,12123.9905,4.9301,0.0064,12.4156,559.0436,0.7111,6.2332,0.0001,0.0133,39765.8754,18874.8361,44570.2240,20.4239,636.2494,0.0003,0.0005,0.2279,0.1998,0.0027,17.0497,0.0065,3.8751,0.0407,2767.0562,0.0013,0.0002,0.1101,2579.2985,0.1486,0.0000,151.4971,11.3324,3.7176,0.0102,9.9646,818.4147,0.0373,3813.6655,3178.5045,131.0558,9.1864,0.1970,64524.9933,0.0106,67.4430,651592.4625,23.5645,3949262.0535,0.0001,1233.7378,1.5937,3.3954,25.8393,0.0004,38.7208,2576.3864,0.0755
18505.6516,631962.9501,143.3530,0.0003,630.5741,0.2425,1155746.5345,738.3216,0.3462,0.0003,0.1460,0.6275,99.8182,245.5048,0.3935,118.5288,1400.8626,20167.2646,1432.8350,124713.3419,295.4567,0.0037,17.8975,0.0227,738.0017,420.6906,114.8649,485165195.4098,166575.9660,0.0000,7.6883,8.6330,146389.8453,38.8154,29935.1093,0.0985,0.0187,25.0793,51327.0064,5.6289,0.0000,6134.1969,0.0004,1306.0876,18020.8280,0.0000,0.0578,21.7522,623.9475,0.0101,3202.3930,0.0010,82.5367,29096.6969,0.0010,60049.6818,17.3169,501.8047,1494551.1431,1.3075,4346820.1821,176.6860,3196.4037,11.3138,0.9637,8440.1145,10.9746,12929305.4312,0.0000,0.4358,0.0035,1.3541,96.0614,0.0000,0.0040,2.3465,0.0000,0.0037,0.0002,26.0974,462380.6612,9.7380,7546525.2419,1031.1933,2.5706,264.5224,0.0005,0.2930,0.0143,4442.6522,6.1551,0.8195,2.9437,0.1522,1048421.0593,0.0000,0.0041,0.0087,269350.5457,0.2569,0.0002,82583.0047,329.4939,0.0313,2.6779,176621.4569,258141.1629,10.3257,4156.2091,21059596.9849,33062.9921,0.9424,3214.8268,31459.1762,50.0453,556.1606,0.0393,1.3546,135992.6091,0.0026,999871.2929,3.9266,120.4272,1.1201,0.0155,0.3294,213.7819,0.1552
5749.7505,786164.8635,5.2549,0.0246,34.2335,106.4275,5220.0122,2.3480,15.4126,1.5472,29.1142,14.1311,3293.6074,71258.6832,7.3602,1.0716,57.5293,124579.3102,232.5539,111274.3196,11224.7085,0.0257,0.0632,0.0003,1057.1827,78.1836,23.1360,166575.9660,485165195.4098,0.0021,595.0693,3.5652,760.3648,4653.5485,60.9179,0.0090,0.0048,285.4364,4996.1188,0.1183,0.0000,43.1108,2.9966,2006.0513,57822.3916,0.0103,0.0026,13245.2670,422.9045,0.0011,1.7288,0.0009,0.5280,4000.0648,0.0000,7110.7412,28.6121,14852.6587,27631.7944,0.0900,1407946.3323,19.9327,2366.8310,0.0028,0.0700,55.9383,0.0610,732637.4908,0.0032,8.2584,0.0588,1.7642,0.2786,0.0006,0.0086,26.4937,0.0247,0.3724,0.0008,0.2451,114981.5342,4158.3898,1012947.9251,331.8334,0.0287,83.9570,0.0003,382.6038,113.2031,2.6717,43.1173,68.8224,95.7327,446.9694,12304.0672,0.0006,0.0001,0.0125,2387.2751,0.8493,0.0024,488.7562,138.4390,0.3700,0.0461,867.6661,44954.4196,18.1211,0.3787,2003787.0341,1209.7422,6.0475,28.4061,3617.8157,1.3187,3743.0903,0.0016,5.1662,3293.3483,0.0005,3600254.3973,0.0028,9.1568,270.1425,0.8729,2.3070,1829.2218,0.0019
18.7937,0.0001,875.8175,0.1568,0.0000,0.0049,0.0000,0.0000,0.0000,2.4881,0.0007,0.0000,0.0000,0.0001,0.0062,0.0000,0.0117,0.0000,0.0000,0.0001,0.1991,0.0017,0.1084,0.1109,0.0349,0.0000,0.0836,0.0000,0.0021,485165195.4098,0.0002,0.0001,0.0000,0.0000,0.0001,0.0000,0.9140,0.0000,0.0000,0.0005,406.5797,0.0005,0.0108,1.4380,0.0000,53.4934,0.0001,0.0000,0.0000,0.0037,0.0001,0.1317,0.0014,0.0000,286.2095,0.0013,0.0035,0.0149,0.0000,0.0000,0.0000,0.1699,0.0000,0.0001,0.0003,0.0000,0.0963,0.0001,2117.3152,0.0001,945687.7151,13786.0398,0.0102,47.4184,0.0405,3.3379,0.3340,0.0377,12321.3711,0.0000,0.0814,0.0001,0.0000,0.0000,0.0000,0.0000,0.0029,1.8969,0.0010,0.0130,0.0000,0.0027,0.0017,0.0000,0.0000,1.4814,8.9933,1234.1902,0.0000,0.0001,0.4056,0.0000,0.0002,0.0000,0.0053,0.0001,0.0008,0.0005,0.0082,0.0000,0.0000,0.0008,7.2777,0.0000,0.0004,0.0005,4.2788,0.0003,0.0050,0.0007,0.0000,0.0026,0.0000,0.0004,0.0415,0.0209,0.0027,0.0002
0.1110,14.1484,0.0008,1386.7814,25.0215,5564.5602,3.4986,1256.8501,11760.6295,218470.4764,501.0054,232297.9425,175267.8317,41324344.8838,2734512.9026,2.1441,11.0814,3737.7094,0.2251,1291.1632,7.7247,43318.1825,1.8188,0.5309,2.5126,19.2470,13.7736,7.6883,595.0693,0.0002,485165195.4098,1723.5635,50.7671,14793027.0326,0.0214,148.8305,0.0210,8557005.7024,1988.6944,1.4338,31.9748,0.0575,11734.2721,0.1803,564045.6431,119.2960,305.1719,343857.1015,1227.0674,0.0033,0.0055,2672.8393,12.1082,0.7428,0.0006,10.4385,4520.2580,563.6041,0.9571,7.5731,13297.3923,0.2088,1311094.6432,108.2350,1964.0941,140363.5482,0.0649,10.3823,1.6075,548.6229,0.0001,0.0005,189.2627,0.0759,95133.1602,2.4992,193.4688,0.0107,0.5506,40.8434,1.1221,540857.0908,43.6112,0.0529,21.6825,5630.4975,7.5522,6.8737,83641.8593,0.0127,282270.8561,85598.1260,9949456.7686,360868.4095,300.5956,21.9769,0.0028,0.0131,135.0570,12080.6467,171.5050,2404.2484,441676.0164,52.8651,1.8019,122.4216,33.9145,47.1229,1.4732,3742.7136,147.2745,22642.1995,0.0029,2889.8780,54566.9641,34955.3778,1.4514,1.3188,2.0155,52.8336,5710.5021,52.9389,67.7547,2512.0228,3733.1928,18.3036,211.6419,66.6726
0.0052,21609.4029,0.0000,0.0339,674699.1469,27326.1800,0.0364,44217.6534,3448.9565,0.2114,1482.5988,59548.8578,33458.7340,1048.7966,54.9441,14793.4227,0.0000,272548.1431,2358.7053,3749.7109,0.1687,188.5918,260.8802,135.7629,0.0096,91530.1401,49.3399,8.6330,3.5652,0.0001,1723.5635,485165195.4098,907.8565,51596.4252,120.9402,280.8273,35229.4764,121.6978,351.5528,1759.3853,0.0046,451.2926,62.1298,33.1792,13470.6550,138.9474,105024.3556,4970.4705,161.5486,23.4892,278.2572,0.0601,6.5635,26261.3323,0.0234,27998.6934,3.6106,735.2487,20.2151,13803.1465,104.4768,0.5097,281.0754,1.5974,272399.5232,326400.7727,19009.3112,3881.2117,20.1272,2197.0359,0.0002,0.0170,0.0757,0.0024,5.5539,42127.1135,657.3573,16.3368,0.0001,20065.2932,742.6483,15516.2849,106.8091,961.6223,817408.4204,30.8164,228.6456,367905.9750,8.0591,0.3620,540.8091,0.0188,1.1931,2364.0077,50011.5267,0.2487,0.0000,0.0713,1963518.9398,1065226.8453,4.6849,333.3062,1543.7408,2601.5224,90934.1426,0.0821,0.0637,741411.5477,7667.8108,1538.4457,3636360.2087,828.4576,0.0000,1102245.2080,207252.5016,7.5745,0.3111,8411.7623,12.1503,17.1911,15351.9508,0.3457,204546.2361,885825.5438,0.0274,49.0571,10.2911,0.0187
167.2574,29596.2060,0.2238,15.6804,2509160.9341,161.8423,185151.4731,117565.1688,707.3410,0.4441,1278.0936,13079.7721,358.9368,129.7436,61.6910,123414.3014,54.8632,158239.9505,60816.7909,695321.0113,2251.9904,213.9979,8.2633,7.0337,7839.2953,23609.6446,294.4788,146389.8453,760.3648,0.0000,50.7671,907.8565,485165195.4098,74.1090,74615.2212,11251.8075,0.1100,9955.5698,25230.1564,40967.4524,0.0064,235825.2001,6.3890,320.2625,62478.3150,0.2079,21896.6218,26152.5487,232903.9186,3614.8359,112.2097,0.0385,35372.1741,629268.9253,0.1636,1477.2623,331.8941,4809.9728,197756.2368,420239.1586,33805.8400,65183.8063,97531.8042,1861.4876,24752.3521,971035.3988,556.8405,178625.7356,0.0013,7919.8873,0.0000,0.1551,23.8229,0.0654,1.6534,1.0101,29.2591,273.9786,0.0000,23489.4921,60.0050,2801.6958,26626.7458,655960.9470,22321.3389,1768.4978,152.2481,0.2076,465.0272,2.9249,15497.4119,4.0921,30.5735,1774.0217,19224.1680,0.0741,0.0016,0.0000,5459247.7906,389.5838,0.0024,931778.1801,14259.4530,29350.4549,198.7627,95175.9866,252198.2469,15869.4810,1002.5188,27920.4388,11170.4324,48.7747,0.7487,698966.6479,107.1725,58942.1201,6.2416,346429.9793,5626.2183,2.3028,524996.2644,1794.8536,223749.3970,5885.3965,16.2205,0.0915,3032.5465,13.1635
0.0017,913.0826,0.0000,25.4640,1823.8665,2864.8011,2.6832,5095.6918,1183089.6571,1011.7380,13154.7087,60169.8123,13736496.8572,34465411.1906,60883.8979,127.9114,0.6334,957696.1236,36.0006,761.0563,0.9351,6557.6700,0.0867,4.0247,0.2891,106.2892,3.1087,38.8154,4653.5485,0.0000,14793027.0326,51596.4252,74.1090,485165195.4098,2.4634,803.7961,5.6494,2554353.8733,1766.6619,1.6914,0.2211,0.4874,24310.6742,0.3466,39167.7378,31.3420,571.4220,3216386.1607,3664.0436,0.0701,22.0929,130.2298,4.4900,11.2257,0.0000,51.1592,5163.0466,589.7480,15.9835,34.8181,52553.0985,0.0181,36008.7906,16.6349,472.6637,363244.5550,0.0368,124.8723,3.5518,3829.4630,0.0002,0.0000,13.2119,0.1546,4242.3004,4.5967,26.2368,0.0496,0.1267,343.9145,9.0029,273618.5362,1346.0872,2.6868,24.8288,38722.5078,12.6105,315.6979,51956.8492,0.0211,1383867.5315,48202.4817,185268.7640,1054407.0259,37213.3182,23.4299,0.0065,0.0621,1520.4373,1338570.8998,467.8788,40101.7385,18129.8819,349.4057,73.2117,11.8812,0.6716,203.8027,0.7464,31632.2345,6168.4029,161430.6507,0.0004,16663.8333,22169.5438,1326.6492,0.0121,10.6601,0.2769,1732.1613,24972.0529,0.3047,16317.8069,34875.8314,37.1697,11697.0090,26.9938,9.4525
239.1546,34247.2206,28.0166,0.0038,45981.8676,0.0236,4052.1650,397.8714,5.6354,0.0012,268.7966,28.2805,92.7583,1.7601,0.5829,19303.9608,0.4602,6406.8038,104711.2601,10068.4975,6.3099,0.6852,1.0780,5415.7396,78962.8512,987.1083,2914.8015,29935.1093,60.9179,0.0001,0.0214,120.9402,74615.2212,2.4634,485165195.4098,9.3904,624.1877,26.0249,11822.9230,17.3922,0.0000,2113934.8097,0.0024,75472.8463,132.3511,0.0065,19.0362,341.1315,996494.4596,730.4288,15557.3310,0.0187,16383.5539,2309.6487,0.3721,5.6104,286.8512,577.6048,7752.2891,5674.5578,23.0788,3291.7538,29.1676,123.1373,0.2966,7702.3920,3921.9650,33393.3165,0.0027,106.8031,0.0000,1.5676,0.2183,0.4105,0.9835,0.0137,0.0906,3.1747,0.0000,219.2316,4489.4259,3.1244,885636.9912,1533.4396,204.8996,13.8858,0.0285,0.0591,0.8381,0.0677,149.8974,0.0379,0.0305,2.9203,711699.3733,0.0635,0.7782,0.5237,82293.8718,183.2851,0.0000,59698.1907,13.4451,25.9157,38.5322,37.4183,78.8276,14.2261,3501.5289,5085.0362,2112.8937,171.4701,6.4637,13581.8344,1.6873,24.4221,5.8692,5115.5703,21979.8617,2.9817,7895.3468,0.2151,21221.6675,20.0170,0.0007,3967.7034,0.0872,0.1845
