485165195.4098,18.0654,981.5478,1.3688,1.0261,109.3856,1.1813,21.6519,695.6553,163.5757,0.9774,0.0128,28.6446,110.5429,369.7051,9.9636,0.5365,0.0650,0.0379,1.7326,0.0029,223.2057,0.1496,0.1344,1756.3086,0.1405,0.3015,5.0276,0.0016,15.2376,0.8490,417.5168,5.9213,47.0346,1.8937,8.6233,0.3077,5729.5324,11.2443,1.3503,14.2784,18.8242,0.0708,2.1447,20.9469,22.4807,0.5844,0.0575,0.2163,0.0426,17.3686,984.2279,2.2906,4.8334,55.8037,47.2581,0.5442,16.0360,314.1999,248.0075,205.4027,0.0338,5.0516,2.9283,382.3209,15.4013,0.1207,4.1817,22.2772,163.9822,4.3152,32.9204,146.5785,1.7198,0.2748,2.0321,6608.5523,5.1666,148.5418,2342.4511,10216.8541,0.9108,46.5381,0.1090,24.3864,0.0783,9.5905,346.1984,11.0556,27.1393,75.3917,15.2834,0.0777,1.6770,1.5118,0.1718,7140.0443,4.2035,271.4490,0.9227,6.9679,35.8844,40.9622,369.9787,0.0142,21.4705,431.4647,0.8623,356.9482,0.6997,2.7417,0.0862,0.1832,5.7527,216.2500,5546.3126,0.0012,0.3224,0.0156,0.0231,10.9945,29.6469,0.2323,2.1279,0.0008,6.9651,13.3004,0.3053,17991.7582,473.0067,16.8226,0.0940,0.4096,0.9868,4.2301,495.5370,2.4856,633.8996,11.1508,0.0499,9.1434,10.8030,72.3119,462.3693,0.5104,121.7146,5.1282,2478.1912,34.0418,295.9475,0.0753,730.4412,0.0040,1124.7870,11.0858,5.7386,0.0033,0.0086,406.6382,21063.5566,0.1439,0.0139,6.8848,0.0193,0.1990,381.6854,0.7350,0.0044,0.0634,0.0408,0.4622,0.0607,40.1135,0.3624,23.9707,41.0554,1.3008,0.2808,230.2568,6.2215,1898.1845,0.0005,1.2324,148.1063,18.1802,242.6493,0.1266,658.0830,0.8802,6.4525,0.0590,154.1011,0.0520,0.4524,103.7738,0.3685,0.5942,1735.9292,318.9022,17.3164,980.6234,272.9469,0.3142,550.8876,3.2861,0.3232,5849.2923,78.5198,0.0168,2.8781,267.6992,1.0559,0.1253,0.0818,198.6046,150679.8161,23.6962,72.2435,61.7758,2342.6121,0.9668,90.8724,29.9056,3.0637,0.7277,0.3010,6.9771,8068.9860,34.8064,0.2164,0.0130,3186.6503,21.9535,61.0534,2.6711,18.4655,15.4723,1.1198,79.4735,406.7123,9.8215,0.3076,0.1260,97.0684,1.9512,1.8563,32.9096,0.1145,18.9395,703.4046,3233.7914,2.4528,1.0676,0.4415,16.3841,19.2827
18.0654,485165195.4098,4.8181,0.4190,0.0211,1.8909,0.8836,48.5179,5.9069,1.2467,1039.7817,0.0313,1.3374,217.2367,0.0090,8745.4500,0.0009,62.4744,31.9855,6.4470,4.6608,0.2103,0.0300,0.0001,0.0003,230.0852,134.6622,35.9441,4.2505,3.1590,847.6251,1.1819,0.0467,17.4441,2751.1251,0.0031,423.1403,10.8903,26.3218,64995.4426,0.0113,0.0950,2504.2461,2029.8711,0.0611,0.0865,173.5870,70.1421,0.1728,0.0734,0.1885,4.9327,0.0083,0.2787,11.0156,134.8731,0.0012,9.5080,39.7222,1476.0354,0.4688,57.7963,22530.7030,0.4764,0.1405,0.0436,0.0006,0.1816,3.0046,2.6970,1.1055,0.1660,2.1296,0.0076,31.1458,26705.4716,345.8287,1.2657,14.1607,4579.5571,3.5026,0.0404,0.0023,0.4213,16.8520,0.0011,206.3458,0.0069,0.0119,0.0001,922.5565,240.2274,0.9462,0.0709,0.0011,448.3797,14.9804,0.0019,3487.5365,558.9042,11.2652,1134.2736,1355.8623,0.6502,1.1618,300.4019,0.0019,0.0160,20.7594,0.0012,327.5411,11376.1069,0.4875,13.5158,3.7783,7.9926,1.3082,23.1598,0.1905,0.0111,11658.2845,43.0669,0.0434,3.2342,2.9765,9.5551,1649.1148,3328.5591,1.6519,2.9232,17.5556,0.8427,592.0357,6538.9157,9.3638,9814.2055,0.0075,0.0033,309.3233,1526.0042,6.4744,1962.8560,4.2882,0.3011,2816.9037,937.4219,10.5433,2394.6170,1.6778,0.0001,1.8170,2.2958,47.2657,0.0011,0.1431,600.2303,0.0292,3095.4689,135.2034,1.0197,2.3739,0.4323,2.4795,130.4727,470.0624,0.0754,0.9211,0.0172,0.0002,1.6381,0.4120,0.0004,0.9145,80.5919,11.7937,427.8186,0.0837,43.0575,18.1390,846.4217,0.2200,10.8060,54.7418,82.2968,1579.9409,7.3118,1.0064,0.3122,0.1583,140.8938,0.0324,2060.9305,2989.3394,317.5056,0.0002,277.7984,0.4111,0.0001,25680.5673,0.1156,0.0001,10881.9840,57.9301,0.2300,50927.5043,777.9308,9.5824,96802.2697,0.2690,1.9106,0.0924,0.0735,25.0177,0.0004,0.0022,1.3066,1443.3750,3135.1581,10.6593,4.6214,0.0007,1.3257,0.0000,4209.3421,276.8942,3.8478,6.7469,575.8637,0.0063,0.5657,15.9555,58.0616,0.0000,45.3965,0.1282,0.1629,0.2010,0.0177,0.6645,0.0158,0.2850,705.5969,2.9913,2.5103,0.0185,501.0174,275.3887,39.6843,2426.6204,15165.6304,0.0284,2.5643,6.4218,0.0820,10.6064,1.8624
981.5478,4.8181,485165195.4098,18.0613,0.3633,53.9877,623.3675,8.1264,99040.4016,14.5478,0.0430,0.0035,34.4116,0.0603,2.8628,4.0062,0.0189,0.0011,0.0082,1022.2648,0.0409,20837.8617,461.2098,410.4606,10.8184,0.0898,0.4539,0.0004,1.4334,22.1778,13.1536,22844.1308,6.0712,7.4304,0.3669,154.0383,0.8086,402.4636,568.1708,57.0756,11.0899,874.6436,53.0269,0.1263,137.7309,0.0011,7.7141,0.1032,0.7083,0.2664,8.3223,2793.6679,661.3033,4239.3048,117.6527,5844.1494,55.5715,9.1769,377.1177,177.6939,9.6029,15.9158,0.0029,822.9310,60.2887,0.4724,2.6718,4.2830,531.7778,1014.7015,1854.4476,44253.2029,39166.6010,0.0472,0.1103,0.0120,338.3238,943.1178,21.9978,205.9767,19692.5931,3.3694,6097.2483,0.0776,20.1863,0.2313,5.4263,4426.5082,0.2779,3298.0406,0.0037,747.9806,1.2561,9.4862,0.1089,0.1242,6.2406,6.1577,17.7701,1.6499,3139.8518,2117.2038,256.6533,8169.0420,0.0004,3.0173,52.1982,1.1451,5484.4143,0.0157,145.2152,29.2729,0.8482,2.3131,64.3936,134.9930,0.0027,193.2213,0.0001,4.1987,17.5038,9.6722,0.2225,0.0578,0.2308,181.4448,905.8603,0.0128,1399.4075,0.8010,0.1050,0.0356,1953.5498,159.1354,1947.2981,92.9251,141.2824,42.6714,3.2508,0.5090,170.3580,1127.5167,101297.3161,52.9678,0.0797,1064.1671,2177.5635,4080.5960,7277.8347,20.6208,35.7431,7013.8691,0.0008,56534.8959,0.0095,23.8490,0.0005,284.6373,19652.6989,21025.4857,0.1934,5.3026,12087.0256,0.0000,1175.2252,6491.5370,66.0751,0.0010,1.6767,1070.3173,84.8221,1.8143,883.1075,0.0005,656.5305,69.5706,560.2833,0.0275,30827.2042,0.2084,694.4901,0.1164,8.6805,257.9895,18593.3255,1.4043,0.0732,0.5647,3.9220,326.1304,46.0139,1069086.9912,0.2973,0.0634,511.7242,0.0057,0.0166,39.0018,3150.6356,1.0305,92.2730,539.7456,0.0001,2184.5442,0.0269,66.6930,10408.4478,8.2163,0.5946,31.8386,190.1692,1.2576,0.1168,0.0224,227.2925,2082.0369,31.5824,43.7564,33.2298,26533.1333,148.7978,2.8237,6.7951,361.2949,0.0483,19.6930,1.8497,876.9576,0.0060,0.0153,0.0245,4239337.4612,3837.9294,18.8451,406.4461,23953.2869,0.2757,0.1840,0.9335,87.6557,847.1435,11.5535,0.2775,27.5191,4.0625,280.0146,303.9365,70.4723,621.4398,65.6837,15.3294,19.2888,0.2552,313.4200,0.2750,12.2469
1.3688,0.4190,18.0613,485165195.4098,0.4429,9.8253,1.3696,6.0403,0.1472,2.4038,0.0007,0.0002,12.2044,4.4896,1.5972,6.3839,0.0064,0.0177,216.0676,2.2342,0.0540,0.4264,4664.3037,42.2859,1017.8310,8.6211,1.4171,145.7524,92.0700,0.0065,89.2627,40.6228,0.1476,9084.8788,28.6011,0.0766,164.8765,19.9041,0.0017,143.9175,96556.4006,0.0176,1274.4101,0.1586,0.7725,5.4818,0.0458,0.0084,357.1677,27.0616,0.0631,0.1916,0.0430,146.3763,0.1121,0.1669,1.8912,0.1222,16.4299,0.9000,72.8689,1.5250,0.0024,4.0888,9.1753,781.7177,258.7591,57.0714,151.9972,0.2976,2.9168,1.3864,2.2852,0.7886,0.0023,0.1306,37.4150,48.4620,0.1178,0.0117,13.2940,0.3064,0.4912,4.0397,0.0233,0.0234,0.7932,2.0806,9.1850,4.4652,5.5606,1815.0386,3.8118,0.1835,8.7973,0.0704,119.8272,0.2117,0.9325,260.1066,0.0525,0.0373,1.6309,0.0615,0.8334,27.9389,0.3317,3.0332,0.6408,0.0984,34.1458,1.8434,70.9384,17.7422,320.6230,0.7490,0.0068,16.2960,26.4311,0.0138,0.0646,0.7234,0.0037,0.7800,0.3018,0.0235,3.0734,33.6960,173.2599,128.7649,6.1013,1.0311,2024.6741,127.6923,0.7462,16.6986,1468.9648,91.2491,0.4593,49.9813,68.4052,3.2936,4.4495,43.0400,0.1165,3.2590,2.2509,2.3764,2.0895,22.5595,80.1906,592.5476,0.1305,339.5407,43.3204,195.6880,53.5673,4.1568,0.5184,5025.7842,30.0430,0.2138,0.0414,2.3116,8375.7565,55.9731,1.5994,0.0005,26.5397,0.0093,0.0109,2.4871,3.1354,1.8054,1.0872,0.0782,0.1867,11.0808,3.7605,3.1884,0.0060,0.0212,0.0105,3.8917,0.1771,0.0608,0.0054,0.1642,10055.6683,3.0710,7.5561,1.4472,3.6706,3.8800,11.4044,6.5176,67.3642,46.6115,1.9662,47.8479,2454.1318,611.9656,0.0662,0.2194,0.3320,0.0148,1.9933,0.1523,0.0806,0.8053,0.0048,0.0051,10.3464,541.7267,14.0804,0.7941,0.0013,181.4871,0.4821,0.2274,2.7467,0.0469,1.0425,4.3058,0.3218,42.4626,4853.7973,3.1869,25.6637,1.5377,31.4082,2.4903,0.3887,0.0042,110.7685,1.5709,5.0138,23.8851,1.5205,13.6498,19.4729,2441.9197,8.4792,0.0205,134.4716,0.0098,0.0060,485.2985,99.9594,0.0387,987.7924,34976.4895,29.4856,0.1930,3.1383,818.5524
1.0261,0.0211,0.3633,0.4429,485165195.4098,0.2362,5.8478,7.6783,2.0346,0.1398,0.2277,1.7881,0.0015,0.0441,0.0271,0.0708,0.7454,0.7725,0.0412,7.0695,5.0604,2539.6411,0.2525,38.2650,49.1174,5.1458,1.5582,0.7117,0.1487,3437.2175,0.0002,2.4364,143.3529,0.0076,1.9125,337.8970,0.0163,0.0146,1.0954,0.0006,0.3646,0.1993,0.0010,3.8317,576.6344,19.4823,22.4652,0.0730,0.0277,160.2714,269.3100,3753.7178,364.2860,8.6275,0.1418,2.7710,0.7214,25.1869,0.8211,2.8810,0.0030,0.0016,7.7508,227.5788,577.5031,14.0999,35.1200,0.1040,0.0042,0.2989,0.2540,1.3417,187.6378,1.1600,4.7423,0.2247,1.0249,1.9309,0.1389,0.6579,0.7268,508.2515,3.1608,6.0729,1048.2169,5777.7276,0.0096,67.9419,1425.0803,137.0116,0.7339,1.3452,912.5043,113.3743,14.5835,7.1581,23.0992,0.1698,203.5781,0.2088,0.0424,3.2714,65.2265,207.6765,2.7516,0.0174,4.1258,5540.3582,1.3200,727.0205,4.3359,0.0948,0.0415,0.0375,0.0510,44.5748,5.0175,0.0186,0.0050,6.8499,5.1348,0.8195,1.7358,253.9984,4.0297,6.2395,0.3636,0.0005,9.2218,6.1791,18.5976,754.4389,0.0604,0.0018,1.3431,0.0007,5725.2023,7599.7934,773.5708,0.7182,0.4917,0.9394,46.6815,0.8333,536.5423,0.2465,274.5065,0.9183,2.6723,19.9731,101.3664,6.3776,0.0017,2780.1539,42.5522,0.0027,0.0156,0.2293,33.6010,0.1809,0.0254,4.7014,3.9241,0.0007,0.0203,1.2694,3.1910,69.7721,104.0645,5.4015,1.9087,0.2350,0.3929,0.1982,4.9859,0.9765,741.7333,3.9932,15.3660,0.0186,1.9085,16.7786,20.3234,10.4315,0.0849,2.8482,0.5503,0.0219,8.2740,0.0931,4.7889,0.4538,0.0653,0.0016,11.9327,6.0801,0.0049,39.1146,0.0334,1.6233,539.6362,66.4015,0.0263,3092.1184,8.2812,5.7046,7.3614,0.0250,24.5218,14.5944,164.2835,464.0186,0.5119,14.5096,985.3409,541.8290,0.0745,0.0770,4.9086,1.4883,26.8802,50985.3280,26.3203,8.4551,0.2278,966.3904,6.4324,47.5109,0.2303,16.8382,0.0148,0.0923,99.3264,0.0025,0.0042,16.6478,0.0374,11.1187,3181.8551,60.6401,24.7934,0.0123,2.5629,0.0931,0.0107,0.5416,9.8218,0.0003,0.9593,1.6826,2091.1991,16.0183,0.0973,429.2902,2.6042,33.5074
109.3856,1.8909,53.9877,9.8253,0.2362,485165195.4098,83.4663,18.2793,193.2604,1042.5261,0.1754,0.0036,357.9482,0.1230,16.0628,72.4174,0.5212,0.0086,0.8715,2.0341,0.0018,7.6789,1.8680,0.8157,44.0888,1299.3266,3.7083,0.0180,0.4468,5.2261,0.2935,10.6288,0.0326,5.2315,468.6853,0.0281,582.2133,766.3231,0.4423,0.7691,5.6100,259.1502,169.6295,209.8643,9.4124,19.8982,2.3520,0.1816,84.4039,0.1070,6.5234,3.6588,0.0124,172.0789,0.0110,0.0035,0.0027,27.4824,0.1294,0.7440,0.0104,0.1907,0.0265,0.2010,20.1376,6.4222,0.7319,0.1881,0.0484,0.1597,44.3117,153.1749,4.7901,0.0003,8.3635,24.4917,8576.2038,0.1398,9.0770,166.3835,3.7815,0.0106,5.0394,186.2361,524.2211,0.0584,2.2725,0.7824,5.7471,0.0202,0.0172,18.8117,25.0991,1.1154,0.0002,0.0697,0.5882,0.2450,28.8138,0.5416,0.3308,0.0132,0.0142,0.2149,0.0040,10.2851,0.6139,0.0471,705.9707,0.0046,3.9908,0.0056,0.0051,24.4869,0.0023,87.5132,0.0497,0.0504,0.1464,0.2217,0.8817,0.4527,0.0002,0.1549,0.0004,31.8315,1.4499,0.5415,362.5969,54.8640,229.4145,10.0118,0.3603,17.4147,0.0195,1.0418,0.2314,174.5028,0.0164,0.2302,68.2009,146.8080,2.2187,1.7707,1.4315,72.0400,3.0819,1804.1439,71.7371,1.3658,4.5354,110.5995,0.0054,7.8580,2.1364,7.1751,0.0047,0.0210,214.7439,33.8388,6.4900,0.0002,0.3747,0.3510,77.9401,195.3310,0.8307,0.0047,0.3356,3.9789,0.1002,0.0301,60117.5543,0.2385,118.0395,13.0962,1.9693,16.3492,4.5320,1698.1200,4.0759,0.0001,0.1606,19.9166,1356.0614,0.2833,30.6488,890.7980,175.6677,2.5662,0.2866,96.8889,0.0031,187.8385,1.7159,5.4459,0.2806,17.7183,566.1838,1.0690,11.4651,11.6422,0.0050,27.9975,11.3239,4.8611,103.7050,16.7955,0.0462,546.9754,846.3096,0.4525,6.0334,1.1299,1.3591,25.3103,1.2819,7.2779,0.2863,2.3760,1.3584,0.0502,0.0033,25.8424,248.1763,325.6521,335.4658,569.5297,0.0427,0.0125,0.0122,59.3473,0.2649,0.0943,2.8906,0.3250,0.1305,12.7233,14.9118,0.0136,865.4360,0.3693,3.5870,0.2335,0.0125,1.8382,417.8189,4.3260,0.0053,1.5936,16.0051,11.7314,0.0015,0.0070,0.0102,1.0540
1.1813,0.8836,623.3675,1.3696,5.8478,83.4663,485165195.4098,2.3300,2095.5728,1.6599,0.1717,0.0026,10.7938,0.0014,2.1521,451.6209,0.0119,0.0005,0.9821,3347.2721,3.8826,589.2534,31.7778,443.7107,6.0101,370.2200,0.1277,0.0215,1963.9593,609.4602,46.9265,121.1417,3.5660,2.0122,11.0555,103.2935,318.6939,2.9073,8.1230,4.0854,0.0119,70.4061,6.2872,44.2017,95.2578,0.3592,2.7236,2.9169,0.2120,39.8579,8.5757,31.5044,40.3338,2823.7344,21.0142,17.2943,0.0093,9.0124,40.3719,13.3973,0.0003,0.0691,0.0146,60.1741,2.4318,14.1684,37.7013,0.0081,2.8005,1.9049,421.7196,337.2668,1169.5974,0.0010,486.9878,0.1649,273.8805,131.4734,79.9782,27.3196,0.8567,0.1011,0.4756,13.0068,551.1346,0.1693,0.5440,2.8049,0.0040,0.8023,0.0001,185.2337,39.4403,136.9422,0.0007,6.8659,5.3196,1.2129,602.5187,16.6193,379.2784,951.7656,44.5671,2.1803,0.0005,1.6519,0.2542,0.0295,6742.5575,0.0002,34.8842,89.4627,0.1906,535.4746,0.0224,479.4384,54.8019,8.2820,0.0358,206.7657,6.7741,0.1318,0.0002,0.0854,289.8093,17232.6852,18.2597,0.0213,29.0304,1.7854,148.4433,31.9938,11.2320,3002.9323,14.8560,0.0326,0.6963,6.1179,57.5365,0.2320,11.8988,162.6018,158.2750,0.3986,0.2965,734.1485,1704.9197,207.7432,12565.4738,2.0453,4.1351,392.8344,0.0395,45.2120,0.2406,14.5956,0.0116,82.2327,94.9407,20.3519,9.2024,2.9921,138.4721,0.0038,72624.2028,41.5550,1.3945,0.0112,6.2086,20722.6748,1.1792,0.2690,313.7812,0.0001,146448.9159,318.7168,2383.4323,1.3220,75431.8922,47.5956,42.9125,0.0362,0.0045,6.1271,12110.0492,0.0478,22.2454,0.0063,49.1722,833.4213,4090.9546,221.7100,16.3919,16.2245,0.1376,0.3430,0.1228,0.8583,1023.7987,0.2808,11.1515,13.0205,0.0001,225.6243,0.0319,86.8177,107.3204,0.8308,55.1464,87.6178,404.8592,3.9181,6.5707,0.1952,155.4003,29.6760,1.6519,382.8782,1362.4501,103748.3620,3949.8295,0.0048,0.0453,147.2417,1.0904,1514.8866,1.1879,96.8801,0.0000,0.1126,0.0006,4581.2331,8.3796,0.0059,147.9398,15154.4205,0.0396,66.9635,0.0346,0.0541,532.6032,67.0151,195.8788,0.0004,0.6692,68.2229,5124.5966,890.1159,1.0064,2.2004,0.4490,0.6068,14.1221,11.6330,0.1544,0.2116
21.6519,48.5179,8.1264,6.0403,7.6783,18.2793,2.3300,485165195.4098,3650.7214,1.9740,0.0005,0.0001,1.7173,116.7766,0.0016,748.1662,0.0100,0.7298,1650.4530,0.0001,0.2109,127.9574,673.5189,3.2289,7.9514,3511.6405,171.1450,12.8961,50.7676,13415.2985,0.5449,77729.7692,54.3611,1.5479,746901.5718,0.0108,2.2312,8038.2542,879.4548,73.7746,1327.2183,0.0259,1.7344,587.1713,0.0008,0.0040,13.6108,4.4447,1141.2172,12.8998,464.8735,338157.8527,0.0126,283170.9305,15.9653,13.2375,0.0000,1302.1299,0.3505,0.5809,0.6223,0.0111,2.6903,170.0428,575.1068,9.6207,36.0031,6.9674,1.6738,24.9964,79.7722,5181.6101,9423.1725,0.1598,246.7660,17.9034,1.5848,3701.6357,4310.0694,0.1383,0.0250,7182.1607,4.1477,1.0314,240.1317,0.0314,3.2903,1034.7660,2.3769,0.0207,38.3424,2585.6981,4.6764,2127.5199,0.0837,61.3988,0.0202,0.0013,478.5204,142969.0006,1.7397,0.1405,129.0178,34.5539,29.0292,319.0010,2.5603,1.5128,86.4710,0.0039,47979.4411,0.2274,0.0001,5.7792,0.0834,0.0460,0.0001,1241.2899,0.4475,0.0001,4.1673,42.6739,0.0002,7833.2897,0.2840,80.8001,10.2412,53.3303,200706.2235,4.5971,124.6844,91.4377,36.4788,2585.8593,3.7196,0.6986,10138.7644,895.5644,630.3377,9956.9752,73617.9752,647.5139,25210.6193,663.0544,83.0679,328.9532,59.6712,73.8261,65.7962,0.0010,97837.4084,1380286.7882,2.3006,1118.6188,1851.0301,597.8481,0.0003,18.5079,4214.3920,11355.6554,307.3153,0.0000,49.3139,5.2505,63.8032,11669.3875,15.6590,0.0000,0.0008,4.5211,284.0856,0.0042,15.6213,13.4949,1692.8984,0.5613,20.8507,1.2681,21.7056,3436.6846,1287.5989,6.9676,0.3712,290254.3929,21.5039,0.0006,0.2903,1.3309,106.5507,0.1543,0.4310,34.7166,0.0234,3440.7774,195.1642,36.1847,0.0409,41193.2054,9114.4587,0.3059,0.4884,12364.3871,0.0020,10620.9066,7427.2525,38.7192,2519.9984,6673.3801,2163.8222,279048.6741,34.6543,0.0708,502.4229,185.6611,0.0027,0.0182,0.0027,20766.8666,0.0265,34.5442,0.0989,39.5994,0.0992,1412.0261,131064.5999,6211.2793,189.6907,1.8292,7.8405,1889.7832,0.0004,42.0302,0.0016,1.4472,246.4100,0.0800,1250.6226,1299.7240,39959.2659,0.3245,27.1968,2.4196,6166.6852,24.1221,0.0022,8.6168,8.6207,0.3048,16.0265,10896.7061,0.9419,442.4193,0.0041,0.0059,20.2839,30917.8463
695.6553,5.9069,99040.4016,0.1472,2.0346,193.2604,2095.5728,3650.7214,485165195.4098,703.0382,0.0338,0.3437,68.2003,0.7647,3.6555,175.8592,0.3942,0.0027,0.0482,297.9261,1.7263,180289.5613,8330.7107,350.3210,8.6368,13.1419,5.0837,0.0000,5.2982,65329.7013,5.7912,2053380.4688,1492.5645,0.0020,299.8970,17.1820,1.8236,1565.8851,238968.5965,37.3516,0.1420,902.0026,5.6239,38.3122,10.1117,0.0012,527.6041,261.6551,0.0493,43.2461,238.7895,140888.0735,109.1468,78621.8378,9633.0899,2056.5926,0.0850,8840.3377,481.5368,14.1231,0.0058,0.3686,0.2144,2268.4606,60.8719,0.6141,20.2498,43.6553,2706.5064,1046.4685,64515.5939,382309.5146,1274842.8997,0.0015,345.0200,62.1655,92.4611,29035.4325,52076.1893,9.7774,251.1663,661.7104,398.1455,0.1295,19728.3025,0.1870,0.0557,112442.6800,0.0010,7.2726,0.0044,45.0208,3.8771,966.2625,0.0652,173.7629,0.1103,0.0005,130.2997,82.9906,114236.8484,479.6980,36.6677,41751.4561,0.0527,2.5796,0.1793,0.9518,19826.6472,0.0000,42597.6699,15.7173,0.0000,6.6914,0.0815,1.5939,0.3664,6.1647,0.0046,3.5300,38.9429,1.0008,0.0020,0.1758,0.7561,146513.2123,100.7030,0.7181,3805.3340,0.0231,17.1291,124.7106,1352.8652,692.1473,1165.4046,1.0863,1477.5566,9.9671,19592.8819,2.9808,1500.7329,15638.7207,1653584.0017,241.2906,10.5285,249138.3189,58901.7536,1336.1024,485082.8623,0.3286,4307.0283,97579.8114,0.0171,22370.9395,0.0366,56.6401,0.0000,186.2089,11889.8736,4185.7935,5.3961,0.0852,32718.8707,0.0001,758.7169,8928.9971,23.9019,0.0031,1.0143,9495.6578,222860.2103,0.0232,296.9457,0.0018,8725.3075,19052.1664,5221.4456,0.0266,32930.7190,108.9992,3516.8069,0.0465,222.4773,105547.3971,655453.0649,0.0007,43.3400,1.1452,0.0188,949.9394,15605.9050,125817.1618,0.0974,109.8447,222.7842,0.0008,0.1554,87.2417,10427.6502,0.0013,6.8311,47.8633,0.0000,1598417.2604,15.2379,86530.3643,4700.6272,1007.3685,141.0215,13081.0743,9143.2487,0.2036,1.2652,0.0063,4.2191,17.9420,377.6314,211.9081,0.2190,45755.0192,383.2739,20.4148,0.7126,30596.7020,2.7050,222.7384,0.0354,357.7093,0.0008,9.9556,0.0007,209705.5823,14.6995,56.4896,1492.5756,17.1233,0.0686,27.6919,406.3142,0.0943,7521.3290,3.8168,9.0512,22.0716,0.0501,20.6529,51426.1762,16.1262,15.6224,710.7091,1.2461,5.9092,1.5007,4.7426,0.8811,24.4372
163.5757,1.2467,14.5478,2.4038,0.1398,1042.5261,1.6599,1.9740,703.0382,485165195.4098,0.0150,82.9509,4378.8676,0.0280,1.1327,197.9400,70.3325,0.1967,0.3660,32.2063,0.1916,0.1864,4.9930,0.0313,4.0574,429.1191,36.9781,0.0104,8.4727,37.2370,0.0335,2620.9030,2121.8563,0.4858,78.8221,0.0069,3.0311,1.7644,11.9313,41.6306,0.0434,1322.6164,37.9702,1156.9165,53.7448,24.4358,992.4451,16747.0584,1.4218,665.9234,150.1321,6.1485,0.0097,459.6981,3.1102,3.3507,0.0938,928.5979,67.2533,0.0108,0.0229,2.8875,0.1606,0.0755,0.0046,126.2578,0.0774,97.1760,0.2702,3.1733,22905.4316,573.2030,2377.1829,0.0240,131.9221,1381.9219,6.1186,6.6390,17904.8641,0.3906,2.9168,3.5124,132.8497,2.9062,2695.2859,0.0088,0.0002,1.6982,0.0147,0.0064,22.3908,0.4109,2.9915,15.3420,0.0211,1.8585,56.1826,0.0081,2.9636,0.5711,53.4235,0.0129,0.0008,2.3233,1.1945,2350.0761,0.0007,5.9474,1770.7966,0.0006,0.3494,4.0675,0.0001,7.1355,0.0124,2.6141,48.5527,0.0795,1.3665,65.2369,0.1623,0.4489,0.0002,0.1192,0.6664,11.1642,18.2478,179.4266,55.0015,0.0030,23.7797,3.6987,11.6552,16.6645,0.0072,0.1791,2.4938,0.3648,71.8594,0.7047,0.2706,1.2393,1.5221,934.8494,13.5416,138.5121,20.2661,77.0123,125.3063,0.2142,205.6318,42.8888,0.0264,0.3304,2.1399,0.0840,0.0411,0.0041,0.0967,17.0729,1.2539,0.0070,0.3353,0.5679,23.9319,7.9869,0.0013,0.2059,0.2682,0.0414,5628.2587,0.0001,1031.9704,0.0017,47.1024,1235.6768,30.9917,0.1821,0.3775,115.1688,0.8318,0.0000,42.0975,187.6835,222.4106,0.0831,0.6548,0.7094,0.0267,4.3742,87.8428,74.6313,3.0725,4869.3597,0.2163,0.0244,6209.1197,0.3331,0.3577,0.0030,0.0526,0.3239,0.0048,306.8301,0.7559,360.6283,2.7678,2.7206,1.3112,265.4549,3.1626,0.0085,1333.3263,0.0015,0.3663,0.2723,7.4443,0.2454,0.0102,62.2673,0.1133,2.7911,0.0024,263.8862,13.9245,0.9068,0.0260,10.3843,0.5038,0.0835,0.9971,3.3576,0.0106,1.0786,28.7428,0.0039,0.0005,43.0900,7.5763,0.0608,7.3402,8.0345,20.2795,4.8758,0.8885,0.0015,114.8092,38.5616,0.6334,7.5483,7.3230,0.3679,4.6791,0.0001,0.0001,0.5909
0.9774,1039.7817,0.0430,0.0007,0.2277,0.1754,0.1717,0.0005,0.0338,0.0150,485165195.4098,896.4392,0.0111,7.1213,3.8123,1.3474,1.6245,56.5930,0.0758,39.4036,678.2372,0.0889,0.0003,0.0003,0.0008,0.0041,0.0108,0.2932,0.0010,0.0617,0.3978,0.0002,0.1394,0.0026,0.1631,4.8713,0.0352,0.1541,1.3424,0.0168,0.0006,12.1413,0.2966,0.1930,84.8009,41.7251,20.3604,17.7214,0.0018,0.0864,0.2608,0.0288,79.3086,0.0000,1.4988,0.5281,9.7285,0.2426,2.1540,2289.0130,1.5301,9.6274,31686.2858,0.0564,0.0162,0.0000,0.0177,0.0206,0.0683,0.0096,0.0077,0.0006,0.0009,0.5675,1.0841,95.6616,4.8446,0.0002,0.0146,1947.2892,93.9471,0.0233,0.0003,0.8616,7.6417,10.2149,9.3527,0.0014,0.2509,0.0413,6.3930,0.0026,0.2485,0.0009,0.1147,3.0702,11.7732,0.2752,17.9572,0.0005,3.3814,275.9356,4.5711,0.5483,1.3923,0.0187,0.0789,4.0677,0.0418,18.3444,0.0668,25.5754,4.9015,0.0130,0.2828,37.7499,6667.7634,0.0002,0.0340,4.9270,3534.2673,109.9566,1767.2319,0.1146,1.8141,0.2235,0.0344,0.0641,0.0000,4.2813,0.0575,1.3153,0.2242,0.0232,2.3369,4685.4737,0.0002,0.0090,1.2977,0.0161,0.0014,0.1536,0.0027,0.0001,56.2254,0.9320,8.7958,11.1257,0.0710,4.5096,0.0008,0.0000,5.4270,0.0002,0.0111,0.1705,3.2658,1.6716,2.8446,0.0001,0.0007,1362.9100,3.5641,0.7377,0.0464,0.0001,0.2827,4115.6759,7.4526,0.3867,0.0582,0.6968,0.0130,20.3431,0.0114,138.6134,0.0632,159.9918,0.0552,2.3218,0.1334,24.3875,130.4956,0.0002,0.5737,3521.1731,192.3623,25.6836,0.0002,5.3030,0.3389,1.3958,1312.0343,0.0414,0.0003,4.0988,0.3486,0.0001,0.1238,0.9458,0.0056,1.4774,2424.0068,0.0852,523.3347,2.7592,0.0770,205.8567,0.0095,0.0001,2.2577,297.9555,0.0137,0.0032,1.0647,233.5204,27430.7327,0.0258,9.0825,0.0253,0.1163,2.2506,0.0401,0.3640,0.0483,0.1130,0.0581,126.3093,0.0146,0.0351,208.1240,0.1799,0.0947,18.5982,0.0004,0.2818,0.0735,0.0007,0.0745,7.0661,0.8058,0.4778,0.0004,27.5762,0.9562,68.6361,13.4429,0.0125,0.1156,5.2543,0.2263,0.0070,1.6548,9.3537,19.4745,0.0045
0.0128,0.0313,0.0035,0.0002,1.7881,0.0036,0.0026,0.0001,0.3437,82.9509,896.4392,485165195.4098,0.1062,0.1419,2.7663,0.0856,151.6912,185.5044,0.0159,80.8635,6092.7963,0.0221,0.0473,0.0209,0.0019,0.0048,0.2069,0.0039,0.0283,0.1117,0.0062,0.0020,168.4495,0.0000,0.0020,1.3293,0.0016,0.0028,11.3909,0.0053,0.0000,147.6606,0.1510,0.7018,39.4441,33.5565,1088.3181,3953.2184,0.0027,236.2596,7.9377,0.0262,177.7545,0.0006,6.7299,0.7915,850.3234,14.9690,1.2436,0.5503,0.0103,36.9899,366.8676,0.0054,0.0001,0.0129,0.1870,25.7921,0.0477,0.0165,3.7477,0.0033,0.0316,15.0229,26.4298,135.4318,0.0004,0.0034,0.0342,0.0981,0.2689,4.6623,0.1724,4.6434,2.3081,334.7037,0.0009,0.0888,0.0190,0.3299,9.5777,0.0001,14.2276,0.1260,23.4555,10.2862,0.0576,0.1142,0.0077,0.0001,130.2557,1.3839,0.0009,1.2779,1472.0909,0.0200,0.0050,619.8053,0.1372,19.6616,0.0130,2.5532,0.0536,0.0065,0.0425,0.0112,74411.2854,0.0000,2.2524,1798.6664,3.5214,0.0291,440.0160,0.4513,12.0904,0.2282,0.0466,1.6657,0.0000,0.0042,0.0027,5.1672,0.3699,0.0002,1.4297,0.2938,0.0452,0.0010,6.0057,0.0135,0.0003,0.0113,0.0022,0.0075,5.4100,0.9763,5.2732,0.0028,0.0981,2.5383,0.1551,0.0000,30.9756,0.0011,0.0018,0.0005,14.1923,0.0807,0.0016,0.0000,0.0069,3180.1252,2.8865,1.7929,0.0003,0.0002,0.0488,1829653.6783,430.6732,0.1297,1018.7947,1.0162,0.0390,2.1478,0.0002,290.0948,4.1284,0.3849,0.0096,0.0151,0.0239,12.0599,11607.8848,0.0014,0.2039,1.7848,26.2417,1.6046,0.0000,8.7903,36.1732,0.0839,7.9941,0.1769,0.0050,0.0109,86.3182,0.0002,0.0000,0.0163,0.0061,0.0006,3.6124,0.3145,2.8012,31.7712,0.0005,0.0287,8.3055,0.0158,0.3984,81.5532,1.3582,0.0018,0.1293,0.0484,5691.9323,0.0000,0.0013,0.0037,13.1072,17.8527,1.2613,0.4487,0.0220,0.0043,0.0002,0.0088,0.6567,1.0948,1016.4054,0.0010,3.4811,3.1849,0.0197,0.0046,0.0008,0.0533,0.5500,2.6246,0.1428,0.0229,0.0034,73.0104,11.4926,0.6935,9.2351,0.0308,0.0376,0.0102,0.0803,0.0014,223.1686,0.7474,0.0029,0.0015
28.6446,1.3374,34.4116,12.2044,0.0015,357.9482,10.7938,1.7173,68.2003,4378.8676,0.0111,0.1062,485165195.4098,0.7903,1488.9551,8727.3908,0.0311,0.0621,0.8449,0.8502,0.0080,3.9683,17.5410,0.0378,1.0007,404.7391,3.3561,0.8633,1644.6989,1.0843,1.2436,387.3039,0.2261,61.2854,3.2792,0.2225,3536.5663,32.5832,41.9484,1946.4562,1.9801,826.9649,330.2220,77.0643,3.1675,1.2108,0.0316,11.4233,1.8722,0.8605,18.9731,3.5247,0.0009,194.3889,5.7099,0.8818,1.0892,2.5528,9.7063,0.0487,1.0778,0.0288,0.0132,0.3032,11.1914,23.8878,0.8313,88.5431,76.7157,1.4672,561.5174,1955.1596,161.5147,0.0306,864.1820,62.3654,889.2348,451.4019,1807.7883,3.7281,0.2563,0.0038,15.3858,4.3399,3.4960,0.0382,0.3724,38.1605,0.0447,0.0601,0.3448,183.3256,0.1315,250.8133,0.0020,0.0237,0.8514,0.0247,0.0092,88.3669,87.1148,0.2193,0.0004,155.1253,0.0897,6940.2523,0.0655,0.0231,11.9865,0.0001,0.0340,1.0682,0.0502,339.5132,1.2781,0.4306,0.0164,35.6102,8.0702,1.7073,0.0008,0.0019,0.0002,0.7084,0.1015,0.6306,15.5296,497.3443,2423.1741,0.0534,18.0275,0.0113,228.4815,3790.5567,0.0011,14.6614,0.2396,0.1157,0.3691,31.4916,1494.8696,357.5078,148.8696,20019.9369,0.0131,69.7324,4.2112,30.4122,227.8926,0.0379,3.3755,45.1982,0.3121,2.1638,0.3020,51.2396,0.3898,0.0379,0.2903,2998.8714,7.7855,0.0008,1.2102,6.3311,8.2451,818.7704,0.2618,0.0010,1.8988,0.0399,42.7168,0.0670,17234.2025,0.8246,6.9419,2.7508,4.6743,0.2880,57.3667,14.6332,0.0810,0.0000,0.2299,103.8717,272.9854,0.0997,0.0020,2.3879,0.0288,33.0727,16.3363,21.3898,0.0226,572.3621,190.3761,0.0220,3.9123,0.8820,1076.1267,0.0014,0.0671,2.9174,0.0035,1.2945,0.0063,98.8692,31.8302,1.3189,19.4327,47.7150,6.8312,0.0002,24.5070,0.0344,0.0138,0.0543,1.9007,0.8493,0.0282,151.0839,6.8519,0.1836,0.0258,80.8564,2.8640,7.9768,35.3170,0.8578,20.1371,6.5957,1.2602,532.0746,0.8862,1308.6180,771.5706,0.2914,1.0907,14.8248,0.5390,0.0053,0.5368,39.6221,0.5683,0.0321,22.5978,0.0002,9.0210,159.4380,130.9285,0.6694,52.2434,27.9111,25.7963,0.0316,0.0074,3.6317
110.5429,217.2367,0.0603,4.4896,0.0441,0.1230,0.0014,116.7766,0.7647,0.0280,7.1213,0.1419,0.7903,485165195.4098,44.7849,7.9607,0.6498,7.6467,50.7962,0.0026,0.3135,0.5260,3.2998,0.0016,1.6477,0.4043,8.7987,418.7049,0.1423,0.3740,63.3867,2.8044,0.0444,84.2701,27.1561,0.0049,21.7850,3389.3186,7.7200,8.5514,55.4598,0.0054,4.1880,0.4554,0.0002,1.7928,0.2512,0.0505,0.3547,0.0302,0.1026,24.7963,0.0110,0.0674,0.9837,227.9469,0.0287,2.1695,10.0428,0.0415,522.1941,5.2403,49.0320,0.1080,13.4180,0.3562,0.9491,24.5422,277.9620,0.5575,0.0113,0.0113,0.4178,3.3229,0.2412,29.0832,0.9638,12.3575,4.5095,2.4256,0.4099,1.8182,0.0526,1.0063,0.0129,0.0229,827.7254,0.4518,0.7792,0.0183,931.5734,58.1004,0.2934,5.9458,5.5472,17.3223,0.8969,0.0177,19.0693,22.5119,1.4440,4.0088,8.2372,1.2999,306.3592,4.6508,6.3093,0.0348,0.0032,0.1053,214.1095,1.9540,1.5652,17.5816,1588.0772,0.5391,0.0005,1.5245,420.1453,0.0002,0.9927,1.6960,1.4961,1650.1722,0.0010,0.1333,0.0709,53.5488,38.4185,166.9733,5.5330,1.7491,16.0666,2.5146,18.1086,2782.5273,0.1628,0.2976,9.5212,50.7977,103.8293,40.4333,1.5119,20.3323,2.2592,143.2185,0.1089,1.0504,0.2310,0.5142,0.0208,22.7489,957.3885,1.3450,619.4599,158.4162,3.2170,10.7582,0.8695,348.6905,154.9037,0.0198,0.6673,1284.9654,0.1006,1.2447,226.2246,0.0134,0.2090,0.1163,1.3479,0.4766,0.0074,4784.3899,0.6107,0.2629,0.2229,0.0791,0.5125,114.6359,3.1630,3.0615,36.4996,29.0403,0.0921,14.1490,0.0157,80.7874,4.2879,1.5898,0.0032,0.0567,0.1882,38.8670,9.4157,864.9649,61.3061,14.3398,179.5205,5.5205,0.5019,659.6444,4.4258,0.1023,595.2842,1.0898,0.1481,5.6898,2.0372,6.9529,2.8639,0.0031,1.6657,3.1400,0.3169,0.2560,3.6119,3.5629,4.7564,0.0275,1.5764,13.2698,2.0125,4.3188,16.9927,7.1502,28.4075,7.6616,1216.0977,132.4813,417.6123,0.1950,0.0209,15.1701,0.0285,0.0775,130.9549,5.3409,5.1534,15.1692,0.0216,0.0338,0.2723,1.5708,2.2130,2.1182,0.8273,2.1766,49.2681,7.2660,4.8105,2.4336,113.1013,0.0299,6311.6758,66.4343
369.7051,0.0090,2.8628,1.5972,0.0271,16.0628,2.1521,0.0016,3.6555,1.1327,3.8123,2.7663,1488.9551,44.7849,485165195.4098,0.1960,14.6920,0.0379,0.0042,35.2814,0.0090,96.5273,0.6775,0.8491,854.0077,0.0176,0.0094,1.1965,0.0453,0.0228,39.1290,0.5256,0.0173,1.3389,0.0018,13.7006,342.5269,255.9031,1.2242,0.2473,1.2390,61.1587,2.0616,0.0166,2.2011,135.6209,0.0012,0.0022,0.0009,0.0328,0.0140,0.0410,1.4039,0.0256,1.9053,0.7533,225.3358,0.0050,8.2554,0.2242,16.4112,0.4835,0.0487,0.3261,164.6303,14.2731,1.0474,1.4991,635.3390,2.1124,0.2262,2.6822,0.1486,0.1626,0.3497,0.0783,297.7673,0.7119,1.2286,10.7023,307.8875,0.0012,0.8322,3.3559,0.0031,0.0645,14.9866,26.0512,0.0958,21.9685,0.0436,1.2916,0.0184,0.1841,0.2865,0.0018,7.7414,7.5862,0.0017,0.0310,906.5184,0.4869,0.0014,40.9753,0.0025,0.0069,85.1028,0.0022,0.3119,0.0782,0.0100,0.0021,8.6708,278.3017,82.9315,161.8838,0.0199,0.0177,4.2871,7.4810,0.0501,0.0368,4.6139,0.0061,0.0192,3.6465,0.5116,0.0641,13.1622,4.0812,4.1388,0.2147,0.2524,0.3420,0.1462,42.4004,0.0033,0.4846,0.0394,0.0025,1.5784,0.9630,0.2177,9.7750,0.0036,21.4807,0.2338,1.9112,213.0463,6469.2620,0.0006,0.2731,0.0837,4.9910,0.1015,0.7625,1.0276,0.0034,0.1468,181.2052,5.9962,4.0794,0.4518,0.1162,0.0558,0.1449,14.6275,0.1356,334.3909,0.6582,0.0466,62.2909,21.9978,0.4945,0.5032,15.1813,0.3221,0.1603,49.6075,0.6162,1.6117,0.0001,0.8996,0.1173,2.6338,12.6516,0.0335,13034.0178,0.0289,6.8679,7.1549,0.4744,0.0007,0.1333,76.1999,0.0081,5.0347,9.8986,6.0458,1.3832,1316.3817,0.2202,0.0331,0.3124,0.0007,0.1516,3.0500,0.0024,0.0065,0.0078,447.8601,0.2265,0.0023,0.0143,19.6279,175.0311,31.7479,0.0449,19.1743,4.6293,1160.7117,0.0377,854.3355,0.1110,0.0089,0.2123,1.2980,22.7761,4.1765,0.1486,6.1922,72.3318,831.1481,50.1614,1.0961,2.6978,1.6316,1.6785,0.0970,1.0371,5.7710,0.0276,0.0037,0.0034,827.1594,0.0151,3.5678,1.0969,1.8069,0.0036,167.2194,0.0795,704.6144,12.3319,2.5414,0.0115
9.9636,8745.4500,4.0062,6.3839,0.0708,72.4174,451.6209,748.1662,175.8592,197.9400,1.3474,0.0856,8727.3908,7.9607,0.1960,485165195.4098,0.0000,0.2628,7930.7541,0.6340,35.3839,0.4599,14.2270,0.0002,0.0016,82964.5185,1.4328,1.8606,11082.5754,324.2200,12.3908,77.1335,3.5683,19.2496,16546.1236,0.0049,3629.3606,1506.4293,296.5392,488.1184,0.0545,5.8078,27113.6001,74999.5123,0.4288,1.6057,176.7956,813.7780,0.6619,273.4079,1915.1616,316.4715,0.0013,1468.4803,2.7073,1.8729,0.0000,2729.9812,7.2330,20.9968,0.0022,0.0359,44.0697,0.0109,0.3168,1.0910,0.9119,30.6514,0.5464,0.0020,3005.8687,107.7225,714.7965,0.0004,301477.7166,6620.7281,108.0563,421.6823,171.2697,26.8934,0.0022,0.0480,0.0013,1030.6948,2059.4835,0.1467,1.4361,0.2616,0.0190,0.0001,2.8857,106640.0517,359.8923,305.5793,0.0001,48.4095,0.6101,0.0001,750.0232,4154.7548,15.8123,25.3350,0.3207,1.7571,8.7851,98733.6689,0.0002,0.8003,872.5618,0.0000,463.7780,253.9551,0.0024,183.0263,0.0463,0.3466,1.2056,0.4309,0.3083,1.8327,46.9060,0.2019,0.0000,493.9139,2.6606,49.3907,2.2179,156.0641,228.6215,38.2361,4.9335,12.7210,60644.0510,718230.2541,0.0267,354.3755,0.6349,0.5652,477.0399,2931.3275,11271.1744,57856.9207,438.3541,7.8373,4.4539,58989.5861,20911.0917,466.9889,75.2367,0.0001,388.1562,402.7696,2.3298,0.5574,3.3785,3271.3730,0.0486,26.1351,96.0748,179.0665,2.1259,0.0010,32.0109,403.6508,2772.3781,138.1855,0.0577,0.0005,0.0643,0.1823,91.8430,0.0000,1550.5466,18.7495,69.0552,358.0062,267.7368,22.0959,1567.0944,3280.2475,0.2556,0.0721,0.6868,56.1613,709.8169,0.0098,0.0457,0.0201,0.5236,49193.6929,2.0959,773.7812,78.5331,50087.6620,0.0103,539.6790,34.7090,0.1203,4474.8207,0.0118,0.0027,27381.8636,0.0010,4.3775,7470.0264,2527.2160,14.3452,229.4715,844.8280,4192.2594,2.9767,0.0063,121811.1579,0.0736,0.0009,0.0684,2.5725,295.7451,0.2966,275.3816,30.9650,0.1917,0.0000,41452.9449,3013.6854,2911.8965,737.0740,71.8974,0.6513,4.3571,1.4227,352.9519,0.0001,1.0338,5.2762,2.8390,0.1962,893.4656,2.3640,0.0199,8.0834,914.6638,4.3860,0.0322,0.5971,4.3203,22532.0590,592.5096,1178.7458,216.1391,12.1305,5.1130,235.2281,0.0005,0.0022,324.1943
0.5365,0.0009,0.0189,0.0064,0.7454,0.5212,0.0119,0.0100,0.3942,70.3325,1.6245,151.6912,0.0311,0.6498,14.6920,0.0000,485165195.4098,2.6585,0.0411,15.5475,15.7481,0.1156,2.6493,113.7044,38.5633,0.0471,0.3066,0.0049,0.0126,2.5765,0.1204,5.4556,353.5525,0.0131,0.0113,1.7873,0.0190,0.0015,0.2395,0.0055,0.1138,2.4912,0.0082,0.0063,0.2532,0.3587,3.7896,80.5672,0.2615,2.2296,0.7250,0.0125,0.8812,0.0531,0.0209,0.1911,8.6288,1.1594,0.0997,0.0012,10.6787,135.4849,0.0032,0.3975,0.0522,0.6206,0.2302,14.6972,2.9969,25.3714,0.4131,0.2139,0.8555,1.7884,0.0595,0.0573,0.0039,1.0075,23.2055,0.0032,1.0421,49.1598,369.1092,0.0300,3.9974,0.2109,0.0113,0.3492,0.2708,2.5274,0.1982,0.0001,0.2790,1.2914,61.9523,31.8087,0.3800,19.3802,0.0209,0.0222,0.1389,0.0019,0.1605,0.0611,4.7704,0.0241,1.2346,0.2180,0.0727,16.3484,0.2860,0.2197,0.1067,0.1356,0.0666,0.3009,28.7491,0.0200,509.4835,15.1065,0.7536,2.1650,340.8040,0.0017,0.6002,2.5880,0.0168,0.0991,0.0989,0.0010,2.7007,5.8304,0.0015,0.0009,1.7063,0.0013,0.6505,0.0562,0.7533,0.0006,0.0005,0.0000,0.0049,0.0978,0.6002,0.0199,0.0599,0.0239,0.2725,39.4649,0.0618,0.0786,1.3252,0.0585,20.9758,0.0019,3.7956,0.0147,0.0096,0.0132,1.1324,30.4750,0.0393,0.1400,0.0180,0.0413,7.2278,527.4366,1.9578,9.4249,98.7778,1.9091,0.0262,0.0375,0.6312,1.9128,3.9338,0.0338,0.0002,1.9030,13.3877,0.0839,2.1502,0.4970,0.0312,3.1896,228.8584,12.1745,0.0786,0.0237,23.0156,0.0017,4.0414,1.2085,1.0997,0.0059,1220.9468,15.4847,0.0014,0.0406,5.3893,0.0000,25.0081,1.7970,0.0119,0.8768,0.0032,0.0045,0.1285,0.6650,3.2921,0.1909,0.2686,1.1381,69.4585,0.3043,0.1587,0.0061,0.4576,0.3116,0.0511,0.3512,55.8634,0.0237,0.0261,0.0011,0.0001,0.0684,1.1090,0.0843,1.1641,0.0016,3.5605,0.3940,0.3239,0.0126,0.0071,12.2810,0.0440,0.3552,0.0643,0.0122,0.2325,3.2699,1.4051,0.0118,0.1758,6.1268,0.0001,0.1859,0.0200,0.0007,0.9512,0.1862,10.9968,0.0030
0.0650,62.4744,0.0011,0.0177,0.7725,0.0086,0.0005,0.7298,0.0027,0.1967,56.5930,185.5044,0.0621,7.6467,0.0379,0.2628,2.6585,485165195.4098,111.4266,0.1583,19.0673,0.0023,0.0455,0.0091,0.0027,1.0155,2383.0264,1513.0344,1.6348,0.5190,0.0193,0.0012,0.4836,0.0071,0.0263,0.0350,0.0129,0.0755,0.7207,3.9193,1.6379,0.0036,0.3307,0.2741,0.0094,1.7186,14.5206,119.8632,204.4646,2.7081,21.6344,0.0288,0.0903,0.0135,0.0409,0.0102,0.9656,5.7667,0.0006,32.8222,1.5153,0.1860,20.9346,1.1879,0.0277,0.6150,17.5985,0.3571,0.0036,0.0184,0.0919,0.0020,0.0119,3744.8285,16.1646,120.3670,0.0575,0.0142,0.0027,0.0074,0.0051,57.1929,1.6720,160.9314,0.0490,78.0734,9.8309,0.0736,1045.1383,0.1838,522.1300,0.1400,9.4279,5.5553,5.9724,4.4973,0.0085,1.3592,0.2859,0.1816,0.0270,0.7077,0.9435,0.0260,122721.5482,9.0492,29.9621,192.2866,0.0111,450.0063,0.0471,0.7724,48.6022,0.0001,5.5790,0.0157,0.8880,4.9587,175.4656,0.0066,1.8962,13.6902,240.8946,47.2076,0.7987,0.0061,8.8699,224.0039,0.0010,0.0718,0.0499,2.1057,0.2469,0.0693,0.9425,1.0880,0.3579,0.3586,0.6425,16608.1557,0.3604,0.1830,0.0459,0.0048,0.7628,0.0123,0.0802,0.0050,0.0003,0.0372,1.4132,0.0022,150.6207,0.0178,0.2271,2.0936,292.1813,1.7068,0.0818,0.0003,0.0107,88.9234,13.8931,2728.2170,0.0017,0.1656,8.9238,1340.0174,0.6144,0.0307,1.0979,9.6822,0.0364,6123.9330,0.0003,0.2195,0.0687,5.3682,0.0179,4.8233,3.4697,6558.8834,12.6449,0.0779,0.0015,10.2527,0.0246,0.9086,0.0014,0.2225,0.0905,0.2724,1.0467,0.9433,1.0464,14.7982,0.1182,0.0599,0.0344,10.8877,0.0001,0.2497,9708.5207,0.0022,67.9010,0.5232,0.3750,16.9365,2.1511,0.1627,0.0021,0.1324,53.1202,1.0492,0.0001,0.0227,7.3063,0.0258,0.0130,0.0050,0.0014,12.0246,0.0997,0.2003,37.6555,0.0589,16.5526,0.0004,543.8132,162.3330,8.2715,0.0001,0.0028,2.0881,1.9336,0.0043,50.4628,2.1273,3.4015,9.2082,0.0022,5.1768,1.4453,620.8610,0.0322,0.2407,0.0014,0.0719,33.7035,3.7485,0.1543,7.4308,0.2255,0.7467,0.0933,0.0027
0.0379,31.9855,0.0082,216.0676,0.0412,0.8715,0.9821,1650.4530,0.0482,0.3660,0.0758,0.0159,0.8449,50.7962,0.0042,7930.7541,0.0411,111.4266,485165195.4098,0.0092,619.1694,0.0002,827.9249,0.0634,0.0249,31080.9107,6.6595,312.4894,29656.4116,26.8415,170.9465,0.6806,0.7236,18.7970,4361.6643,0.0000,180.2493,7.7519,0.5523,10.9271,18.7230,0.0005,5757.0817,60.9191,0.0000,0.6265,41.3052,27.6412,1542.1402,1184.1124,20.1636,0.3857,0.0001,1111.4084,0.0030,0.0013,0.0000,252.2913,0.0224,0.0617,2.0838,0.1143,0.1907,0.3781,0.1862,5.6014,183.8624,101.2099,0.1516,0.0006,35.5083,0.0490,0.7258,0.2176,310.2240,2.3365,0.0418,61.4629,0.4307,0.0003,0.0000,35.6270,0.0020,534.9281,4.2216,0.4187,0.1508,0.0042,0.8467,0.0004,53.9614,4386.0739,929.9660,97.6893,0.1069,504.1209,0.0059,0.0071,24.2560,57666.9527,0.0025,0.0019,2.5127,0.0001,9459.0812,1310.4059,0.0187,3.7408,0.8543,0.0065,4738.6361,114.3515,0.4000,9.3469,0.1950,0.0002,0.1995,8.5866,3207.3386,0.0069,1.1876,0.2739,0.0002,302.4628,0.7431,0.8641,0.0029,127.8289,4.7224,204.0617,0.0793,37.6594,419.2158,4293.5004,0.1614,1.1068,7.8644,1.9058,4.0507,11793.9142,2330.4918,35.1646,0.8632,0.0087,1.2666,6.9787,15.2335,0.0033,0.0179,0.0003,171.1771,150.3008,1203.9560,0.2970,2926.7419,78837.2622,41.3001,673.7567,0.5917,4.4066,6.7643,0.0306,2.4430,476461.1286,425.0577,156.6507,3.0413,0.0054,0.0484,0.0299,6.1422,0.0013,1.0751,4176.7707,0.6247,0.6155,9.9042,5.8538,0.2557,17955.0838,0.2228,10.2996,0.0082,1.4228,0.0535,0.0006,0.5880,0.0920,186.1483,503.2880,0.1968,0.1100,691.2670,238265.2200,0.0892,21120.1778,250.5387,30.3538,12.7742,1.2287,0.0038,48.6210,1.0963,0.0046,4211.5507,0.2351,0.0047,31.8079,23.5767,5280.8986,0.0060,0.0001,158132.9764,1073.9376,0.0019,0.0004,0.0001,73.3692,0.3093,1.7527,0.9539,0.0004,0.0013,120.8699,346.6661,9.9728,16109.1498,0.0038,336.7951,15.1891,20.0808,0.0059,0.0000,0.0085,1.5552,0.0958,28.3867,33421.3884,0.0637,0.5443,0.0437,4493.7727,1089.7847,0.1111,0.3993,3.1210,1.6024,7044.1666,1.8950,38.8826,0.0461,27.8188,86.9528,0.0000,0.0709,5.1858
1.7326,6.4470,1022.2648,2.2342,7.0695,2.0341,3347.2721,0.0001,297.9261,32.2063,39.4036,80.8635,0.8502,0.0026,35.2814,0.6340,15.5475,0.1583,0.0092,485165195.4098,114.7565,125.9449,64.4665,350.8384,3.0379,0.6696,0.2944,0.0018,2.6309,14.4188,61.5080,4.9323,42.0644,0.0037,0.0088,121.8410,9.2296,0.0030,1.1450,4.0672,0.0004,44.2482,66.5275,0.2331,5615.1199,0.5242,406.1392,44.0738,0.0005,256.4697,0.9891,0.0907,1450.8820,0.8307,33.0539,21.8594,154.6828,5.3656,1103.6086,304.7412,0.0156,22.3417,0.0952,218.6109,0.0543,3.0913,3.9207,1.3232,187.5845,13.1875,488.8005,1.0148,139.6658,0.0057,2.5967,8.5298,241.8328,2.9405,0.6577,3.2279,961.7701,0.2274,10.1919,3.5334,133.8939,1.5443,0.0087,2.2204,0.0015,15.7958,0.0055,0.2762,127.0804,2.2259,0.0672,277.6272,114.1159,1.4427,22.2403,0.1060,1426.7974,1969.0071,35.7828,5.7918,0.0121,0.0211,0.0463,3.3390,442.5574,0.0207,26.9590,3425.1995,2.7398,0.5767,3.6325,162.2524,4815.6552,0.0197,0.1034,5189.5784,873.0003,0.0663,4.0635,0.0001,15.0877,2120.6679,167.0433,0.0337,0.0130,0.0328,1.2891,92.0060,145.6909,1.1448,506.1065,0.2107,0.5063,0.0394,403.6136,0.0318,0.0031,1.8863,2.9746,0.0169,4.6866,651.4562,3291.8163,5.8397,1127.4387,93.4267,0.1702,0.0510,0.0068,2.9345,0.0002,0.7757,0.0985,149.4439,5.7745,0.0842,0.0151,116142.1774,289.8599,0.0002,935.9583,0.0433,19.7089,229.3438,255.5969,2458.9532,14.7343,0.3609,0.8932,0.0008,15.4541,67751.5319,621.8686,0.5201,987.3511,0.8966,0.2206,0.0985,157.8113,0.3526,3342.1720,1.6208,27.1717,0.1117,0.0070,6766.9177,74582.3751,1146.5547,611.6759,0.0485,0.0363,0.0005,2.6021,0.0005,0.9804,0.0256,26.4580,0.3601,0.0395,40.8015,0.0439,328.2539,1.5868,0.0263,0.0526,0.1933,20.6182,1.1448,0.0490,0.0002,3014.4751,1145.7134,2936.4439,0.4802,62.8502,1184.0763,141.2708,0.5685,0.2018,201.9742,0.0003,0.4963,0.0044,100.2839,0.0000,0.0144,4.5609,238.6023,65.6957,0.0241,2.7760,91.6503,0.0000,1.5166,0.0093,0.3881,123.6788,380.9859,0.0259,0.0405,16.0542,4.3683,459.7441,1324.0197,12.5183,0.7387,3.1252,0.0745,1445.0231,595.4547,0.1776,0.0002
