485165195.4098,5523.8036,1629296.0715,0.0282,0.2084,0.0141,4566.4041,0.0683,0.0000,0.0066,0.0007,0.0178,0.0003,0.4812,0.3744,0.1929,5.0611,0.6498,26.5417,7873.4821,13595.7815,0.0008,254.6364,0.2702,80460.8703,20.5231,134224.6586,23394.8284,2032.1594,3.7438,0.0494,0.0093,287.1263,0.0008,524.1171,0.0000,0.0125,0.0319,2403.3759,0.7029,0.0008,11313.7226,0.0000,1466958.9038,149.5271,0.0026,0.0018,0.2055,34.1452,0.0057,0.0025,0.0000,152.4633,659.5264,14.3250,16.0384,3.9919,40774.5979,21.1327,0.8563,83.8034,265143.6205,95.7592,0.9809,0.0792,0.4846,810.6595,39391.5994,0.0006,0.0504,0.0275,436216.1148,11.7178,0.0014,0.0099,9.2680,0.0084,0.3977,0.0001,0.0154,142641.9423,4.3139,62565.7696,53.9410,0.6302,0.0005,0.0000,0.0159,0.0043,1.1896,0.0136,0.0029,0.1887,0.0004,65.0963,0.0000,0.0001,0.0041,193.2665,0.0000,0.0000,0.7530,11.0427,0.0079,0.0085,510.4889,713872.5846,0.0913,773.8210,3139.0664,1.0346,0.0038,9352.5961,614.2395,0.0028,633.5108,374.3883,3.2802,725149.5705,0.0000,1452.9619,1.8074,0.0095,0.0789,0.0052,0.0014,512.6060,0.0018
5523.8036,485165195.4098,0.7055,0.0003,44115.0512,907.4992,2293.8278,9.6522,0.1996,0.0001,0.0760,2.9566,70.1074,1496.9002,0.0576,42.7507,0.0236,5999029.7350,63995.8613,153400.6331,11.1668,0.0012,7645.4645,1.1660,44.7558,86837.0718,26667.9694,2205838.1547,398402.7123,0.0000,27.7672,42855.7588,39240.5546,690.7182,22574.0711,0.0158,97.4347,4.4264,47164.4248,0.7118,0.0000,8204.5632,0.0029,59722.3922,235258.6470,0.0007,1.9095,1335.7147,700.9020,0.0067,647.9702,0.0001,0.8446,1589607.7498,0.0083,201646.3910,0.2631,60023.3067,144827.1388,58.8779,85414.2667,12.2991,686.6970,3.3015,6.1071,18438.1695,1748.8013,23742354.6694,0.0001,2.1868,0.0002,39.6054,0.0786,0.0000,0.0001,62561.2702,0.0046,15.4037,0.0000,1.7542,24840117.5439,7760.0144,34873753.0477,60332.5659,163.7265,6.7747,0.0013,9318.0962,0.0331,205.8316,13.7063,0.0028,0.0161,1.5981,1393027.1219,0.0000,0.0000,0.0180,9558098.8696,7.5762,0.0000,6964.4706,10.8644,1.6607,0.7974,444.6339,4627.7240,530.2343,766.6792,33165829.0266,6395897.2058,0.2663,0.3234,10679272.7895,6.9123,147.0183,0.6955,114.5530,516426.4504,0.0001,31161004.1134,0.0159,665.4090,10561.8930,0.0000,15.3316,9968.0649,0.0020
1629296.0715,0.7055,485165195.4098,0.0670,0.0001,0.0000,227.7243,0.0001,0.0000,0.0253,0.0000,0.0001,0.0000,0.0011,0.0060,0.0005,592.1295,0.0004,0.0411,0.5529,18.4133,0.0002,16.9434,0.3770,32704.5512,0.0266,636.2351,204.2969,5.7459,286.4793,0.0004,0.0000,0.5166,0.0000,44.6260,0.0000,0.0036,0.0024,10.1580,0.0006,0.0401,9.1201,0.0000,813.7562,0.1505,0.0002,0.0000,0.0006,1.1723,0.0022,0.0076,0.0686,1.6506,0.0327,377.5811,0.0068,0.0845,0.8419,2.2429,0.0016,0.0441,227.5207,0.1535,2.5314,0.0000,0.0007,3.3502,1.6927,0.0002,0.0003,12.2053,182127.4480,1.8003,0.0814,0.0126,0.0088,0.0001,0.0562,1.6227,0.0001,100.1256,0.0019,84.6021,0.0276,0.0003,0.0018,0.0000,0.0000,0.0008,6.2505,0.0003,0.0178,0.0218,0.0000,0.0605,0.0009,62.0271,16.0808,0.0091,0.0000,0.0000,0.0682,0.0059,0.0000,0.0000,46.6996,3329.1988,0.0000,0.9725,1.7517,0.0037,0.0011,6159890.7931,0.0098,0.0000,1.0389,396.4330,0.0013,10208.2389,0.0000,0.3782,0.3445,0.0000,0.0000,0.0193,0.0166,2.6215,0.6264
0.0282,0.0003,0.0670,485165195.4098,3.9642,29.9819,1.1062,5.1772,3334.6350,1695290.5820,221.3951,152.4612,25.0780,22.7140,185719.1671,10.2777,169.2790,0.1624,0.0867,1.4565,615.4329,935712.5645,0.0257,6.7446,84.1198,0.0051,0.1144,0.0001,0.0215,1.0084,891.9513,0.0249,5.1092,10.1465,0.0013,17985.0545,0.0001,90760.3325,0.0083,272.3597,5580600.0942,0.0432,1036300.5401,0.0007,1.9187,977730.9057,15510.1540,3389.2661,18.4028,219.4139,0.0000,356.6303,221.4932,0.1545,2.5537,0.0004,4225.0362,28.8967,0.0089,8156.0489,0.1146,21.6391,1198.9328,2182.6712,563.1870,5.7698,0.0009,0.0001,508.5131,29195.7876,0.0006,0.0004,430.3993,1253361.4748,7683.4174,0.0013,1572412.6670,3070.5184,0.4198,21.4877,0.0000,786.0336,0.0010,6.0401,1.0626,396.2597,287626.6885,0.0009,3721187.1641,0.0004,181494.8749,198665.7267,33406.8767,50539.3834,0.0000,107992.3861,4.3048,0.0001,0.0126,145.1641,651.5547,1.6321,82.7248,330414.9667,0.8588,5.4238,4.8088,2.3827,0.0001,0.0009,0.0001,17.7860,0.1260,0.4705,0.1939,24762.8409,6.8448,1161.5350,0.0005,967.3011,0.0250,3985.6278,24.5570,704.1337,263643.0577,0.0724,46.6801,137018.6910
0.2084,44115.0512,0.0001,3.9642,485165195.4098,1833.2545,6539.3382,359300.4989,14041.6564,0.1183,13139.5319,5208.8634,97540.7693,121.6333,339.4302,8975962.7661,0.1597,454768.7921,546340.6316,362207.5065,131.2095,4943.5396,4.6346,102.7722,162.9967,946.7332,16.4214,1042.5084,14.9129,0.0000,71.1761,690023.0975,2613229.3614,2509.2357,43745.8851,127294.5274,11.8347,10596.1648,48.6457,184864.9844,0.0323,286556.8162,214.8451,44.8595,6280.7093,19.5644,2133919.8366,14445.0063,41917.5740,9416.1121,3655.5420,0.0124,13457.7794,2597464.4441,0.0052,13582.8591,2856.5188,15040.8477,97290.3073,14014007.2259,8327.9251,687.5899,41159.3480,7875.6423,142432.8224,1984173.7122,191.2739,68088.4071,4.5034,272549.9217,0.0000,0.0004,32.6557,0.5072,1.3003,4.3057,797.2582,325.6425,0.0000,1633657.6043,25.8134,635.8341,7438.8302,1128905.7856,158391.2546,33597.3401,8763.3282,60.1174,276.8151,0.5231,177278.4422,4.1973,0.2444,13842.4617,59488.3729,2.6267,0.0007,0.0000,16043109.0087,730948.6128,0.3230,143125.4510,14176.1160,321182.4052,194113.8690,4657.4952,73.3041,419152.8148,813.5881,5199.0261,42563.6621,56.4076,0.0006,2061852.7374,15552.6176,25800.5723,0.0272,4317044.9946,5.5845,334.2962,119539.7065,1522.5279,40139962.7354,1198250.6479,0.1941,13.3147,6.6487,21.2418
0.0141,907.4992,0.0000,29.9819,1833.2545,485165195.4098,0.2695,37.5261,84.0250,136.7216,38.6813,19937.7682,433.1787,3256.0415,49.8069,8.7427,0.0148,3812.0152,1.3188,998.6688,0.4815,191.4565,98.4418,0.1624,0.0999,1510.4507,0.8009,0.7533,95.9623,0.0029,9501.3225,27764.0074,128.1985,2932.1402,0.0461,28.2413,3.9193,309.4931,2.5737,23.2431,3.5851,0.1743,10549.5934,0.0398,30157.4532,1491.7852,8437.9771,805.5328,3.4651,0.2072,0.0432,1.9540,0.0271,4392.2235,0.1728,731.4742,0.0509,211.0420,33.5778,360.5767,21.7101,0.0160,3326.5705,0.2584,18011.3991,399.5006,8.3138,49.8061,7.2810,304.4245,0.0032,0.2309,0.0498,0.0650,0.3456,9552.8735,6604.4722,334.0571,0.0015,9.1064,7.2138,48456.9238,2.5885,177.7386,2556.2191,156.3641,328.5509,83351.0831,946.3078,0.9838,152.8966,0.3495,17.6871,39756.2697,1.6196,9.0542,0.0000,0.0165,1470.8355,637.8081,14.9725,2.2595,43.1830,1774.0192,6.2876,0.7225,5.8130,27944.8791,0.1432,35.4609,2968.0264,0.0299,0.0000,9225.3403,928.2959,656.4722,0.1405,759.6505,2.8750,0.2945,8479.5013,1.2148,105.2997,60794.4801,16.4463,0.0496,1033.8314,0.4704
4566.4041,2293.8278,227.7243,1.1062,6539.3382,0.2695,485165195.4098,12176.0363,23.6903,0.0301,66.0515,0.5541,27.9174,52.6158,8.9615,37577.1378,477076.5320,824.3324,458418.0164,71335.6425,107419.6036,10.6160,0.0896,0.0013,130180.5651,1.1961,4.7225,724809.1243,3018.9399,0.0000,2.4103,0.2298,681522.1991,2.5295,8873.1784,385.9644,0.0001,732.7662,48.3883,4908.9566,0.0182,198288.6878,0.2800,610.7290,744.8794,0.0006,22.6092,45.3030,914.4962,47.4276,1020.6152,0.0171,93051.8916,11096.0103,0.0010,5117.4288,1479.1583,1172.8221,3566759.8505,508.5746,535775.4278,35703.3977,39045.9054,8791.6868,13.2970,3920.4208,0.4098,65506.4074,0.0077,136.4876,0.0007,0.0247,180165.9747,0.0613,0.0976,0.0018,0.0319,0.3559,0.0001,5893.9090,20.3736,0.4453,76940.5378,36574.5340,7.1343,13565.2863,6.3416,0.0003,12.2683,391.8783,726.2817,524.6642,1.5286,5.2934,3363.1906,0.0088,0.1101,0.0000,24345.1745,1.2774,0.0054,105423.4717,20905.0934,20.8267,30.5089,32728934.8265,5273311.6564,213.3844,246.7524,31711.3981,6.6538,0.5112,41394.0718,683.4077,25.6451,167199.6566,0.0322,1737.1348,79.2633,1.8037,44104.9360,66730.8658,8129.8029,2.6439,1.7831,0.0617,23.8424,227.4990
0.0683,9.6522,0.0001,5.1772,359300.4989,37.5261,12176.0363,485165195.4098,193312.5085,8.3120,321745.2754,65615.9659,115052.6912,877.6388,7134.8074,15538435.9394,42.3882,922.7673,33231.1546,81656.1775,1486.4758,192076.0645,0.0263,1.0952,17.1420,54.8166,0.4076,189.2723,0.4205,0.0000,608.4809,21189.9270,135595.8405,3352.4442,1167.1658,486478.5459,0.3628,30281.7151,25.1016,9537360.4663,12.5023,63822.1342,271.3399,13.5818,890.0553,14.4971,960225.1214,1323.6092,920.3453,34788.7841,747.8385,5.4495,1646832.0372,3413.7329,0.0026,4245.0932,25598.0776,1178.9313,381.4936,173370.5435,9081.1857,6645.9587,112372.8228,1040.6254,3115807.5467,554491.3341,169.5947,1415.3085,78.8586,109442.4514,0.0000,0.0001,111932.2045,1.0628,6620.1793,0.0219,427.0572,0.1264,0.0002,26021685.6404,0.1039,27.8483,26.6609,3933.3317,557823.1062,7566.3782,56862.5879,0.0920,652.1796,0.9193,41679.3871,181.6133,256.2110,2631.3324,10076.1207,7.0073,0.0097,0.0000,97874.4208,239334.7378,26.3999,25359.3886,10407074.7046,20976.1784,3089619.0080,7462.1232,557.9982,982167.5758,183490.2578,146.8045,28.1785,2804.0108,0.0016,4777.6985,1387508.8556,11396.3480,0.1150,217754.0632,0.1209,20487.0169,1003.3039,485040.7479,7161193.0347,533.2472,444.6592,0.2575,0.4909,74.2995
0.0000,0.1996,0.0000,3334.6350,14041.6564,84.0250,23.6903,193312.5085,485165195.4098,3011.8280,5980050.4380,61189.1004,5202345.5411,19036.0340,3322.5901,48715.2510,47.2209,15920.6162,2625.0698,31.8236,61.6512,281639.3316,0.0001,0.2798,0.3191,8.8544,0.0011,0.0910,12.0770,0.0000,5741.9219,607.9963,371.0975,694729.7983,3.3172,2800905.5893,0.2840,1035338.2366,2.0076,16667.7613,160.8938,8.6361,2720772.6520,0.0100,14.3195,727.4214,28128.5210,1337273.2326,388.1253,60243.6346,438.1277,520.2770,1095.7077,10.6227,0.0001,4.7178,4881.3362,6.1764,9.7728,5363.6392,1222.5795,1.7948,404.5726,16.0872,5711.8297,14511.0052,0.0061,0.4854,116.7960,332437.9590,0.0014,0.0000,129.9229,2610.4823,9317.6446,0.0031,5627.1217,145.5770,0.1569,166692.9822,0.0001,834.7788,0.4685,907.5305,445.9243,117912.6041,396887.1121,1.2036,3144411.1297,0.0660,1985023.6888,542904.4123,22920.4575,8497264.7678,34.9956,34157.9174,3.4894,0.0010,24.9460,1260184.2438,62298.2195,30019.6671,10064.5311,1727988.8478,8357.0038,16.7627,0.6632,9245.3605,0.1501,3.2294,1.7920,201378.8254,0.0006,14.3344,1084.6457,208.6741,0.0027,16665.7676,0.0001,3665792.6933,21.8494,162.2074,1238312.8605,3247.6789,39682.8333,341.1266,1.7058,1986.1272
0.0066,0.0001,0.0253,1695290.5820,0.1183,136.7216,0.0301,8.3120,3011.8280,485165195.4098,15658.0294,24760.7882,1313.1857,673.8266,2003179.6090,0.6262,22.1475,0.0290,0.0012,10.5630,192.3722,1883871.0896,0.0003,0.3006,156.8795,0.0018,0.0056,0.0001,0.3987,5.8818,69646.8677,0.1666,0.2194,378.0308,0.0014,1099.9937,0.0004,243577.5783,0.0134,8.4823,1708863.9658,0.0044,1702253.2047,0.0018,37.6389,820569.6464,281.8934,2956.5830,48.3517,4.5602,0.0000,22981.2187,16.7715,0.0025,0.1120,0.0012,3542.3643,2.3206,0.0040,19.8241,0.0866,1.5723,5929.6325,5.3301,94.4294,2.0576,0.0014,0.0002,6021.3882,2073.6345,0.0436,0.0022,5.8382,111031.3137,307672.6322,0.0007,914718.4778,1.5393,15.2745,12.5820,0.0000,335.7488,0.0003,0.0021,0.2920,424.7198,2058.3761,0.0730,7579336.0362,0.0000,10949.5393,141498.4656,627280.5210,875800.6041,0.0004,1033789.5356,5.1673,0.0803,0.0027,789.1782,6586.8627,0.1484,4082.8945,807.0964,1.0562,0.3416,0.4723,11.9215,0.0005,0.0005,0.0003,1383.5690,0.0082,0.0208,118.3650,10192.9148,0.5826,42.4206,0.0004,1826.7597,0.0823,80.6619,1.1211,83.5357,3810593.9370,0.3606,0.0832,202.8579
0.0007,0.0760,0.0000,221.3951,13139.5319,38.6813,66.0515,321745.2754,5980050.4380,15658.0294,485165195.4098,113287.1746,460796.0414,580.0351,8272.9014,423138.0380,34.2452,126.6876,2818.7454,822.0421,1108.9601,1279328.4067,0.0000,0.4786,312.7957,0.4380,0.0015,0.0345,3.6810,0.0024,149.3683,158.6520,484.3045,6844.0487,226.0907,561951.2571,0.4212,85308.7316,0.2172,55596.8840,441.4484,1717.5512,426407.6242,2.9858,11.1784,6583.8968,15973.1851,37641.8216,4342.5357,819838.3209,100.6877,157.5241,67112.0264,5.5030,0.0002,4.5418,45060.1935,44.3975,13.9755,11881.5410,27.4583,675.6986,867.1978,2.9624,2193.6483,678.8672,0.1095,1.7465,9371.3070,159173.9677,0.0043,0.0000,32.4995,16330.6873,34036.1806,0.0001,33711.3529,4.9031,0.0120,815024.4406,0.0002,4.6758,0.2536,79.6865,257.5465,9072.0761,39650.9437,0.5193,1468955.6319,0.0003,163250.1637,31279.7118,885.1284,2020242.4052,67.1600,227739.0150,3.2269,0.0016,37.6107,1037635.0109,1466.4209,365.8145,190831.6927,88402.9902,132793.1565,19.9433,1.3811,47921.7954,3.8783,0.0890,0.1104,152216.5093,0.0010,1.8172,8429.4361,1833.0414,0.0018,417727.7051,0.0002,1106448.9409,10.9897,182.3620,956170.8041,745.3181,14471.4428,190.0120,0.0027,3.6266
0.0178,2.9566,0.0001,152.4612,5208.8634,19937.7682,0.5541,65615.9659,61189.1004,24760.7882,113287.1746,485165195.4098,49320.3151,108685.7795,75189.5626,427.8966,0.0251,1302.3827,9.2449,4208.4775,0.9704,63058.5439,0.8244,140.0118,18.2684,27842.3563,27.7056,0.3211,4.1717,0.0001,104106.0497,22666.6564,8096.4959,40496.1031,222.1847,14375.9176,103.8185,543268.5002,11053.5350,587.0449,21.6892,16.7857,2302.9764,1.9953,26286.1797,916.2375,33229.5216,255359.2482,162476.6137,1361.6618,0.1339,5705.2943,335.0440,13.3885,6.9613,0.2741,575.0336,101.7905,0.1417,10967.7715,7.0886,60.1758,33486.5179,10.4842,136599.2786,239830.2173,1750.9077,14.7797,1.7714,8292.5560,0.0000,0.0548,0.8270,7.7013,550469.4886,0.7370,29000.3035,5.2964,0.0007,674.8232,0.1251,315744.9501,4.2433,4.3963,741684.2545,26.4796,225.7359,3.0203,89467.3509,0.0003,20714.4002,13.6286,190400.7444,877031.2458,205.1144,2439.5908,0.0117,0.1797,934.9675,47159.9731,3.2190,5426.1094,70752.9485,54401.3973,128.8040,0.6911,11.5832,3149.8422,284.8697,7.5453,139.3085,21439.5194,0.0000,2862.2797,7534.8313,723.2840,351.5154,8098.6216,19.9974,1001.0320,586.2891,105.5017,3535.5100,833.4756,20587.0113,7.8666,4.2446,3.1840
0.0003,70.1074,0.0000,25.0780,97540.7693,433.1787,27.9174,115052.6912,5202345.5411,1313.1857,460796.0414,49320.3151,485165195.4098,246693.7004,95816.0146,38504.4873,2.3308,79355.5093,361.4671,12667.9410,54.1487,110494.7731,0.0023,0.7134,4.8398,3.9634,0.0310,12.9472,452.3938,0.0000,166518.4449,45420.8015,185.1928,8570506.1229,43.0657,35580.4715,0.5038,2584585.4335,9.3780,722.6920,1.9453,18.7070,126267.1714,0.0845,7335.2245,173.2962,8868.8753,483099.7257,3447.4234,26.9040,158.4682,23.2753,143.5219,191.5803,0.0000,312.3313,53210.7708,301.0586,286.1312,2238.5755,34702.6097,0.1920,38720.6615,18.7303,1363.8010,181793.4374,0.0307,231.6001,241.6740,268774.1726,0.0003,0.0000,58.3308,6.6385,1953.3644,0.0593,936.4768,0.2341,0.0203,108139.9449,0.3500,3815.7759,165.0003,58.3548,185.7379,919010.5476,1069.4948,131.3285,105006.6574,0.0266,1224306.5056,49622.5671,6189.0164,4208235.1001,3844.2403,463.6351,0.0418,0.0061,2268.9790,7653317.3395,2930.7880,24369.3169,81876.3172,9275.8430,16828.6872,34.4315,0.5614,7887.6922,1.9555,925.2229,478.5688,47693.1963,0.0002,2109.6073,188410.4866,5783.3520,0.0002,1788.2620,0.0085,55490.5395,5935.3995,13.2843,928675.5793,50759.7050,347.3433,1038.8287,0.1439,60.1561
0.4812,1496.9002,0.0011,22.7140,121.6333,3256.0415,52.6158,877.6388,19036.0340,673.8266,580.0351,108685.7795,246693.7004,485165195.4098,24416.7960,8.0767,10.6272,306328.1394,144.1713,2098.5161,3.7035,218.3117,3.0238,0.8147,3.5614,2076.6720,207.8652,120.7438,38777.6758,0.0000,23660476.6773,2761.2374,172.9635,27113426.5502,7.0371,15.5521,2.0844,1683040.8824,47654.9387,0.4413,0.0978,1.6183,435.6536,26.5919,227516.3386,1.2322,21.8964,3288562.6666,12394.5790,0.0612,1.8732,1315.4954,12.9139,4.6099,0.0006,23.6773,668.1385,2186.9063,9.0582,5.3967,39721.8340,0.7085,96735.1223,21.8813,103.4084,230531.0469,1.6073,170.8225,0.0237,140.2579,0.0001,0.0025,39.4245,0.0204,2864.3783,7.8360,4.2016,0.0795,0.0622,8.7841,42.8892,1038014.3415,7369.6948,2.4702,62.6144,336.4569,0.3990,13.1798,18634.5863,0.1062,179645.3159,9393.2610,1169915.2370,109548.7211,21338.9217,1.4335,0.0015,0.0327,822.5091,3151.7322,1.8775,67009.2013,35251.7237,99.8411,0.6632,124.0441,110.6257,25.8237,7.9235,94664.7857,1144.3030,33236.9995,0.0068,10940.5043,1093.7133,1862.0131,5.3008,4.8388,62.9264,18.4241,56258.1139,3.8338,431.7582,837.0434,40.8645,1367.4507,1192.8537,7.0696
0.3744,0.0576,0.0060,185719.1671,339.4302,49.8069,8.9615,7134.8074,3322.5901,2003179.6090,8272.9014,75189.5626,95816.0146,24416.7960,485165195.4098,1198.2609,2.4148,2.9361,0.8080,5713.9117,732.6128,13369593.1922,0.0773,68.8141,1520.2853,0.0212,11.8430,0.0307,0.3036,0.0164,923905.2500,158.8984,37.1310,16947.7776,0.7780,13561.5158,0.0085,6220761.7022,1.8293,592.3449,48416.8618,7.1226,28736.0213,0.3393,2054.8375,119887.6199,51832.5322,10072.8295,17736.3266,6.4111,0.0002,350.3583,11809.8708,0.6958,0.0439,0.0578,10796222.5913,5182.2329,0.1339,15061.6213,27.2734,248.4720,2583150.6496,14716.6863,18189.8880,13337.5867,0.2967,0.4674,6742.7435,151268.1278,0.0000,0.0002,9519.2894,1820.0142,1904843.8031,0.0039,374420.2908,0.0185,0.0168,3789.0581,0.0048,4692.7298,1.1542,0.0627,132.0892,1838.5520,942.5225,0.0202,301916.7928,0.0000,1429117.5604,60131.8732,361017.3276,138942.5503,3.4849,7947.2674,0.0285,0.0003,29.9225,187255.2670,41.1648,62.1920,1510399.1932,2559.2342,736.6385,111.0614,4.3298,60.4828,2.9022,0.9002,0.0464,3695.6154,0.0016,417.8380,26677.4728,1541061.5046,3.3289,1429.2704,0.0309,1821.8204,13.5679,24849.2511,1022.5365,5922.6209,11266.4698,4.6599,0.0650,426.2538
0.1929,42.7507,0.0005,10.2777,8975962.7661,8.7427,37577.1378,15538435.9394,48715.2510,0.6262,423138.0380,427.8966,38504.4873,8.0767,1198.2609,485165195.4098,11.8045,629.5140,595180.6830,87319.1245,11288.5604,212647.7866,0.0061,12.1756,525.7604,1.4745,0.4578,34.2265,0.1640,0.0001,2.5798,4604.3032,59644.1396,114.6384,9352.7144,489835.3619,0.3797,2813.6119,0.2407,20110238.4044,14.1971,3196581.7788,488.8150,80.7527,19.5761,144.1347,2525810.4235,334.0441,1078.5086,361372.2990,2287.7835,0.0354,7138068.0038,65219.9816,0.0007,3174.1360,128210.2528,21238.5889,4064.2431,7534501.0531,967.9167,34462.9723,15463.2470,3766.5909,177212.4114,20302.6633,32.3232,1203.7219,1848.9433,2452111.2971,0.0001,0.0000,28234.3359,60.9675,105.1538,0.0043,1856.9122,7.2283,0.0000,113501100.0084,0.0947,0.6954,105.9857,181491.8560,51163.6829,20832.0436,205429.6870,0.2197,505.1173,0.1266,96136.8731,121.0252,0.2864,1539.9185,4432.7140,27.6543,0.0187,0.0000,117906.7788,557092.9393,3.6051,3537.8079,391024.1935,151558.4185,20503857.8886,10454.4888,77.9190,415776.2716,6209.9365,27.7519,6.9352,135.4306,0.0061,5220.4589,46476.2678,33858.0441,0.0023,11642377.8249,0.0123,13374.9177,582.8277,142926.5375,72736980.9234,4953.5815,4.2477,2.0546,0.0380,89.5387
5.0611,0.0236,592.1295,169.2790,0.1597,0.0148,477076.5320,42.3882,47.2209,22.1475,34.2452,0.0251,2.3308,10.6272,2.4148,11.8045,485165195.4098,0.6493,18.8901,6.7855,2583.9396,20.5409,0.0003,0.0001,908.5139,0.0022,0.0013,490.2774,100.9346,0.0165,4.7165,0.0000,86.7703,0.4468,0.5243,52.4679,0.0000,477.5477,0.1368,17.9166,27.2072,6.5703,40.4011,0.0787,2.0887,0.0036,0.1251,4.9160,1.3355,10.7307,40.0159,74.1471,489.3016,0.1694,0.0003,8.7029,23.8635,0.1269,2637.6391,0.1247,4012.1290,26.7461,109.9713,81.0785,0.0217,1.7609,0.0000,0.4758,0.0276,1.9765,1.5609,0.0010,24990.2492,5.7905,1.9288,0.0000,0.0163,0.2008,32.5579,45.7964,0.0014,0.0042,1.6745,11.8848,0.0007,17741.9323,28.8533,0.0000,242.9286,1089.9295,141.4581,319440.3874,373.5324,11.5395,0.2681,1.5986,1534.2193,0.0010,0.0828,0.0194,30.7667,446.5060,157.2783,1.0335,0.0979,317410.0385,20965.4615,0.3284,0.0281,9.5934,0.0021,4.0245,967737.9999,0.0038,0.9220,680.7665,0.0049,0.4163,0.0328,88.8801,2.8353,2455.9250,7.7985,0.0042,1779.1653,0.0797,23.3573,14275.5239
0.6498,5999029.7350,0.0004,0.1624,454768.7921,3812.0152,824.3324,922.7673,15920.6162,0.0290,126.6876,1302.3827,79355.5093,306328.1394,2.9361,629.5140,0.6493,485165195.4098,244311.6017,29115.2427,4.0002,1.1010,33.3287,1.5830,2.3360,167951.4546,131.9583,63930.2253,255018.9402,0.0000,9070.1326,328006.0292,181931.9404,1213716.9218,3560.4118,50.3902,41.3199,11915.3849,36162.5045,9.0943,0.0000,587.5803,30.1761,294.4420,192948.0420,0.0210,214.1879,3629738.7468,7231.5628,1.7032,10965.3110,0.1344,3.6582,132426.2823,0.0002,29003.5348,4.0043,4046.2005,54340.3295,769.8662,457537.7451,0.9732,3659.6093,23.8504,169.0295,1362679.3558,33.2698,222959.6567,0.0005,244.2663,0.0000,0.0033,0.1730,0.0008,0.0329,1475.7545,0.2709,388.7403,0.0000,146.9989,7577.3505,197596.1452,1021440.8840,155344.1815,547.4518,4020.1720,2.7400,3222.2657,251.1030,87.9214,41654.2730,13.9391,33.4105,13561.8844,1200081.1911,0.0061,0.0002,0.0082,2138795.3776,8454.2685,0.0613,1861638.1460,212.3568,2270.5419,7.1219,575.8404,324.1095,6163.9933,21.7841,7114095.9352,3689522.7399,1514.9289,0.0085,2607119.6739,118.0838,212.4260,0.1585,1285.0331,1051.5706,1.9021,9954067.5821,0.1242,130498.2510,190659.9722,0.0161,1361.6583,28756.3098,0.8164
26.5417,63995.8613,0.0411,0.0867,546340.6316,1.3188,458418.0164,33231.1546,2625.0698,0.0012,2818.7454,9.2449,361.4671,144.1713,0.8080,595180.6830,18.8901,244311.6017,485165195.4098,7623.5208,2410.7213,5.9535,0.5267,0.4133,364.6087,624.0045,208.2932,5483.5034,631.4133,0.0000,1.0528,2239.3479,193815.7264,196.3759,116794.6862,1469.2051,12.1251,131.3548,514.8473,11753.4709,0.0008,2259132.9049,0.8344,41859.4920,152.1485,0.0257,517.8887,7604.1425,6079.1402,9490.6274,105378.8869,0.0148,66362.4133,26086.2990,0.0018,8788.9564,410.3729,6101.4334,95972.4600,10774.7673,12746.0045,16229.0451,233.7590,896.6925,134.3423,61078.5760,219.3577,24172.1662,0.0355,2015.5999,0.0001,0.0147,774.8777,0.1667,0.1389,1.3052,0.7842,225.7208,0.0000,33778.0779,95.6170,22.9120,79333.8915,847676.8795,3055.0608,187.6012,47.4475,1.0746,20.7450,16.8151,2890.1287,12.0919,0.0583,35.1545,187486.7532,0.0564,0.0045,0.0000,517286.0767,690.1551,0.0092,291282.8342,3030.0757,2620.3621,1312.4012,38179.9447,3936.8072,18466.0861,4824.5584,22353.2211,996.1323,396.2305,0.8776,18058.4939,28.4787,392.2645,0.3684,168032.7814,37.5042,30.2319,37832.4715,451.4740,1696512.0682,1600.1507,0.0073,175.4730,29.1314,3.2511
7873.4821,153400.6331,0.5529,1.4565,362207.5065,998.6688,71335.6425,81656.1775,31.8236,10.5630,822.0421,4208.4775,12667.9410,2098.5161,5713.9117,87319.1245,6.7855,29115.2427,7623.5208,485165195.4098,245799.4544,921.5581,3.1312,0.2642,139802.5552,174.4304,234.7836,97517.0923,11723.9111,0.0000,1383.8189,8198.7116,1094994.6537,351.2364,15697.7263,27.4587,0.0085,13815.7615,426.4401,23260.7647,0.0201,418879.1196,8.6734,12214.4007,2491296.8064,6.1601,4868.8199,11090.6675,17827.4378,1.9699,0.6109,0.0016,26291.4325,3137497.2299,0.0007,116244.0460,3647.2720,3450800.1411,59661.7291,70151.5620,144901.8325,31599.3205,11100817.1491,63.3011,13234.9403,83656.0354,633.3562,4406981.5872,0.9991,24047.4993,0.0000,0.4239,126.2320,0.0105,2.0561,5.5334,169.7378,2.1074,0.0000,28152.0330,4937.5394,3230.1087,232378.3535,38716.4909,4702.8047,2970.0381,7.6446,20.8550,352.2472,0.4279,6477.2404,3.6064,25.4596,2371.5562,25844.9205,0.0063,0.0000,0.0000,5202895.8711,1443.6043,0.0008,2862.2821,1025873.2823,578.8612,1688.8934,25352.3309,330785.1260,228783.0999,4700.0822,146389.0587,2835.9195,11.9146,0.0764,2265172.8945,19497.9549,5519499.2753,0.0597,293200.3738,1714.3641,0.0305,11021735.4192,454.0089,60991.5662,43889.4971,2.5104,0.0234,114.4272,0.1530
13595.7815,11.1668,18.4133,615.4329,131.2095,0.4815,107419.6036,1486.4758,61.6512,192.3722,1108.9601,0.9704,54.1487,3.7035,732.6128,11288.5604,2583.9396,4.0002,2410.7213,245799.4544,485165195.4098,1018.5465,0.0005,0.0001,66158.6444,0.0107,0.3920,62.0671,1289.3101,0.1885,3.1792,0.0702,1479.3420,0.4239,2.7124,40.9350,0.0000,229.2313,0.0918,258951.4750,43.4161,23370.5521,207.0727,535.9837,87.3918,165.5159,44.4373,190.7874,5.3600,52.2585,0.0089,0.0002,100888.4611,9454.7246,0.0002,1298.8401,10624.5638,137515.7971,576.9852,1231.7830,13443.5547,601214.3827,16989.0269,2.0802,239.5318,3.5290,0.0400,1159.2723,132.7233,29409.7147,0.0380,0.0870,17277.4111,69.8039,1.1880,0.0101,1089.5022,45.0593,0.0001,11904.1302,0.4666,3.6664,44.3944,24626.0868,2.0799,252.7593,351.1186,0.0611,4182.6258,0.2449,391.8232,2428.8471,20.1816,170.6790,0.5748,0.2885,0.0002,0.0000,103.6133,3.1093,0.1339,2.3209,78644.3661,1043.0141,619.4686,18757.4112,519850.1934,7617.1109,3.4849,20.3861,0.0038,1.1627,47.8786,33.7841,5.9210,1674371.6095,0.0015,83311.7052,0.1382,0.1215,632.2883,3836.9701,989.7240,220.6204,891.5313,0.0002,28.2103,2.4192
0.0008,0.0012,0.0002,935712.5645,4943.5396,191.4565,10.6160,192076.0645,281639.3316,1883871.0896,1279328.4067,63058.5439,110494.7731,218.3117,13369593.1922,212647.7866,20.5409,1.1010,5.9535,921.5581,1018.5465,485165195.4098,0.0007,31.1203,362.9708,0.0047,0.0170,0.0009,0.0031,0.0126,10153.0230,97.4922,86.4048,1501.9266,0.7025,2888142.2025,0.0059,2054329.6054,0.0049,165514.6961,2308361.2641,47.8742,3040534.1305,0.0114,36.3079,2195870.7361,6297795.3834,3877.1243,774.3532,10010.0862,0.0137,972.9905,141128.4608,2.6876,0.0132,0.1821,1109346.2866,323.8603,0.4756,586349.0690,1.4848,162.1446,180936.9513,7354.0034,165669.5298,1574.5672,0.0725,0.0140,252018.5167,4092379.0297,0.0001,0.0000,9105.7579,186180.1547,954352.9285,0.0001,7518757.1140,2.3067,0.0243,795071.9460,0.0000,46.7307,0.0069,4.5150,764.5214,60916.7873,3501882.6187,0.0162,3298532.4157,0.0000,3147860.8328,131142.3699,8326.7201,1220335.3551,0.1724,765148.0292,1.2226,0.0001,9.0019,1940539.0109,6465.1945,24.6024,648882.9996,391127.0965,66200.6504,53.9382,0.6953,6376.3033,0.6928,0.0053,0.0046,2458.3491,0.0003,12.0415,60222.7991,313380.8883,0.0553,190424.7336,0.0001,597552.7797,0.9045,174255.1841,109523.6846,6239.5581,115672.4347,1.4005,0.0095,11368.9353
254.6364,7645.4645,16.9434,0.0257,4.6346,98.4418,0.0896,0.0263,0.0001,0.0003,0.0000,0.8244,0.0023,3.0238,0.0773,0.0061,0.0003,33.3287,0.5267,3.1312,0.0005,0.0007,485165195.4098,670.5042,0.0194,23365.9343,504472.2235,146.7126,0.1836,0.0298,8.2582,1124.2239,11.9873,0.1819,2.9702,0.0025,2466.1805,0.0369,5447.4443,0.0063,0.0009,0.2475,0.0000,11.3754,1842.1301,0.0061,2.3109,0.1298,1.6748,0.0002,0.0778,0.1597,0.0043,81.3521,24709.9674,9.1479,0.0012,17.5061,0.8047,1.9302,0.2342,0.0504,3.5684,164.2446,10.1583,203.6236,125540.2678,89.4081,0.0001,0.0058,0.0012,20931.5162,0.1425,0.0000,0.0070,678154.5860,0.0179,2.6920,0.0103,0.0008,58019.8808,3647.0382,405.0648,2.1894,1299.1587,0.0013,0.0020,39.8990,0.0001,204.0786,0.0110,0.0000,0.0164,0.0004,25.1072,0.0000,0.0003,18.0755,1552.0806,0.0072,0.0001,7.8008,0.0166,0.0388,0.0014,0.5013,7.7584,0.0856,561.6051,1965.9618,35150.1616,0.0022,0.0424,25133.2772,0.3571,0.1046,117384.6952,0.0191,695049.9121,0.0000,283.8256,0.8270,0.0130,8.7132,0.0001,0.0659,5129.8524,0.9811
0.2702,1.1660,0.3770,6.7446,102.7722,0.1624,0.0013,1.0952,0.2798,0.3006,0.4786,140.0118,0.7134,0.8147,68.8141,12.1756,0.0001,1.5830,0.4133,0.2642,0.0001,31.1203,670.5042,485165195.4098,3.7281,86.4452,24194.0202,0.0170,0.0001,0.5263,0.8655,179.6228,2.4073,3.0198,3224.5792,2.8738,207620.9989,7.5604,104.4925,0.0956,3.2655,39.7368,0.0496,44.1761,0.1095,68.0365,980.4470,8.4804,15923.7165,57.4924,0.7318,64.2506,51.3597,0.1650,5933.8160,0.0001,129.9634,30.0757,0.0009,3690.2886,0.0001,6.7870,0.7682,2553.8500,7.3434,103.7700,11046.1533,0.0332,0.9620,18.0616,0.0001,3.6086,0.0209,47.6791,1639.0094,0.6257,25.3038,2.7286,0.0212,0.8409,2.1971,19.2157,9.0149,0.0980,383.4513,0.0084,0.8602,0.0648,0.4072,0.0000,197.5718,0.0065,0.6819,0.5526,116.3546,33.8187,14.5587,112.4364,9.7501,608.9713,0.0028,15.7069,0.0948,34.4446,6.1927,0.0047,0.0002,0.0119,66.5699,0.1280,9.2577,129.9201,0.0011,274.6710,0.5972,0.0970,23702.5967,16.7978,49.9251,26.8166,0.0500,0.4532,21.6400,19.4990,0.0020,16140.6146,0.0489,3.5760
80460.8703,44.7558,32704.5512,84.1198,162.9967,0.0999,130180.5651,17.1420,0.3191,156.8795,312.7957,18.2684,4.8398,3.5614,1520.2853,525.7604,908.5139,2.3360,364.6087,139802.5552,66158.6444,362.9708,0.0194,3.7281,485165195.4098,0.0999,324.8018,376.7065,167.0241,0.0202,0.9851,0.0153,10510.6279,0.0768,108129.0664,9.2998,0.0013,2237.0336,25.2697,40.5563,2.3189,143919.2536,0.6458,11851.8044,828.7896,4.4065,8.6597,160.5585,152295.4945,26.3039,0.0354,0.1598,107815.2306,94.8429,0.2882,0.2379,22604.1954,10625.5206,1080.4158,2762.6683,11.8467,283601.2574,32581.1219,761.6286,0.2210,42.9914,5.1515,512.3745,0.4621,604.6727,0.0001,9.5365,82.4814,134.1735,35.2461,0.0000,48.8966,1.3958,0.0000,35.3321,6.5773,2.1910,7999.3806,41.6076,0.9616,93.5714,0.1853,0.0001,872.4944,0.0008,887.6896,56.1121,8.5366,64.4185,31.4418,6.3443,0.4569,0.0010,156.0002,1.9433,0.0000,163.4420,2386.6500,24.8941,0.5583,5089.4446,84077.8442,3.2347,5.6822,24.1187,0.0478,3.5959,1912.1249,82.7543,0.5506,637926.4301,3.1513,8459.1145,450.8541,0.2086,1639.8217,129.8506,88.2271,4.6382,6.7011,1.1989,0.1562,6.7311
20.5231,86837.0718,0.0266,0.0051,946.7332,1510.4507,1.1961,54.8166,8.8544,0.0018,0.4380,27842.3563,3.9634,2076.6720,0.0212,1.4745,0.0022,167951.4546,624.0045,174.4304,0.0107,0.0047,23365.9343,86.4452,0.0999,485165195.4098,35850.2106,1990.2077,448.9490,0.0000,32.8885,18158.3905,14620.9804,151.5615,4356.9228,0.2285,35967.7142,9.1042,12905901.5867,1.7649,0.0000,119.2794,0.0065,1050.1454,9789.7862,0.0031,5.8215,5974.3778,1449.5418,10.9963,96.8901,1.4459,0.4667,2193.5195,161.9130,33.2481,0.0028,57.9475,2.4460,43.7795,54.9203,7.6536,4.4823,0.1321,161.2959,42046.5545,334200.9981,8100.9526,0.0000,0.8882,0.0001,608.0454,0.0044,0.0001,0.7524,16018.9430,0.1142,1014.0936,0.0001,0.2447,18550.0699,173624.7358,8933.3425,2968.1243,455159.7889,0.0066,0.0257,151.9350,0.2878,42.4939,1.8946,0.0004,22.6516,10.6140,12783.3435,0.0013,0.0003,5.4596,27444.8362,0.9568,0.0002,19727.1684,1.7203,261.7120,0.0912,0.1651,237.5501,65.9823,5755.8716,35575.5303,410259.2470,16.9512,0.0012,111829.3114,0.4959,0.0580,11435.8645,34.7496,775142.2127,0.0070,23238.4530,0.0299,43.3886,21.7622,0.0727,5.8853,57782.1123,0.0533
134224.6586,26667.9694,636.2351,0.1144,16.4214,0.8009,4.7225,0.4076,0.0011,0.0056,0.0015,27.7056,0.0310,207.8652,11.8430,0.4578,0.0013,131.9583,208.2932,234.7836,0.3920,0.0170,504472.2235,24194.0202,324.8018,35850.2106,485165195.4098,288.5105,9.3482,0.0367,11.7471,105.6494,218.4958,2.3098,6874.0214,0.0050,6552.2612,4.1235,1281562.2643,0.0428,0.0011,1158.7339,0.0000,297204.4439,1856.7277,0.0471,1.2510,83.5779,18762.9904,0.0741,0.0529,0.2676,47.5708,18.8397,3984.1044,0.0953,21.2961,43878.7297,0.0985,66.2562,0.6093,2451.1640,77.1891,312.9933,1.6897,1933.9938,962183.6372,466.5933,0.0002,1.6486,0.0000,36212.6851,2.7251,0.0017,9.1604,968.0652,0.1506,2.8520,0.0001,0.0084,113266.2418,14581.3684,92505.7934,6.5693,2085.5929,0.0002,0.0002,0.1983,0.0207,0.0105,4.7731,0.0007,2.3118,0.0094,3971.8184,0.0004,0.0003,0.7884,2471.8972,0.0989,0.0000,234.7292,4.4374,0.8848,0.0068,4.0794,318.2857,0.0193,13741.3193,5071.5860,464.1364,3.8488,0.2049,98406.2310,0.0235,13.2550,1414164.0466,4.6517,5505337.5636,0.0001,1293.0731,0.9676,0.9975,7.0474,0.0002,43.9870,1065.5847,0.0683
23394.8284,2205838.1547,204.2969,0.0001,1042.5084,0.7533,724809.1243,189.2723,0.0910,0.0001,0.0345,0.3211,12.9472,120.7438,0.0307,34.2265,490.2774,63930.2253,5483.5034,97517.0923,62.0671,0.0009,146.7126,0.0170,376.7065,1990.2077,288.5105,485165195.4098,118268.5717,0.0000,6.4133,47.1647,247158.4117,20.4042,30496.1746,0.0589,0.0783,6.8574,38175.5981,2.6917,0.0000,6740.0219,0.0002,3888.2949,40990.0765,0.0000,0.0897,19.0023,254.0092,0.0098,7407.8090,0.0012,15.0852,72349.2882,0.0032,143643.0552,0.7053,278.3509,1670181.8939,1.6475,2497650.9056,81.5348,1821.1341,26.5068,0.9317,13080.4673,74.6973,20051582.2258,0.0000,0.1139,0.0024,7.8482,24.8729,0.0000,0.0004,31.6101,0.0000,0.0282,0.0001,10.2258,793453.1122,11.0660,8850216.5928,3886.9651,7.2128,146.3980,0.0007,1.2208,0.0037,34613.4456,2.2462,0.0891,0.3823,0.0580,716230.2092,0.0000,0.0021,0.0148,571663.1508,0.1194,0.0001,101549.1813,115.9395,0.0240,0.5342,157718.1236,373029.7956,29.2376,5625.8100,25626093.4661,159132.4879,0.3531,3668.8200,62773.2166,26.8291,225.1856,0.2354,1.4691,268345.9652,0.0010,2315727.5084,2.9724,96.0466,2.3126,0.0015,0.3704,1317.4268,0.1090
2032.1594,398402.7123,5.7459,0.0215,14.9129,95.9623,3018.9399,0.4205,12.0770,0.3987,3.6810,4.1717,452.3938,38777.6758,0.3036,0.1640,100.9346,255018.9402,631.4133,11723.9111,1289.3101,0.0031,0.1836,0.0001,167.0241,448.9490,9.3482,118268.5717,485165195.4098,0.0007,388.7421,3.9143,588.2627,2545.0236,40.1898,0.0044,0.0089,92.5508,4366.6717,0.0377,0.0000,15.9905,1.8370,1382.3676,14850.9085,0.0013,0.0011,18686.8185,123.5319,0.0024,9.5594,0.0053,0.0619,2424.8931,0.0000,4141.5601,0.6045,668.2051,20540.8537,0.0305,1048024.8848,3.0506,328.4826,0.0047,0.0249,77.7209,0.0591,204083.1431,0.0002,0.6154,0.1509,2.9014,0.0537,0.0005,0.0014,66.4911,0.0079,8.8360,0.0031,0.0885,30506.0834,2488.0515,456994.9989,763.1013,0.0276,43.7445,0.0006,490.8743,52.1848,62.2586,15.2878,39.8355,88.9208,343.3932,3080.3529,0.0006,0.0003,0.0420,777.5891,0.1873,0.0048,1411.3719,15.3704,0.5040,0.0066,450.2844,25388.0531,18.6152,0.1306,1078652.9034,2770.2128,4.1160,93.3800,1105.5690,0.2236,303.4276,0.0074,1.7375,2407.0350,0.0008,1130473.1365,0.0019,3.1815,112.1245,0.5131,4.9320,10727.1581,0.0057
3.7438,0.0000,286.4793,1.0084,0.0000,0.0029,0.0000,0.0000,0.0000,5.8818,0.0024,0.0001,0.0000,0.0000,0.0164,0.0001,0.0165,0.0000,0.0000,0.0000,0.1885,0.0126,0.0298,0.5263,0.0202,0.0000,0.0367,0.0000,0.0007,485165195.4098,0.0001,0.0000,0.0000,0.0000,0.0000,0.0000,0.5731,0.0000,0.0000,0.0014,1558.4235,0.0003,0.0709,0.1441,0.0000,313.4816,0.0002,0.0000,0.0000,0.0097,0.0000,0.0898,0.0027,0.0000,153.9876,0.0003,0.0125,0.0153,0.0000,0.0001,0.0000,0.0792,0.0000,0.0001,0.0004,0.0000,0.0177,0.0000,4767.2027,0.0006,880977.6127,1324.6634,0.0132,298.7432,0.2479,0.6062,1.3118,0.0355,27423.5011,0.0001,0.0200,0.0001,0.0000,0.0000,0.0000,0.0000,0.0136,0.8878,0.0047,0.0038,0.0000,0.0146,0.0062,0.0001,0.0000,5.1940,27.7058,682.1854,0.0000,0.0002,2.4538,0.0000,0.0001,0.0001,0.0207,0.0000,0.0002,0.0002,0.0017,0.0000,0.0000,0.0014,4.2703,0.0000,0.0003,0.0004,0.8227,0.0004,0.0013,0.0043,0.0000,0.0011,0.0000,0.0004,0.2494,0.0281,0.0023,0.0006
0.0494,27.7672,0.0004,891.9513,71.1761,9501.3225,2.4103,608.4809,5741.9219,69646.8677,149.3683,104106.0497,166518.4449,23660476.6773,923905.2500,2.5798,4.7165,9070.1326,1.0528,1383.8189,3.1792,10153.0230,8.2582,0.8655,0.9851,32.8885,11.7471,6.4133,388.7421,0.0001,485165195.4098,8332.5535,73.2533,10841269.3021,0.0481,117.3647,0.0616,5589341.0395,520.4173,1.1702,11.8952,0.0719,6730.9809,0.2215,428739.7602,58.9077,490.3542,388380.1719,1066.4446,0.0067,0.0198,4097.6050,3.8936,1.7567,0.0009,28.6180,914.5564,231.4169,4.1788,12.2801,7841.9061,0.0976,814743.6018,300.1946,2245.0084,202506.1432,0.2304,8.6948,0.8233,261.3740,0.0001,0.0006,55.6937,0.0743,6342.9719,13.9012,196.1979,0.0409,0.3475,42.2201,1.2150,451022.2850,39.5600,0.1205,37.5727,4463.6187,14.2968,29.6142,33260.4166,0.0562,249847.8941,20539.8407,2143756.4504,294973.7294,304.8937,13.0048,0.0021,0.0199,351.0552,15621.7229,149.1439,3279.3857,169459.3495,84.9725,1.6801,150.0673,12.0468,159.2427,1.7911,3335.3399,641.7351,16543.0699,0.0012,4486.3497,57008.2345,14165.0484,2.9449,2.6094,2.4982,49.6900,5571.7566,67.9373,85.1557,8010.3242,520.8518,29.9967,288.7896,87.6481
0.0093,42855.7588,0.0000,0.0249,690023.0975,27764.0074,0.2298,21189.9270,607.9963,0.1666,158.6520,22666.6564,45420.8015,2761.2374,158.8984,4604.3032,0.0000,328006.0292,2239.3479,8198.7116,0.0702,97.4922,1124.2239,179.6228,0.0153,18158.3905,105.6494,47.1647,3.9143,0.0000,8332.5535,485165195.4098,1519.7975,128908.6022,190.2529,237.7054,13398.8606,283.2860,285.9417,284.3490,0.0041,167.0411,14.8429,27.1569,51046.7363,20.1180,75042.9948,3475.8825,319.4122,2.6878,274.1362,0.3565,4.5944,15804.9066,0.0351,27630.2306,8.2572,786.3313,132.7863,7609.3995,233.5495,0.3082,2026.6645,45.0001,185878.8101,962671.6028,15503.4657,8198.3788,5.6301,433.7793,0.0001,0.0164,0.1677,0.0012,2.6047,47227.7711,101.2370,2.8187,0.0001,5025.3886,1403.7526,17918.3320,482.4211,298.9302,367180.4040,82.1256,53.2691,181229.4144,2.8379,0.8021,877.2588,0.0179,0.9667,807.0814,119661.6115,0.1324,0.0000,0.1005,3122113.0965,878330.1918,2.2167,1185.0926,2982.4555,406.0436,14171.4905,1.4437,0.1109,306217.4971,11314.7850,5759.2390,3533511.1788,593.9158,0.0000,1955658.3787,571208.8601,25.3945,1.1909,2766.4931,31.5129,13.5833,35027.7020,3.3577,92448.7120,1017485.5383,0.0059,86.7105,7.7923,0.0356
287.1263,39240.5546,0.5166,5.1092,2613229.3614,128.1985,681522.1991,135595.8405,371.0975,0.2194,484.3045,8096.4959,185.1928,172.9635,37.1310,59644.1396,86.7703,181931.9404,193815.7264,1094994.6537,1479.3420,86.4048,11.9873,2.4073,10510.6279,14620.9804,218.4958,247158.4117,588.2627,0.0000,73.2533,1519.7975,485165195.4098,84.1995,132167.5179,8255.5458,0.1231,10174.3473,12109.5738,24978.4182,0.0049,276970.1795,1.8321,947.1526,74268.6613,0.0410,18172.2913,17239.3969,136058.5678,1628.5664,278.4613,0.0890,23500.1567,709022.2813,0.2067,3390.5158,177.8974,4066.0985,274164.7577,286688.9491,48995.7399,65282.7957,245913.9451,9503.9868,29439.0759,1401108.9156,1195.7809,372392.4314,0.0009,1725.3415,0.0000,0.2617,71.7778,0.0227,0.8669,1.5645,6.8735,188.8610,0.0000,15462.2064,71.5246,1585.2116,47591.9557,734611.5949,37069.0789,1999.2316,118.6857,0.1045,144.9546,13.8797,11035.6563,2.1219,13.2419,717.3791,35612.4654,0.0389,0.0014,0.0000,6953781.8016,251.7707,0.0015,1536565.7560,35613.0879,14256.6424,108.5979,396743.6857,618649.4350,34039.6207,4014.3004,47382.4039,11329.5876,40.9915,1.8888,551703.6753,242.6551,78926.9002,17.0647,256349.4083,4836.0734,2.1385,827233.6140,7514.0718,174421.3086,3062.3316,5.1027,0.0847,2034.2398,14.5382
0.0008,690.7182,0.0000,10.1465,2509.2357,2932.1402,2.5295,3352.4442,694729.7983,378.0308,6844.0487,40496.1031,8570506.1229,27113426.5502,16947.7776,114.6384,0.4468,1213716.9218,196.3759,351.2364,0.4239,1501.9266,0.1819,3.0198,0.0768,151.5615,2.3098,20.4042,2545.0236,0.0000,10841269.3021,128908.6022,84.1995,485165195.4098,3.1245,768.4299,18.9748,1148573.6695,604.8435,1.7075,0.1592,0.5535,11589.7411,0.6474,15560.7704,10.2633,508.4734,2687354.0976,2345.8068,0.3271,93.2870,534.0624,2.6870,8.1540,0.0000,87.3226,1551.0269,164.5526,29.6707,28.0866,29539.5828,0.0224,18561.6034,34.1648,611.7390,350177.8348,0.1410,68.6499,2.2354,846.8288,0.0002,0.0000,6.2540,0.1620,791.5369,16.2793,14.6375,0.1047,0.1530,320.4644,4.7267,117762.7205,716.9589,3.8065,44.0090,12848.8648,17.7977,702.5374,21651.1065,0.0526,933595.8212,15411.3814,58716.6448,573732.8025,38545.6326,23.6764,0.0091,0.0888,1872.3811,1178758.5025,431.3913,43737.5861,14226.2807,372.4642,69.9892,28.6508,0.3074,491.5984,2.0372,12749.3600,8279.2330,208975.7482,0.0002,7985.2378,22220.2042,324.7559,0.0459,17.3832,0.2570,2681.7546,11893.4845,1.0379,16240.8381,36390.5583,10.0740,24295.4301,26.2222,5.3122
524.1171,22574.0711,44.6260,0.0013,43745.8851,0.0461,8873.1784,1167.1658,3.3172,0.0014,226.0907,222.1847,43.0657,7.0371,0.7780,9352.7144,0.5243,3560.4118,116794.6862,15697.7263,2.7124,0.7025,2.9702,3224.5792,108129.0664,4356.9228,6874.0214,30496.1746,40.1898,0.0000,0.0481,190.2529,132167.5179,3.1245,485165195.4098,8.3900,1294.3465,41.0549,37009.1844,19.2495,0.0001,2390181.3598,0.0011,219579.6165,253.5487,0.0020,23.1719,224.5429,1822092.3593,900.9175,12611.0055,0.1702,16525.8093,1268.7486,2.2342,5.6084,198.1987,573.2556,2932.2619,4405.4480,20.2594,8575.3812,100.9255,282.2725,0.9045,18057.4175,30280.8603,45873.0423,0.0013,32.6721,0.0000,8.4587,0.6724,0.0832,4.8527,0.0202,0.0417,1.1411,0.0000,168.3771,3938.8037,3.8657,814397.6083,851.1778,1876.7922,4.7370,0.0176,0.0189,0.4515,0.1002,93.1884,0.0158,0.0650,2.0037,921563.6473,0.0667,0.8166,0.7068,92838.7743,75.8421,0.0000,127444.5721,72.5643,15.6716,25.3684,117.8967,287.0209,21.1502,35389.8674,4988.3578,1829.3259,154.6982,5.8197,10614.5608,5.3435,23.1383,54.5807,3786.7758,35933.2634,2.9897,10893.6421,1.7980,12913.1874,4.8252,0.0016,2361.4435,0.0984,0.1473
