485165195.4098,34345.6646,0.0027,9.7171,29.7256,8627084.2617,0.0789,0.4894,125.6644,40408.0028,63.1303,15246.0181,0.0037,992.1876,0.0246,35.9059,0.0003,0.1303,0.2716,0.0001,2070.1328,0.1086,199.0652,0.1017,0.0062,11.5330,0.1257,0.1398,127.7417,0.3600,37060.6244,490.7496,27690610.3833,161238.2055,4.0744,0.0215,0.0484,305753.3285,0.2933,1.1983,3758.2763,726.9608,0.0007,0.0364,0.0027,0.0001,23266.5928,1845095.0722,652.7034,247.6597,12.7872,0.2932,0.0000,17.1722,422791.1039,13220580.1079,3.9745,0.0003,0.0052,708069.8507,77.9180,0.0105,4.1645,5.9731
34345.6646,485165195.4098,0.0039,3470.7667,23447.1955,622940.5127,0.1302,0.0010,40571.3289,0.9753,4652190.1497,11026.3244,47.3976,15.6617,2686.3173,5.1843,900.6654,1483.0758,23.9057,0.2715,8336.2023,20987.8129,6257556.8141,0.0001,84.5145,5.7729,227.0460,14705.7528,30.7095,0.0002,540805.1176,298052.1278,110326.4729,207409.4168,33945.0544,220.7795,0.8119,11163763.6920,0.0167,991.1988,395134.9706,598587.9609,5.6716,0.0000,0.0769,104.7372,55204.2591,252146.2491,4.5364,995507.3658,1.3291,44305.0619,0.0001,5495.7736,2306.6204,6164417.9355,41.7358,3.5657,12.1988,26160784.5872,4559.1729,6.4974,3.8344,159358.6608
0.0027,0.0039,485165195.4098,5928.6117,0.0019,0.0264,549706.5176,54988.2462,0.1172,10.4663,0.3728,0.0000,112951.3514,0.0000,2197.6302,0.6749,58673.6397,61.5906,24906.5471,747.0878,3.7274,17.1405,4.8272,0.1421,217936.0644,83976.1061,0.0004,10.6255,0.0155,0.0001,0.0000,0.0111,0.0000,1.7979,25711.7962,163282.6555,16713.8496,0.1063,4.1435,41345.4840,0.1932,8.1025,2289273.7649,321.8514,5281104.1287,40.1937,0.0000,0.0005,28893.4803,0.1363,152.5615,82.9879,213322.8180,1432.1971,0.0001,0.0002,0.0148,2.6253,0.0002,0.1400,25.9138,249756.6305,0.0015,13.5185
9.7171,3470.7667,5928.6117,485165195.4098,2180.4550,128.4387,9103.2475,3.2673,5829.1472,0.4399,22171.8187,6.4259,985376.4093,0.0001,8012.2157,1.7660,320966.9284,131938.0653,39053.0897,166.9475,3299.2793,1103310.5405,1305858.0410,0.0000,669147.9024,17266.5716,9.8933,4831325.0762,0.5133,0.0000,2.1046,845.4833,0.7598,770.1965,2091081.7601,28878.2979,174.9540,13112.9720,8.2347,5565230.3559,579259.6720,19810.5347,2402757.3101,0.0003,1775.8742,74.6265,35.5903,50.0502,11.8040,18470.7324,246.6993,1735187.7840,2.2727,15044.5666,2.8765,8.9559,120.4324,20666.6962,0.0142,7521.4599,12067.3943,7768.4408,9.1883,55567.5137
29.7256,23447.1955,0.0019,2180.4550,485165195.4098,2589.6812,0.0002,0.0000,50.9123,0.0067,3189670.0226,17138879.8950,57.9209,6201.5144,243.5283,2768.0277,10.9227,4796.1582,545.8204,0.0002,15.2458,1532632.6728,147787.5228,0.0000,0.0648,0.0933,3814810.8478,247143.7035,0.0139,0.1943,9210041.8970,71562501.1410,27839.1227,0.0326,137.1107,0.4548,255.8201,3650.2386,0.9589,178.0445,6493122.7627,164366.6110,0.2434,0.0000,0.0005,10.6649,4679399.3361,3151.3982,0.0000,89436.5880,7.9166,51866.0463,0.0004,97838.7227,124798.0317,8470.0490,80438.8463,226152.7202,707.3082,1369.1271,1383.5828,0.0139,834348.2930,69439.2067
8627084.2617,622940.5127,0.0264,128.4387,2589.6812,485165195.4098,4.2897,3.0121,0.5598,282781.9993,8961.2987,20601.3786,30.9874,10.1149,509.5894,96909.2597,0.1643,1.9073,10.6087,0.0000,967.9104,49.4791,120848.5731,0.0000,1.3948,6457.5050,0.0799,20.2240,0.0078,0.0003,981196.8925,252225.0895,1503850.3936,3634.2495,9026.3387,122.1028,624.0362,230365.5845,123.6198,989.7180,37017.6881,1889601.1784,0.1977,0.0379,0.0177,0.0011,6793.9317,12387.7816,435.6345,68.9755,4854.8042,25.0176,0.0000,16941.6523,9132.2263,3125517.7581,345.9887,0.2148,0.0007,3101742.9484,314841.2950,26.2195,12.4666,52.7503
0.0789,0.1302,549706.5176,9103.2475,0.0002,4.2897,485165195.4098,17575484.0523,0.0183,7703.7024,0.0351,0.0000,1313405.7859,0.0000,13423.3045,40.5222,10991.9840,10.7821,51.8186,4390.3684,0.4814,3.8967,173.1454,0.0010,17914569.5670,7147747.0072,0.0000,104.0946,0.0007,0.0000,0.0000,0.0045,0.0000,86.7989,49756.9290,875417.0695,2621.7096,1.7793,23324.7271,1524192.8134,0.0696,5.8894,9882886.4616,2498.6665,59122.0585,0.2223,0.0000,0.0002,77717.5463,0.0033,133436.3048,32.0182,84013.6758,7.9447,0.0000,0.0006,2.3998,20.8869,0.0000,11.6397,39314.8617,76510587.6400,0.0015,0.1178
0.4894,0.0010,54988.2462,3.2673,0.0000,3.0121,17575484.0523,485165195.4098,0.0001,596932.8535,0.0000,0.0000,2122.8696,0.0000,40.0930,16.2825,4.5585,0.0068,1.5504,96.7013,1.1447,0.0009,0.0319,2.9934,16649.8089,2323346.3025,0.0000,0.0029,0.0020,0.0002,0.0000,0.0000,0.0001,11.5601,238.2698,17984.8944,439.3393,0.0033,38718.0848,283.5092,0.0001,0.2014,9487.4352,6204847.4306,9301.9980,0.0040,0.0000,0.0000,1911193.8700,0.0000,5107.1099,0.0066,31519.8085,0.1058,0.0000,0.0002,0.0081,0.0064,0.0000,0.0667,103.2387,756580.1737,0.0000,0.0000
125.6644,40571.3289,0.1172,5829.1472,50.9123,0.5598,0.0183,0.0001,485165195.4098,0.0000,8700.1984,11.3994,0.0890,44.4293,0.0298,0.0000,1369.2814,33607.7243,1.7313,5633.7099,7577.3569,116.3287,574.2168,9.3340,46.9975,0.0014,1778.6082,1558.2588,11923493.7055,0.2000,8.2399,4.2399,187.7463,988672.4212,22.3041,0.0628,0.0000,240333.1328,0.0000,3.6771,5903.9874,4.0309,11.1437,0.0000,3.8129,34638.4575,1947.4097,1009412.9789,1.1546,28983855.0068,0.0000,62440.8518,0.0005,1.9603,233.5599,3374.1437,0.0133,0.4986,23700.5196,24974.7624,0.0043,0.0103,0.0564,76199.1660
40408.0028,0.9753,10.4663,0.4399,0.0067,282781.9993,7703.7024,596932.8535,0.0000,485165195.4098,0.0031,0.4697,27.4701,0.0038,39.0704,156754.8984,0.0006,0.0005,0.2837,0.0002,8.2706,0.0137,2.2428,0.0216,1.4317,578294.6627,0.0000,0.0018,0.0001,0.0036,2.0191,0.7266,80.0786,8.0429,34.0957,184.9113,2200.6736,1.1671,187122.9171,44.0943,0.1089,138.3169,0.7851,157450.1331,1.3450,0.0000,0.0170,0.0875,22902.8029,0.0000,346282.3844,0.0011,0.1505,4.9595,2.1524,56.4852,16.9805,0.0044,0.0000,21.4576,21963.4956,1449.0210,0.1814,0.0002
63.1303,4652190.1497,0.3728,22171.8187,3189670.0226,8961.2987,0.0351,0.0000,8700.1984,0.0031,485165195.4098,50223.5474,636.1601,23.6533,15309.0693,73.8602,27449.7245,37681.8528,2458.4221,0.0417,44.2182,2507173.7393,8786265.0586,0.0000,91.0720,0.8957,62537.8646,1949188.1983,0.4173,0.0002,783967.4554,21782978.3175,4577.7074,126.7903,17367.8676,139.8300,45.3567,1303730.2099,0.0036,26398.0724,8160856.9839,275420.9084,55.6209,0.0000,1.4667,1823.3637,151951.1697,27217.1155,0.0144,4965233.5118,4.8438,595849.1637,0.0070,266610.0307,675.5008,57980.4688,3308.1451,2729.9494,179.5748,1100550.7300,12987.4202,6.0473,1387.7009,10828687.9469
15246.0181,11026.3244,0.0000,6.4259,17138879.8950,20601.3786,0.0000,0.0000,11.3994,0.4697,50223.5474,485165195.4098,0.0121,1392891.8127,0.3889,1267.3448,0.0021,13.9540,31.0428,0.0000,43.7957,2921.3910,911.5016,0.0019,0.0000,0.0039,1805578.3597,159.1539,0.3919,138.5224,38091358.8189,6521399.8096,8570722.8200,0.1465,0.4655,0.0022,1.4847,1625.3755,0.0433,0.1532,1106999.9684,7665.1176,0.0001,0.0000,0.0000,0.0177,31837097.6211,57115.0054,0.0001,5686.8993,1.7516,21.2256,0.0000,1320.2158,41391263.0520,654681.7148,3052.7387,79.4040,139.0641,650.6252,27.9571,0.0000,831624.8993,2245.1051
0.0037,47.3976,112951.3514,985376.4093,57.9209,30.9874,1313405.7859,2122.8696,0.0890,27.4701,636.1601,0.0121,485165195.4098,0.0000,11713835.9053,1581.5352,2348807.1355,7250.7980,6058.3098,199.8897,17.5565,368910.4939,180676.4076,0.0000,13952821.3975,2519098.1144,0.0196,158881.0164,0.0000,0.0000,0.0952,219.2339,0.0003,0.6753,9166748.0824,15791207.7405,1850896.6668,8.9553,28777.7388,24356062.1975,200.2114,64729.6721,55469284.3609,0.8141,10811.4752,150.4605,0.0036,0.0011,36.7214,2.5109,30745.0190,311785.6101,83259.4937,97289.0034,0.0002,0.0141,377.7939,166467.7599,0.0005,42.3067,787158.9871,28196016.9082,0.4262,355.5303
992.1876,15.6617,0.0000,0.0001,6201.5144,10.1149,0.0000,0.0000,44.4293,0.0038,23.6533,1392891.8127,0.0000,485165195.4098,0.0000,0.1878,0.0000,0.0435,0.0095,0.0000,2.4965,0.0438,0.0087,298.5654,0.0000,0.0000,204498.5041,0.0055,1299.6845,1956014.0724,204795.0199,665.5065,871941.1474,0.1097,0.0000,0.0000,0.0005,6.2116,0.0003,0.0000,55.1528,0.3328,0.0000,0.0008,0.0000,0.1890,937293.0313,50938.8307,0.0001,347.8217,0.0001,0.0199,0.0000,0.3415,3140951.0505,16685.7402,1.0919,0.0198,225671.7068,1.8403,0.0002,0.0000,920.9915,3.3189
0.0246,2686.3173,2197.6302,8012.2157,243.5283,509.5894,13423.3045,40.0930,0.0298,39.0704,15309.0693,0.3889,11713835.9053,0.0000,485165195.4098,12579.9165,472323.2920,543.9228,2247.3107,4.1829,7.4713,202618.4940,590987.3753,0.0000,319179.3714,98904.9271,0.1248,17383.1130,0.0000,0.0000,15.3112,4523.4871,0.0059,0.6029,3194972.5664,18382592.9601,1032964.9997,56.4451,362.5760,787134.6603,46.4801,550773.8984,514474.6054,0.0995,6170.8904,145.2293,0.1502,0.0078,7.9278,3.3166,20225.1371,31087.3931,3787.9296,42643.3558,0.0030,1.4641,774.5116,3418.6514,0.0044,214.2970,1295591.7897,2843450.2148,2.1149,482.2095
35.9059,5.1843,0.6749,1.7660,2768.0277,96909.2597,40.5222,16.2825,0.0000,156754.8984,73.8602,1267.3448,1581.5352,0.1878,12579.9165,485165195.4098,0.0349,0.0202,54.8040,0.0000,0.0022,233.9716,1351.1367,0.0000,0.5189,11618.8588,0.2085,57.6884,0.0000,0.0019,15143.4064,148565.9331,134.6758,0.0003,51.4512,122.5870,513416.1171,2.8635,228954.0869,3692.9121,116.3126,5261.0220,0.9238,24.6875,0.0114,0.0000,12.0577,0.0182,0.0921,0.0018,17165361.6528,0.1880,0.9504,4896.6690,3.7251,14.0194,935259.3460,1396.2136,0.0000,21.7177,7863286.1172,600.2950,42853.4920,0.2748
0.0003,900.6654,58673.6397,320966.9284,10.9227,0.1643,10991.9840,4.5585,1369.2814,0.0006,27449.7245,0.0021,2348807.1355,0.0000,472323.2920,0.0349,485165195.4098,398831.1451,9282.1200,163565.0563,45.5736,69319.0205,96449.3562,0.0007,21300103.0630,582.5100,2.0000,297147.7331,0.3989,0.0000,0.0361,23.3893,0.0001,163.4317,3412641.3911,3170245.9415,463.5903,184.7852,0.0999,603853.5022,222.3675,2815.7158,20413153.3554,0.0007,139145.2402,3482990.3586,0.0235,0.0778,49.7746,5342.8131,1.2103,1723875.8596,38700.7151,4837.3369,0.0001,0.0346,0.2284,1799.8079,5.3183,338.3629,357.1885,364368.5125,0.0044,98226.4391
0.1303,1483.0758,61.5906,131938.0653,4796.1582,1.9073,10.7821,0.0068,33607.7243,0.0005,37681.8528,13.9540,7250.7980,0.0435,543.9228,0.0202,398831.1451,485165195.4098,1160.2427,2507.8103,3963.4868,133485.0423,34110.9465,0.0039,19151.1422,3.5123,723.9139,212900.7343,13.7329,0.0001,8.1226,945.0246,0.5313,457.9124,65069.3828,2589.6685,49.7741,2287.6125,0.1116,10259.3582,59671.1604,7616.1307,18188.9681,0.0000,41.4134,175277.2797,20.5413,35.5206,0.2799,319761.8075,0.0531,8833718.1051,3.0731,947.2632,3.6051,16.1336,0.3499,8638.4923,226.8770,761.2954,20.1314,123.3238,1.0399,47764.2219
0.2716,23.9057,24906.5471,39053.0897,545.8204,10.6087,51.8186,1.5504,1.7313,0.2837,2458.4221,31.0428,6058.3098,0.0095,2247.3107,54.8040,9282.1200,1160.2427,485165195.4098,1.0475,14.7172,5594.7331,2457.1182,0.0003,1820.8339,1050.0332,13.3438,15057.2240,0.0096,0.0004,4.7544,1161.7464,0.3011,0.7410,58666.8507,10527.4025,907.0430,23.3029,0.0362,16299.1134,8991.4923,2345.2127,3090.2678,0.0209,357.7717,62.5001,61.0181,0.4749,92.0461,64.8038,120.9620,266.8438,33.1695,14093.8231,2.2862,0.2130,0.4431,39.7987,0.0332,76.3674,397.3014,227.5824,17.1099,1406.1142
0.0001,0.2715,747.0878,166.9475,0.0002,0.0000,4390.3684,96.7013,5633.7099,0.0002,0.0417,0.0000,199.8897,0.0000,4.1829,0.0000,163565.0563,2507.8103,1.0475,485165195.4098,8.1033,1.2246,1.3559,70.7148,378040.3320,0.9498,0.0340,36.7677,2499.8950,0.0024,0.0000,0.0000,0.0000,942.0824,60.0800,633.1014,0.0107,0.9133,0.0245,40.1999,0.0068,0.0132,115226.3434,0.1790,1097.8678,136312.8153,0.0000,0.0115,96.8602,33.0313,0.0026,735.9292,8646.5830,0.0047,0.0000,0.0005,0.0002,2.6495,11.8239,0.2382,0.0091,1760.2898,0.0000,7.1797
2070.1328,8336.2023,3.7274,3299.2793,15.2458,967.9104,0.4814,1.1447,7577.3569,8.2706,44.2182,43.7957,17.5565,2.4965,7.4713,0.0022,45.5736,3963.4868,14.7172,8.1033,485165195.4098,225.2548,88.9109,69.3282,17.4876,126.9079,1.0561,0.6600,1345.3257,0.0287,3.9045,4.1950,122.3351,30276.6035,11980.1790,271.4723,4.6117,219.0482,0.1562,1.8516,555.4550,49204.5985,24.5098,0.0464,68.9090,268.5397,47.2935,1292.5747,821.9461,1456.3736,0.0009,7849.4059,0.0103,114.0502,8475.0580,8796.2334,0.0005,0.0311,17.4170,296.3505,0.1155,1.3654,0.0005,32.8402
0.1086,20987.8129,17.1405,1103310.5405,1532632.6728,49.4791,3.8967,0.0009,116.3287,0.0137,2507173.7393,2921.3910,368910.4939,0.0438,202618.4940,233.9716,69319.0205,133485.0423,5594.7331,1.2246,225.2548,485165195.4098,2853547.9741,0.0000,2227.1976,91.0045,31649.5500,11688152.6184,0.0026,0.0001,1075.2065,737435.9051,4.1794,0.2222,48626.9000,3218.3312,2931.9756,1091.0008,13.8923,348555.3980,1313352.8178,87332.9631,19965.2026,0.0000,19.2846,263.3967,503.0360,7.1299,0.0006,18291.9112,167.0853,2708429.8538,3.5394,93448.0332,46.1677,68.3513,63412.8924,2997829.6641,3.5972,378.2740,47384.0323,414.3389,9021.0414,221923.6073
199.0652,6257556.8141,4.8272,1305858.0410,147787.5228,120848.5731,173.1454,0.0319,574.2168,2.2428,8786265.0586,911.5016,180676.4076,0.0087,590987.3753,1351.1367,96449.3562,34110.9465,2457.1182,1.3559,88.9109,2853547.9741,485165195.4098,0.0000,40224.6269,1747.1071,110.3541,9801652.3116,0.0119,0.0000,41178.1668,1913721.5323,440.4625,1626.9900,2268251.5656,40604.0332,993.5632,4267253.7052,9.3806,5097270.2909,1888210.5083,2352631.9547,15039.7774,0.0000,2.1296,29.5199,976.5339,524.8494,1.2521,146483.1107,4726.3445,678071.1230,0.0326,151874.0001,10.4493,20086.1229,15244.0610,13449.9213,0.0319,3742114.1181,3644807.9829,8100.9768,211.7629,377877.4292
0.1017,0.0001,0.1421,0.0000,0.0000,0.0000,0.0010,2.9934,9.3340,0.0216,0.0000,0.0019,0.0000,298.5654,0.0000,0.0000,0.0007,0.0039,0.0003,70.7148,69.3282,0.0000,0.0000,485165195.4098,0.0002,0.0001,0.0416,0.0000,226654.4922,861532.5616,0.0001,0.0000,0.0155,2.1048,0.0000,0.0002,0.0001,0.0000,0.0007,0.0000,0.0000,0.0000,0.0003,2411.6043,3.3880,19.6156,0.0096,0.5342,25.5803,0.0089,0.0000,0.0002,0.9877,0.0000,2.1317,0.0131,0.0000,0.0000,2954.8866,0.0000,0.0000,0.0000,0.0000,0.0002
0.0062,84.5145,217936.0644,669147.9024,0.0648,1.3948,17914569.5670,16649.8089,46.9975,1.4317,91.0720,0.0000,13952821.3975,0.0000,319179.3714,0.5189,21300103.0630,19151.1422,1820.8339,378040.3320,17.4876,2227.1976,40224.6269,0.0002,485165195.4098,268196.6780,0.0006,67319.3219,0.0363,0.0000,0.0007,0.3716,0.0000,1474.4238,3622373.1544,8212423.6636,866.7255,169.4796,67.6117,10155950.4825,13.4751,400.0608,170389242.8529,0.2557,125457.8156,3477.7294,0.0002,0.0113,4989.1194,25.9486,602.3770,117071.4290,72467.1609,255.9436,0.0000,0.0063,0.7962,689.6150,0.0012,582.7958,14769.0201,45023273.5309,0.0015,317.0197
11.5330,5.7729,83976.1061,17266.5716,0.0933,6457.5050,7147747.0072,2323346.3025,0.0014,578294.6627,0.8957,0.0039,2519098.1144,0.0000,98904.9271,11618.8588,582.5100,3.5123,1050.0332,0.9498,126.9079,91.0045,1747.1071,0.0001,268196.6780,485165195.4098,0.0000,33.9875,0.0000,0.0000,0.0267,2.8988,0.0168,17.2587,746143.5817,1768551.4785,511580.9129,5.9618,207796.4792,867484.2761,6.9323,12004.1568,357537.8913,1737.7972,5548.9441,0.0154,0.0010,0.0014,63348.2431,0.0042,468753.3437,84.3327,1686.2239,4100.4301,0.0023,0.1490,12.7798,19.9207,0.0000,81.8878,487891.8839,8860877.9112,0.0183,0.0500
0.1257,227.0460,0.0004,9.8933,3814810.8478,0.0799,0.0000,0.0000,1778.6082,0.0000,62537.8646,1805578.3597,0.0196,204498.5041,0.1248,0.2085,2.0000,723.9139,13.3438,0.0340,1.0561,31649.5500,110.3541,0.0416,0.0006,0.0000,485165195.4098,5788.2323,32.3424,1148.4414,63128.7685,84178.3536,1096.1853,0.0061,0.0400,0.0007,0.0241,45.7965,0.0003,0.0622,69460.8897,11.2011,0.0033,0.0000,0.0004,236.4920,545232.1529,933.5874,0.0000,132280.0059,0.0024,610.9749,0.0004,52.6140,61099.7966,303.2144,493.4463,7835.9720,376530.3603,1.8087,0.0506,0.0000,303532.3198,52245.8604
0.1398,14705.7528,10.6255,4831325.0762,247143.7035,20.2240,104.0946,0.0029,1558.2588,0.0018,1949188.1983,159.1539,158881.0164,0.0055,17383.1130,57.6884,297147.7331,212900.7343,15057.2240,36.7677,0.6600,11688152.6184,9801652.3116,0.0000,67319.3219,33.9875,5788.2323,485165195.4098,0.0213,0.0000,461.5691,179955.0714,2.6375,6.4073,38627.1034,917.8227,32.7697,31207.1357,2.6723,4271655.5805,2638778.9026,2087.5063,67813.5360,0.0000,4.6922,271.7852,585.7763,30.2346,0.0026,92125.5053,1006.1461,1079723.0452,2.1311,5587.6034,0.7595,6.2686,62672.8949,3971983.7009,1.0266,12214.9297,129124.8696,1165.4379,11316.9479,544539.1106
127.7417,30.7095,0.0155,0.5133,0.0139,0.0078,0.0007,0.0020,11923493.7055,0.0001,0.4173,0.3919,0.0000,1299.6845,0.0000,0.0000,0.3989,13.7329,0.0096,2499.8950,1345.3257,0.0026,0.0119,226654.4922,0.0363,0.0000,32.3424,0.0213,485165195.4098,1312.0658,0.0667,0.0007,58.0835,182979.2979,0.0064,0.0002,0.0000,227.9475,0.0000,0.0002,0.8172,0.0020,0.0071,0.0008,0.5269,871.1514,47.7458,88966.8326,13.0635,27536.9368,0.0000,2.9681,0.0002,0.0010,181.7717,202.4629,0.0000,0.0001,33346.1843,27.1277,0.0000,0.0000,0.0006,25.1606
0.3600,0.0002,0.0001,0.0000,0.1943,0.0003,0.0000,0.0002,0.2000,0.0036,0.0002,138.5224,0.0000,1956014.0724,0.0000,0.0019,0.0000,0.0001,0.0004,0.0024,0.0287,0.0001,0.0000,861532.5616,0.0000,0.0000,1148.4414,0.0000,1312.0658,485165195.4098,1.4022,0.0035,22.8046,0.0003,0.0000,0.0000,0.0000,0.0001,0.0009,0.0000,0.0008,0.0000,0.0000,16.2417,0.0003,0.0267,108.8701,3.2462,0.0002,0.0145,0.0000,0.0000,0.0012,0.0001,2908.9193,0.2834,0.0125,0.0008,17631.1991,0.0000,0.0000,0.0000,16.6475,0.0009
37060.6244,540805.1176,0.0000,2.1046,9210041.8970,981196.8925,0.0000,0.0000,8.2399,2.0191,783967.4554,38091358.8189,0.0952,204795.0199,15.3112,15143.4064,0.0361,8.1226,4.7544,0.0000,3.9045,1075.2065,41178.1668,0.0001,0.0007,0.0267,63128.7685,461.5691,0.0667,1.4022,485165195.4098,48257710.6800,12007733.6595,3.0303,8.7639,0.0409,9.9181,74467.0055,0.1960,2.7559,425653.0424,94910.9435,0.0002,0.0000,0.0000,0.0877,9156938.8737,74065.9423,0.0011,13192.8054,13.7474,56.7024,0.0000,9339.7930,616169.0695,3481947.2016,11778.3105,43.4609,60.1739,98137.6327,1756.2065,0.0014,53761.2170,4016.5573
490.7496,298052.1278,0.0111,845.4833,71562501.1410,252225.0895,0.0045,0.0000,4.2399,0.7266,21782978.3175,6521399.8096,219.2339,665.5065,4523.4871,148565.9331,23.3893,945.0246,1161.7464,0.0000,4.1950,737435.9051,1913721.5323,0.0000,0.3716,2.8988,84178.3536,179955.0714,0.0007,0.0035,48257710.6800,485165195.4098,139679.9307,0.3611,1488.4477,10.8851,2850.7608,66263.0286,2.4354,4075.6996,7691471.9416,1155881.0606,0.4431,0.0000,0.0019,1.2882,764446.6387,2514.4985,0.0008,30888.2246,592.2249,10353.8615,0.0006,819721.3321,18859.6370,98511.8244,198557.2373,19564.8149,6.9572,80586.5478,161406.3278,0.7096,224085.6113,108901.5963
27690610.3833,110326.4729,0.0000,0.7598,27839.1227,1503850.3936,0.0000,0.0001,187.7463,80.0786,4577.7074,8570722.8200,0.0003,871941.1474,0.0059,134.6758,0.0001,0.5313,0.3011,0.0000,122.3351,4.1794,440.4625,0.0155,0.0000,0.0168,1096.1853,2.6375,58.0835,22.8046,12007733.6595,139679.9307,485165195.4098,973.6415,0.1120,0.0003,0.0161,267249.1155,0.0306,0.0999,110765.6326,722.3409,0.0000,0.0001,0.0000,0.0005,3610751.4132,5299606.8498,0.1225,6030.0418,1.4498,0.7016,0.0000,40.3872,14841138.2721,49128003.5373,183.8606,0.0342,3.3976,226394.3188,28.4055,0.0000,2834.9674,123.3762
161238.2055,207409.4168,1.7979,770.1965,0.0326,3634.2495,86.7989,11.5601,988672.4212,8.0429,126.7903,0.1465,0.6753,0.1097,0.6029,0.0003,163.4317,457.9124,0.7410,942.0824,30276.6035,0.2222,1626.9900,2.1048,1474.4238,17.2587,0.0061,6.4073,182979.2979,0.0003,3.0303,0.3611,973.6415,485165195.4098,1896.9089,35.6983,0.0020,2131343.5223,0.0015,73.6066,155.4588,125.6917,32.2222,0.0014,12.5191,41.0165,6.2602,171831.8843,161788.8289,50666.8050,0.0220,505.3025,0.0005,2.3879,7.9578,68640.1845,0.0008,0.0003,0.2533,3392505.9673,2.3871,19.8037,0.0001,399.8772
4.0744,33945.0544,25711.7962,2091081.7601,137.1107,9026.3387,49756.9290,238.2698,22.3041,34.0957,17367.8676,0.4655,9166748.0824,0.0000,3194972.5664,51.4512,3412641.3911,65069.3828,58666.8507,60.0800,11980.1790,48626.9000,2268251.5656,0.0000,3622373.1544,746143.5817,0.0400,38627.1034,0.0064,0.0000,8.7639,1488.4477,0.1120,1896.9089,485165195.4098,31726257.9336,121663.9374,4055.1644,47.1581,2747225.3531,6606.1425,7374505.1854,2737199.4876,0.0217,11201.1136,1758.2751,0.6619,1.0728,6657.8921,703.4054,353.3366,565981.7168,135.2751,602848.3810,0.0647,20.1008,0.8044,237.5985,0.0055,25788.0837,83302.8738,1155082.8547,0.0087,8732.0243
0.0215,220.7795,163282.6555,28878.2979,0.4548,122.1028,875417.0695,17984.8944,0.0628,184.9113,139.8300,0.0022,15791207.7405,0.0000,18382592.9601,122.5870,3170245.9415,2589.6685,10527.4025,633.1014,271.4723,3218.3312,40604.0332,0.0002,8212423.6636,1768551.4785,0.0007,917.8227,0.0002,0.0000,0.0409,10.8851,0.0003,35.6983,31726257.9336,485165195.4098,228885.0825,8.2625,246.4205,667527.3032,7.4789,149019.9101,7329903.5778,7.7022,110602.5173,750.2243,0.0012,0.0007,11671.1144,0.5031,2275.9434,5617.0493,41414.0921,3762.9569,0.0002,0.1039,0.2384,39.3317,0.0003,90.0039,63641.7622,22897699.8791,0.0013,69.3010
0.0484,0.8119,16713.8496,174.9540,255.8201,624.0362,2621.7096,439.3393,0.0000,2200.6736,45.3567,1.4847,1850896.6668,0.0005,1032964.9997,513416.1171,463.5903,49.7741,907.0430,0.0107,4.6117,2931.9756,993.5632,0.0001,866.7255,511580.9129,0.0241,32.7697,0.0000,0.0000,9.9181,2850.7608,0.0161,0.0020,121663.9374,228885.0825,485165195.4098,0.2743,127454.6962,40702.3131,6.8569,368145.3748,9881.9443,73.8084,130.8759,0.9344,0.0129,0.0003,13.1009,0.0309,35538.1516,1005.2808,4692.9532,1240042.0764,0.0209,0.1339,286.1359,4154.2858,0.0007,1.0777,101206.0949,158836.6413,3.0496,2.2674
305753.3285,11163763.6920,0.1063,13112.9720,3650.2386,230365.5845,1.7793,0.0033,240333.1328,1.1671,1303730.2099,1625.3755,8.9553,6.2116,56.4451,2.8635,184.7852,2287.6125,23.3029,0.9133,219.0482,1091.0008,4267253.7052,0.0000,169.4796,5.9618,45.7965,31207.1357,227.9475,0.0001,74467.0055,66263.0286,267249.1155,2131343.5223,4055.1644,8.2625,0.2743,485165195.4098,0.0079,12112.3103,486880.5589,20238.5540,9.8152,0.0000,0.0669,3.5284,10345.8308,2059424.8641,24.4934,5544557.0171,12.4178,20349.4892,0.0000,1993.9160,600.1174,4159752.5280,107.1014,2.5376,0.4753,135942632.7807,5566.0007,6.9622,16.7076,107832.8707
0.2933,0.0167,4.1435,8.2347,0.9589,123.6198,23324.7271,38718.0848,0.0000,187122.9171,0.0036,0.0433,28777.7388,0.0003,362.5760,228954.0869,0.0999,0.1116,0.0362,0.0245,0.1562,13.8923,9.3806,0.0007,67.6117,207796.4792,0.0003,2.6723,0.0000,0.0009,0.1960,2.4354,0.0306,0.0015,47.1581,246.4205,127454.6962,0.0079,485165195.4098,1121.8658,0.1146,41.7651,241.7767,17194.8556,0.2729,0.0001,0.0007,0.0001,0.8626,0.0000,347516.1102,0.8322,440.9971,14.9845,0.0062,0.0101,8486.9031,5177.9542,0.0000,0.0335,51715.8249,26284.1799,8.2787,0.0003
1.1983,991.1988,41345.4840,5565230.3559,178.0445,989.7180,1524192.8134,283.5092,3.6771,44.0943,26398.0724,0.1532,24356062.1975,0.0000,787134.6603,3692.9121,603853.5022,10259.3582,16299.1134,40.1999,1.8516,348555.3980,5097270.2909,0.0000,10155950.4825,867484.2761,0.0622,4271655.5805,0.0002,0.0000,2.7559,4075.6996,0.0999,73.6066,2747225.3531,667527.3032,40702.3131,12112.3103,1121.8658,485165195.4098,25360.2887,17538.3665,10155901.3459,0.0081,1332.5842,4.2358,0.0870,0.3291,64.7111,185.4553,537816.2278,169317.1103,308.7487,88060.4446,0.0021,1.5280,8596.6969,70763.7006,0.0000,26881.4246,13934062.5414,7829770.1610,21.1433,7109.1388
3758.2763,395134.9706,0.1932,579259.6720,6493122.7627,37017.6881,0.0696,0.0001,5903.9874,0.1089,8160856.9839,1106999.9684,200.2114,55.1528,46.4801,116.3126,222.3675,59671.1604,8991.4923,0.0068,555.4550,1313352.8178,1888210.5083,0.0000,13.4751,6.9323,69460.8897,2638778.9026,0.8172,0.0008,425653.0424,7691471.9416,110765.6326,155.4588,6606.1425,7.4789,6.8569,486880.5589,0.1146,25360.2887,485165195.4098,80211.5185,14.1277,0.0000,0.0409,4.3970,868835.4661,71300.3330,0.0169,1108292.4806,40.1563,99724.2959,0.0001,72758.1373,76084.0514,63652.2432,3670.6597,9793.1657,3.1773,423273.0485,9739.6228,0.4311,24955.6317,1057082.8030
726.9608,598587.9609,8.1025,19810.5347,164366.6110,1889601.1784,5.8894,0.2014,4.0309,138.3169,275420.9084,7665.1176,64729.6721,0.3328,550773.8984,5261.0220,2815.7158,7616.1307,2345.2127,0.0132,49204.5985,87332.9631,2352631.9547,0.0000,400.0608,12004.1568,11.2011,2087.5063,0.0020,0.0000,94910.9435,1155881.0606,722.3409,125.6917,7374505.1854,149019.9101,368145.3748,20238.5540,41.7651,17538.3665,80211.5185,485165195.4098,432.4562,0.0014,2.2671,54.9843,1068.4699,142.4597,38.4933,3095.2994,109.1419,218798.8856,0.0533,3656159.4260,479.3479,39487.1760,30.1759,153.5133,0.2150,80380.9356,73436.3161,956.8428,2.1641,7023.8590
0.0007,5.6716,2289273.7649,2402757.3101,0.2434,0.1977,9882886.4616,9487.4352,11.1437,0.7851,55.6209,0.0001,55469284.3609,0.0000,514474.6054,0.9238,20413153.3554,18188.9681,3090.2678,115226.3434,24.5098,19965.2026,15039.7774,0.0003,170389242.8529,357537.8913,0.0033,67813.5360,0.0071,0.0000,0.0002,0.4431,0.0000,32.2222,2737199.4876,7329903.5778,9881.9443,9.8152,241.7767,10155901.3459,14.1277,432.4562,485165195.4098,0.7373,678928.4551,2502.8993,0.0001,0.0017,539.8464,9.9859,675.6738,215695.5722,334885.3009,1320.3092,0.0000,0.0010,3.3578,7091.6592,0.0014,16.8352,7113.6139,24377358.1459,0.0069,365.5363
0.0364,0.0000,321.8514,0.0003,0.0000,0.0379,2498.6665,6204847.4306,0.0000,157450.1331,0.0000,0.0000,0.8141,0.0008,0.0995,24.6875,0.0007,0.0000,0.0209,0.1790,0.0464,0.0000,0.0000,2411.6043,0.2557,1737.7972,0.0000,0.0000,0.0008,16.2417,0.0000,0.0000,0.0001,0.0014,0.0217,7.7022,73.8084,0.0000,17194.8556,0.0081,0.0000,0.0014,0.7373,485165195.4098,92.6760,0.0002,0.0000,0.0000,2803.5106,0.0000,87.8162,0.0000,7695.6860,0.0018,0.0004,0.0000,0.0035,0.0008,0.0000,0.0000,0.0888,91.8145,0.0005,0.0000
0.0027,0.0769,5281104.1287,1775.8742,0.0005,0.0177,59122.0585,9301.9980,3.8129,1.3450,1.4667,0.0000,10811.4752,0.0000,6170.8904,0.0114,139145.2402,41.4134,357.7717,1097.8678,68.9090,19.2846,2.1296,3.3880,125457.8156,5548.9441,0.0004,4.6922,0.5269,0.0003,0.0000,0.0019,0.0000,12.5191,11201.1136,110602.5173,130.8759,0.0669,0.2729,1332.5842,0.0409,2.2671,678928.4551,92.6760,485165195.4098,1146.9303,0.0002,0.0051,5871.5845,0.1878,1.2714,80.8074,245192.5434,9.0322,0.0002,0.0005,0.0052,0.1846,0.0256,0.1383,2.1574,60837.5089,0.0001,6.2352
0.0001,104.7372,40.1937,74.6265,10.6649,0.0011,0.2223,0.0040,34638.4575,0.0000,1823.3637,0.0177,150.4605,0.1890,145.2293,0.0000,3482990.3586,175277.2797,62.5001,136312.8153,268.5397,263.3967,29.5199,19.6156,3477.7294,0.0154,236.4920,271.7852,871.1514,0.0267,0.0877,1.2882,0.0005,41.0165,1758.2751,750.2243,0.9344,3.5284,0.0001,4.2358,4.3970,54.9843,2502.8993,0.0002,1146.9303,485165195.4098,0.6481,1.6853,1.0790,27792.8022,0.0000,157350.4252,1739.6541,49.7173,0.0073,0.0510,0.0002,16.0905,615449.2269,3.5562,0.0030,11.3657,0.0003,10747.3545
23266.5928,55204.2591,0.0000,35.5903,4679399.3361,6793.9317,0.0000,0.0000,1947.4097,0.0170,151951.1697,31837097.6211,0.0036,937293.0313,0.1502,12.0577,0.0235,20.5413,61.0181,0.0000,47.2935,503.0360,976.5339,0.0096,0.0002,0.0010,545232.1529,585.7763,47.7458,108.8701,9156938.8737,764446.6387,3610751.4132,6.2602,0.6619,0.0012,0.0129,10345.8308,0.0007,0.0870,868835.4661,1068.4699,0.0001,0.0000,0.0002,0.6481,485165195.4098,1469662.5583,0.0004,66250.8140,0.0429,42.9746,0.0000,76.9537,13531004.2189,208498.0525,243.4359,6.3421,3375.4163,6769.1491,2.6617,0.0000,36091.6733,3845.6535
1845095.0722,252146.2491,0.0005,50.0502,3151.3982,12387.7816,0.0002,0.0000,1009412.9789,0.0875,27217.1155,57115.0054,0.0011,50938.8307,0.0078,0.0182,0.0778,35.5206,0.4749,0.0115,1292.5747,7.1299,524.8494,0.5342,0.0113,0.0014,933.5874,30.2346,88966.8326,3.2462,74065.9423,2514.4985,5299606.8498,171831.8843,1.0728,0.0007,0.0003,2059424.8641,0.0001,0.3291,71300.3330,142.4597,0.0017,0.0000,0.0051,1.6853,1469662.5583,485165195.4098,1.2285,2355140.4261,0.0026,223.9193,0.0000,23.5124,695933.0919,4675826.9065,2.0925,0.0187,518.2298,949166.8699,0.3502,0.0002,17.5750,26361.8314
652.7034,4.5364,28893.4803,11.8040,0.0000,435.6345,77717.5463,1911193.8700,1.1546,22902.8029,0.0144,0.0001,36.7214,0.0001,7.9278,0.0921,49.7746,0.2799,92.0461,96.8602,821.9461,0.0006,1.2521,25.5803,4989.1194,63348.2431,0.0000,0.0026,13.0635,0.0002,0.0011,0.0008,0.1225,161788.8289,6657.8921,11671.1144,13.1009,24.4934,0.8626,64.7111,0.0169,38.4933,539.8464,2803.5106,5871.5845,1.0790,0.0004,1.2285,485165195.4098,0.0777,3.9315,0.1704,21.4087,6.7221,0.0036,2.6307,0.0000,0.0000,0.0001,557.0443,4.2965,10277.6503,0.0000,0.0657
247.6597,995507.3658,0.1363,18470.7324,89436.5880,68.9755,0.0033,0.0000,28983855.0068,0.0000,4965233.5118,5686.8993,2.5109,347.8217,3.3166,0.0018,5342.8131,319761.8075,64.8038,33.0313,1456.3736,18291.9112,146483.1107,0.0089,25.9486,0.0042,132280.0059,92125.5053,27536.9368,0.0145,13192.8054,30888.2246,6030.0418,50666.8050,703.4054,0.5031,0.0309,5544557.0171,0.0000,185.4553,1108292.4806,3095.2994,9.9859,0.0000,0.1878,27792.8022,66250.8140,2355140.4261,0.0777,485165195.4098,0.0011,1478617.6330,0.0001,4651.9633,2455.1328,98657.6351,2.5245,66.9250,16098.3128,628690.3797,1.5006,0.0315,13.7546,8928733.9777
12.7872,1.3291,152.5615,246.6993,7.9166,4854.8042,133436.3048,5107.1099,0.0000,346282.3844,4.8438,1.7516,30745.0190,0.0001,20225.1371,17165361.6528,1.2103,0.0531,120.9620,0.0026,0.0009,167.0853,4726.3445,0.0000,602.3770,468753.3437,0.0024,1006.1461,0.0000,0.0000,13.7474,592.2249,1.4498,0.0220,353.3366,2275.9434,35538.1516,12.4178,347516.1102,537816.2278,40.1563,109.1419,675.6738,87.8162,1.2714,0.0000,0.0429,0.0026,3.9315,0.0011,485165195.4098,0.3574,14.4419,220.4387,0.0133,0.4469,551558.2061,2008.3891,0.0000,42.9365,35679414.9108,123591.4466,5863.9706,0.2154
0.2932,44305.0619,82.9879,1735187.7840,51866.0463,25.0176,32.0182,0.0066,62440.8518,0.0011,595849.1637,21.2256,311785.6101,0.0199,31087.3931,0.1880,1723875.8596,8833718.1051,266.8438,735.9292,7849.4059,2708429.8538,678071.1230,0.0002,117071.4290,84.3327,610.9749,1079723.0452,2.9681,0.0000,56.7024,10353.8615,0.7016,505.3025,565981.7168,5617.0493,1005.2808,20349.4892,0.8322,169317.1103,99724.2959,218798.8856,215695.5722,0.0000,80.8074,157350.4252,42.9746,223.9193,0.1704,1478617.6330,0.3574,485165195.4098,5.2021,206527.2114,1.8843,71.7789,33.0652,123247.8394,168.2178,8409.8982,447.2923,1275.9354,2.3852,439615.2429
0.0000,0.0001,213322.8180,2.2727,0.0004,0.0000,84013.6758,31519.8085,0.0005,0.1505,0.0070,0.0000,83259.4937,0.0000,3787.9296,0.9504,38700.7151,3.0731,33.1695,8646.5830,0.0103,3.5394,0.0326,0.9877,72467.1609,1686.2239,0.0004,2.1311,0.0002,0.0012,0.0000,0.0006,0.0000,0.0005,135.2751,41414.0921,4692.9532,0.0000,440.9971,308.7487,0.0001,0.0533,334885.3009,7695.6860,245192.5434,1739.6541,0.0000,0.0000,21.4087,0.0001,14.4419,5.2021,485165195.4098,1.8058,0.0000,0.0000,0.0730,142.0058,0.0669,0.0001,3.4768,407423.4560,0.0008,0.0257
17.1722,5495.7736,1432.1971,15044.5666,97838.7227,16941.6523,7.9447,0.1058,1.9603,4.9595,266610.0307,1320.2158,97289.0034,0.3415,42643.3558,4896.6690,4837.3369,947.2632,14093.8231,0.0047,114.0502,93448.0332,151874.0001,0.0000,255.9436,4100.4301,52.6140,5587.6034,0.0010,0.0001,9339.7930,819721.3321,40.3872,2.3879,602848.3810,3762.9569,1240042.0764,1993.9160,14.9845,88060.4446,72758.1373,3656159.4260,1320.3092,0.0018,9.0322,49.7173,76.9537,23.5124,6.7221,4651.9633,220.4387,206527.2114,1.8058,485165195.4098,19.0136,389.9764,226.0855,3176.4929,0.2145,7213.7983,19567.3258,506.8924,21.9887,84122.1503
422791.1039,2306.6204,0.0001,2.8765,124798.0317,9132.2263,0.0000,0.0000,233.5599,2.1524,675.5008,41391263.0520,0.0002,3140951.0505,0.0030,3.7251,0.0001,3.6051,2.2862,0.0000,8475.0580,46.1677,10.4493,2.1317,0.0000,0.0023,61099.7966,0.7595,181.7717,2908.9193,616169.0695,18859.6370,14841138.2721,7.9578,0.0647,0.0002,0.0209,600.1174,0.0062,0.0021,76084.0514,479.3479,0.0000,0.0004,0.0002,0.0073,13531004.2189,695933.0919,0.0036,2455.1328,0.0133,1.8843,0.0000,19.0136,485165195.4098,1537205.4636,11.2994,0.1466,217.4169,180.6280,0.1117,0.0000,4661.0390,84.9714
13220580.1079,6164417.9355,0.0002,8.9559,8470.0490,3125517.7581,0.0006,0.0002,3374.1437,56.4852,57980.4688,654681.7148,0.0141,16685.7402,1.4641,14.0194,0.0346,16.1336,0.2130,0.0005,8796.2334,68.3513,20086.1229,0.0131,0.0063,0.1490,303.2144,6.2686,202.4629,0.2834,3481947.2016,98511.8244,49128003.5373,68640.1845,20.1008,0.1039,0.1339,4159752.5280,0.0101,1.5280,63652.2432,39487.1760,0.0010,0.0000,0.0005,0.0510,208498.0525,4675826.9065,2.6307,98657.6351,0.4469,71.7789,0.0000,389.9764,1537205.4636,485165195.4098,21.7170,0.0178,3.6608,2690449.4261,97.9011,0.0042,32.2130,2738.5751
3.9745,41.7358,0.0148,120.4324,80438.8463,345.9887,2.3998,0.0081,0.0133,16.9805,3308.1451,3052.7387,377.7939,1.0919,774.5116,935259.3460,0.2284,0.3499,0.4431,0.0002,0.0005,63412.8924,15244.0610,0.0000,0.7962,12.7798,493.4463,62672.8949,0.0000,0.0125,11778.3105,198557.2373,183.8606,0.0008,0.8044,0.2384,286.1359,107.1014,8486.9031,8596.6969,3670.6597,30.1759,3.3578,0.0035,0.0052,0.0002,243.4359,2.0925,0.0000,2.5245,551558.2061,33.0652,0.0730,226.0855,11.2994,21.7170,485165195.4098,907301.8683,0.0073,34.9452,861869.1620,15.3833,8621217.9694,38.4326
0.0003,3.5657,2.6253,20666.6962,226152.7202,0.2148,20.8869,0.0064,0.4986,0.0044,2729.9494,79.4040,166467.7599,0.0198,3418.6514,1396.2136,1799.8079,8638.4923,39.7987,2.6495,0.0311,2997829.6641,13449.9213,0.0000,689.6150,19.9207,7835.9720,3971983.7009,0.0001,0.0008,43.4609,19564.8149,0.0342,0.0003,237.5985,39.3317,4154.2858,2.5376,5177.9542,70763.7006,9793.1657,153.5133,7091.6592,0.0008,0.1846,16.0905,6.3421,0.0187,0.0000,66.9250,2008.3891,123247.8394,142.0058,3176.4929,0.1466,0.0178,907301.8683,485165195.4098,2.2416,0.6156,14022.2944,306.1778,129754.2236,933.5532
0.0052,12.1988,0.0002,0.0142,707.3082,0.0007,0.0000,0.0000,23700.5196,0.0000,179.5748,139.0641,0.0005,225671.7068,0.0044,0.0000,5.3183,226.8770,0.0332,11.8239,17.4170,3.5972,0.0319,2954.8866,0.0012,0.0000,376530.3603,1.0266,33346.1843,17631.1991,60.1739,6.9572,3.3976,0.2533,0.0055,0.0003,0.0007,0.4753,0.0000,0.0000,3.1773,0.2150,0.0014,0.0000,0.0256,615449.2269,3375.4163,518.2298,0.0001,16098.3128,0.0000,168.2178,0.0669,0.2145,217.4169,3.6608,0.0073,2.2416,485165195.4098,0.0879,0.0000,0.0000,0.6350,229.8508
708069.8507,26160784.5872,0.1400,7521.4599,1369.1271,3101742.9484,11.6397,0.0667,24974.7624,21.4576,1100550.7300,650.6252,42.3067,1.8403,214.2970,21.7177,338.3629,761.2954,76.3674,0.2382,296.3505,378.2740,3742114.1181,0.0000,582.7958,81.8878,1.8087,12214.9297,27.1277,0.0000,98137.6327,80586.5478,226394.3188,3392505.9673,25788.0837,90.0039,1.0777,135942632.7807,0.0335,26881.4246,423273.0485,80380.9356,16.8352,0.0000,0.1383,3.5562,6769.1491,949166.8699,557.0443,628690.3797,42.9365,8409.8982,0.0001,7213.7983,180.6280,2690449.4261,34.9452,0.6156,0.0879,485165195.4098,33505.1800,58.5234,1.8436,66186.6628
77.9180,4559.1729,25.9138,12067.3943,1383.5828,314841.2950,39314.8617,103.2387,0.0043,21963.4956,12987.4202,27.9571,787158.9871,0.0002,1295591.7897,7863286.1172,357.1885,20.1314,397.3014,0.0091,0.1155,47384.0323,3644807.9829,0.0000,14769.0201,487891.8839,0.0506,129124.8696,0.0000,0.0000,1756.2065,161406.3278,28.4055,2.3871,83302.8738,63641.7622,101206.0949,5566.0007,51715.8249,13934062.5414,9739.6228,73436.3161,7113.6139,0.0888,2.1574,0.0030,2.6617,0.3502,4.2965,1.5006,35679414.9108,447.2923,3.4768,19567.3258,0.1117,97.9011,861869.1620,14022.2944,0.0000,33505.1800,485165195.4098,602966.9112,1622.1730,140.9220
0.0105,6.4974,249756.6305,7768.4408,0.0139,26.2195,76510587.6400,756580.1737,0.0103,1449.0210,6.0473,0.0000,28196016.9082,0.0000,2843450.2148,600.2950,364368.5125,123.3238,227.5824,1760.2898,1.3654,414.3389,8100.9768,0.0000,45023273.5309,8860877.9112,0.0000,1165.4379,0.0000,0.0000,0.0014,0.7096,0.0000,19.8037,1155082.8547,22897699.8791,158836.6413,6.9622,26284.1799,7829770.1610,0.4311,956.8428,24377358.1459,91.8145,60837.5089,11.3657,0.0000,0.0002,10277.6503,0.0315,123591.4466,1275.9354,407423.4560,506.8924,0.0000,0.0042,15.3833,306.1778,0.0000,58.5234,602966.9112,485165195.4098,0.0037,2.5040
4.1645,3.8344,0.0015,9.1883,834348.2930,12.4666,0.0015,0.0000,0.0564,0.1814,1387.7009,831624.8993,0.4262,920.9915,2.1149,42853.4920,0.0044,1.0399,17.1099,0.0000,0.0005,9021.0414,211.7629,0.0000,0.0015,0.0183,303532.3198,11316.9479,0.0006,16.6475,53761.2170,224085.6113,2834.9674,0.0001,0.0087,0.0013,3.0496,16.7076,8.2787,21.1433,24955.6317,2.1641,0.0069,0.0005,0.0001,0.0003,36091.6733,17.5750,0.0000,13.7546,5863.9706,2.3852,0.0008,21.9887,4661.0390,32.2130,8621217.9694,129754.2236,0.6350,1.8436,1622.1730,0.0037,485165195.4098,94.6000
5.9731,159358.6608,13.5185,55567.5137,69439.2067,52.7503,0.1178,0.0000,76199.1660,0.0002,10828687.9469,2245.1051,355.5303,3.3189,482.2095,0.2748,98226.4391,47764.2219,1406.1142,7.1797,32.8402,221923.6073,377877.4292,0.0002,317.0197,0.0500,52245.8604,544539.1106,25.1606,0.0009,4016.5573,108901.5963,123.3762,399.8772,8732.0243,69.3010,2.2674,107832.8707,0.0003,7109.1388,1057082.8030,7023.8590,365.5363,0.0000,6.2352,10747.3545,3845.6535,26361.8314,0.0657,8928733.9777,0.2154,439615.2429,0.0257,84122.1503,84.9714,2738.5751,38.4326,933.5532,229.8508,66186.6628,140.9220,2.5040,94.6000,485165195.4098
