485165195.4098,26341.8343,0.0120,25.9713,54.2852,8579310.1070,0.3161,0.7966,66.2201,66350.7863,123.3908,13009.0325,0.0107,386.7304,0.0626,209.9207,0.0005,0.2197,0.7779,0.0000,207.2300,0.0862,582.5450,0.0132,0.0155,17.7968,0.0671,0.5009,31.7510,0.1085,54279.7278,1316.3056,21974591.7196,143271.4603,7.0496,0.0549,0.2001,576999.1063,0.4000,7.5242,4467.5997,804.9060,0.0019,0.0341,0.0051,0.0000,37815.6415,2078100.2254,534.1772,279.0246,106.9021,0.3748,0.0000,39.4561,255016.9482,7570503.4408,14.9104,0.0009,0.0015,1497686.4595,404.2764,0.0275,10.5880,9.2454
26341.8343,485165195.4098,0.0042,1809.2689,18408.7487,410282.1441,0.1632,0.0013,15114.9717,1.8677,5538855.0325,11578.2176,51.4557,12.4653,6301.8070,16.6748,700.6731,919.6374,49.1428,0.1693,3281.3799,16216.1261,7811585.7886,0.0001,76.7697,4.4472,148.9411,18671.7181,9.9651,0.0001,406381.4145,371389.2291,106163.5345,105893.6371,19490.3056,273.2005,0.9410,6976732.3652,0.0203,1302.3406,250297.0680,292821.8330,4.5479,0.0000,0.0994,41.8284,59374.5497,197007.5280,3.6506,466371.4116,4.3543,18394.9621,0.0001,2426.4358,3298.2373,6214012.8593,64.7241,2.8673,4.6899,16781535.8818,10420.2232,9.3402,6.9196,127325.4705
0.0120,0.0042,485165195.4098,8328.0228,0.0009,0.0465,640897.2606,97424.4812,0.2981,21.7794,0.2173,0.0001,100347.2844,0.0000,1251.7485,0.1739,57730.5812,76.4808,29527.3634,810.1326,50.5335,10.2426,2.4676,0.7365,261277.5272,107125.8530,0.0003,2.8895,0.0661,0.0001,0.0000,0.0053,0.0000,8.9117,36347.0774,158790.2176,14728.4857,0.1348,1.5486,27384.4056,0.2858,12.0965,2733814.8584,555.8352,4315590.8837,39.8195,0.0000,0.0014,94315.7383,0.2256,51.0020,133.3771,86167.7261,2083.6671,0.0001,0.0005,0.0028,0.5176,0.0002,0.1854,8.3272,232601.6990,0.0005,17.1764
25.9713,1809.2689,8328.0228,485165195.4098,1615.1558,149.6888,15553.5515,5.7979,3295.1818,1.6970,14342.8243,11.0716,1226082.0829,0.0001,5643.5190,3.7013,152913.8579,96097.3776,60445.5610,59.7647,3426.5286,717004.7085,1070331.5414,0.0000,545918.0171,21118.4875,7.2547,3807864.7932,0.3010,0.0000,1.6274,795.0765,1.4313,653.0764,1146632.6086,21063.0561,240.4494,11021.1303,12.4417,8726786.0344,740898.1813,11203.7281,2361827.1365,0.0008,1102.0269,11.8326,43.3995,58.3998,15.4133,11537.7984,737.5977,1057986.7006,1.0258,11971.0124,7.3630,10.7231,134.4077,12393.5196,0.0030,5269.1025,17547.1936,7934.3777,14.7796,43496.9453
54.2852,18408.7487,0.0009,1615.1558,485165195.4098,3368.3353,0.0002,0.0000,27.7188,0.0155,2295458.0738,26676406.0899,41.1171,9889.7940,91.2197,6257.7010,3.2051,2701.8585,136.5013,0.0002,8.4912,877358.4053,174249.4268,0.0000,0.0284,0.0760,3380938.9357,280707.1933,0.0073,0.2542,8917983.1894,70973758.9503,66905.0183,0.0216,47.0052,0.2066,169.5538,4222.1889,3.1375,209.4860,7665222.6030,97999.8514,0.1170,0.0000,0.0002,2.1602,4398473.8232,6070.6751,0.0000,68276.1600,20.6240,32976.6066,0.0001,42688.2519,428706.9471,15297.5121,155434.2914,316328.7409,256.4613,1283.2955,2512.8321,0.0085,992662.8536,51298.1058
8579310.1070,410282.1441,0.0465,149.6888,3368.3353,485165195.4098,7.3644,4.4970,0.1752,534607.6452,11562.0479,28079.3544,44.5964,7.9324,915.2681,342642.4578,0.1457,1.5637,18.8238,0.0000,390.2308,30.1984,158500.6351,0.0000,1.3968,7294.2858,0.0544,26.1234,0.0019,0.0002,1120458.2877,419627.4323,1451341.6041,2205.8262,11606.0435,203.5798,1570.0569,168091.4146,133.1679,1885.9385,44643.2221,1977532.9374,0.2146,0.0716,0.0290,0.0007,11641.6344,15449.0661,407.9343,40.4970,14968.2690,15.3682,0.0000,23751.7031,15391.8916,2352782.9539,409.2690,0.2626,0.0003,2935874.4348,696586.2795,38.7489,16.3524,51.6887
0.3161,0.1632,640897.2606,15553.5515,0.0002,7.3644,485165195.4098,19351498.6079,0.0287,14442.0584,0.0369,0.0000,1096154.2475,0.0000,10995.3722,23.1991,8212.6770,6.4508,192.9612,1662.2165,2.8700,3.9108,116.4176,0.0022,16486123.6305,8761341.7257,0.0000,57.8776,0.0013,0.0000,0.0000,0.0044,0.0001,204.2895,71184.1262,660406.8934,2067.6955,2.1047,7343.9324,1204247.3352,0.1752,6.7666,8929810.2035,3529.6724,70943.0608,0.1311,0.0000,0.0006,138254.3074,0.0037,78628.3218,21.7647,33659.9858,12.2850,0.0000,0.0011,0.7393,5.4503,0.0000,14.7931,22091.3595,62604987.4003,0.0013,0.1285
0.7966,0.0013,97424.4812,5.7979,0.0000,4.4970,19351498.6079,485165195.4098,0.0002,559255.2264,0.0000,0.0000,2748.9621,0.0000,69.1666,8.9130,8.2477,0.0079,5.7182,54.8547,4.7913,0.0011,0.0256,6.2252,24819.3215,2948973.5264,0.0000,0.0019,0.0030,0.0001,0.0000,0.0000,0.0001,22.3516,745.7573,29617.8040,752.0633,0.0034,11441.3242,244.8422,0.0002,0.4475,14224.9590,7380650.4180,23471.6129,0.0094,0.0000,0.0000,2748626.8987,0.0000,2034.2285,0.0081,33748.2011,0.3151,0.0000,0.0002,0.0026,0.0027,0.0000,0.0883,57.0740,984495.5555,0.0000,0.0001
66.2201,15114.9717,0.2981,3295.1818,27.7188,0.1752,0.0287,0.0002,485165195.4098,0.0000,6674.3577,4.9490,0.1153,25.9121,0.0339,0.0000,1729.0674,61697.3572,2.6325,9081.8671,1973.8771,86.8387,394.1724,5.9569,70.2422,0.0012,1117.7673,1721.3880,11542850.0156,0.1884,2.8926,2.7256,100.5892,629959.9738,6.5718,0.0662,0.0000,166552.8667,0.0000,5.9318,2415.4227,1.1535,16.6690,0.0000,5.2469,19937.8676,911.8079,492508.3262,0.8885,23119376.9282,0.0000,56134.8043,0.0009,0.5571,94.2030,1895.8011,0.0250,0.4180,11037.7385,12620.8598,0.0055,0.0144,0.1135,50310.9037
66350.7863,1.8677,21.7794,1.6970,0.0155,534607.6452,14442.0584,559255.2264,0.0000,485165195.4098,0.0082,0.8619,54.6781,0.0027,76.8612,241329.6378,0.0012,0.0006,0.9214,0.0001,9.5214,0.0199,5.7138,0.0100,2.6713,786390.2064,0.0000,0.0042,0.0000,0.0015,5.1948,2.1139,105.2749,14.4667,168.7183,366.0264,5571.8948,2.4904,120990.0029,116.5139,0.3428,367.4509,1.4847,116047.8913,2.6222,0.0000,0.0511,0.1903,25736.8857,0.0000,490096.8493,0.0019,0.1262,31.6833,3.3936,59.3433,15.4225,0.0073,0.0000,60.7901,38990.8679,2438.0502,0.1872,0.0006
123.3908,5538855.0325,0.2173,14342.8243,2295458.0738,11562.0479,0.0369,0.0000,6674.3577,0.0082,485165195.4098,67696.5489,546.1750,27.7476,16113.0997,122.7002,17282.6749,31177.8359,2081.9660,0.0346,65.5222,1478748.7199,10685398.2798,0.0000,70.5463,0.9187,37497.9235,1685630.5705,0.2993,0.0002,586686.1673,19261481.0107,8920.8796,159.3163,9681.9248,131.0418,32.5544,1260121.6665,0.0044,31188.8766,8277298.2555,189746.4143,37.6190,0.0000,0.9203,649.8080,160647.5036,51176.4657,0.0231,4060404.2926,9.4953,402234.9002,0.0038,108858.1223,1815.4133,135830.9328,2818.2423,1504.1208,69.0338,1178853.9772,20641.6622,6.0582,1169.3925,8902465.9700
13009.0325,11578.2176,0.0001,11.0716,26676406.0899,28079.3544,0.0000,0.0000,4.9490,0.8619,67696.5489,485165195.4098,0.0273,811598.3316,0.5435,6044.3829,0.0020,14.8509,13.9061,0.0000,9.6735,3057.4179,3467.5545,0.0003,0.0000,0.0061,1371058.8762,516.9757,0.0878,55.2643,50840246.3559,12867481.4306,8990356.9983,0.0947,0.5976,0.0034,3.3867,2989.0066,0.2189,0.6453,1249104.6692,10453.2345,0.0001,0.0000,0.0000,0.0077,19808923.4342,57482.5197,0.0001,6192.6306,12.1598,31.6673,0.0000,2155.7090,52590960.4034,723985.8350,13584.1210,379.2413,37.1202,1016.7018,148.5556,0.0000,1218425.9951,3312.2071
0.0107,51.4557,100347.2844,1226082.0829,41.1171,44.5964,1096154.2475,2748.9621,0.1153,54.6781,546.1750,0.0273,485165195.4098,0.0000,7839943.5112,703.2178,1716962.3191,6107.0435,11339.5704,121.1436,255.0545,425791.9073,109026.5452,0.0000,10950525.3126,2774083.2207,0.0233,76684.4641,0.0000,0.0000,0.0623,155.2579,0.0006,1.1827,11919027.7072,11548925.2016,1491317.4621,7.0659,18024.2649,16427382.4915,497.2068,75466.3309,50340134.8717,1.5494,10846.3432,91.6003,0.0049,0.0026,88.4612,2.6975,12519.3008,311989.2889,39721.9440,114799.0197,0.0010,0.0300,74.3177,52711.9753,0.0004,31.7808,360648.7376,23731240.6077,0.1999,446.5991
386.7304,12.4653,0.0000,0.0001,9889.7940,7.9324,0.0000,0.0000,25.9121,0.0027,27.7476,811598.3316,0.0000,485165195.4098,0.0000,0.5279,0.0000,0.0834,0.0027,0.0000,0.3132,0.0413,0.0156,88.9283,0.0000,0.0000,176347.5399,0.0110,538.6077,1438827.8156,249530.3535,974.8792,535770.0257,0.0524,0.0000,0.0000,0.0009,7.5258,0.0008,0.0000,29.5128,0.3616,0.0000,0.0005,0.0000,0.2333,541004.5896,33274.4508,0.0001,355.6362,0.0001,0.0298,0.0000,0.2480,1543616.0623,12188.6877,4.7610,0.0793,212446.9198,2.0587,0.0004,0.0000,1445.9989,2.8529
0.0626,6301.8070,1251.7485,5643.5190,91.2197,915.2681,10995.3722,69.1666,0.0339,76.8612,16113.0997,0.5435,7839943.5112,0.0000,485165195.4098,5040.5331,466752.6349,228.3733,3145.7105,3.2047,78.7882,127238.2475,425552.6851,0.0000,267189.2176,94764.3477,0.0900,6896.9635,0.0000,0.0000,11.3895,2866.8958,0.0113,1.5882,4892135.1081,18694190.7949,490080.2709,44.7041,165.7697,375807.4860,69.2296,568843.5807,340790.1413,0.1982,6816.7347,141.9570,0.1565,0.0157,31.4839,2.6362,7130.1869,17091.6607,2391.8490,37642.1047,0.0098,3.8846,102.4231,570.3567,0.0043,245.3106,631885.4233,2770679.3647,0.4281,702.1509
209.9207,16.6748,0.1739,3.7013,6257.7010,342642.4578,23.1991,8.9130,0.0000,241329.6378,122.7002,6044.3829,703.2178,0.5279,5040.5331,485165195.4098,0.0118,0.0093,33.7141,0.0000,0.0055,190.5402,2665.6340,0.0000,0.2138,7536.2681,0.3568,79.5428,0.0000,0.0023,51377.1178,284715.9636,841.1301,0.0008,68.3270,52.1043,199824.2519,8.3258,183536.9364,3173.0251,512.6907,8957.4880,0.3385,15.2099,0.0040,0.0000,63.4416,0.1529,0.1136,0.0036,15041922.2232,0.1463,0.1219,8061.9578,34.6247,60.8399,665025.5964,1288.5956,0.0000,72.7572,8789086.5241,227.9331,38673.9022,0.5220
0.0005,700.6731,57730.5812,152913.8579,3.2051,0.1457,8212.6770,8.2477,1729.0674,0.0012,17282.6749,0.0020,1716962.3191,0.0000,466752.6349,0.0118,485165195.4098,317462.5681,17603.9739,147877.8519,496.2765,43535.9093,32249.8693,0.0039,18423307.4117,685.7202,1.2511,66333.9419,0.9162,0.0000,0.0114,8.0003,0.0001,270.5157,2458662.9685,3125275.2722,288.4641,79.8385,0.0373,235629.6706,168.9680,1967.8790,17144336.6327,0.0017,220710.2883,2882126.9400,0.0170,0.0890,151.7389,3500.2406,0.3816,1102028.7488,38011.0495,2014.9686,0.0002,0.0548,0.0330,223.6947,4.7770,152.7906,113.6811,340134.0029,0.0015,67722.7350
0.2197,919.6374,76.4808,96097.3776,2701.8585,1.5637,6.4508,0.0079,61697.3572,0.0006,31177.8359,14.8509,6107.0435,0.0834,228.3733,0.0093,317462.5681,485165195.4098,909.4785,2403.7729,24425.2192,96099.0417,15589.5447,0.0121,12177.5740,3.8203,675.8275,73993.3246,33.0092,0.0001,3.7499,549.2725,0.9061,688.0623,32554.9673,1493.5768,42.5936,1820.1555,0.0765,6438.8745,57728.6207,5549.8318,13614.0425,0.0000,35.5681,136441.0103,13.8151,65.4798,0.5947,467009.6522,0.0207,10382499.4408,2.2962,645.1278,10.3104,33.5806,0.1290,2647.5638,255.2306,488.7895,8.3818,80.0532,0.4246,32511.8484
0.7779,49.1428,29527.3634,60445.5610,136.5013,18.8238,192.9612,5.7182,2.6325,0.9214,2081.9660,13.9061,11339.5704,0.0027,3145.7105,33.7141,17603.9739,909.4785,485165195.4098,2.7874,50.3916,3187.1206,3695.8555,0.0004,6619.1584,2340.4793,3.3721,10254.2472,0.0146,0.0001,1.9601,480.7756,0.3497,4.3552,93103.8344,29416.0047,640.7675,47.1724,0.0307,35121.7010,7952.5761,2739.6597,7320.0162,0.0352,433.5515,47.7405,29.5530,0.8342,452.6562,65.5628,160.0121,321.2841,27.5667,8224.9623,1.6166,0.3644,0.1772,10.0468,0.0098,181.6030,600.8950,801.2299,3.9163,1912.2305
0.0000,0.1693,810.1326,59.7647,0.0002,0.0000,1662.2165,54.8547,9081.8671,0.0001,0.0346,0.0000,121.1436,0.0000,3.2047,0.0000,147877.8519,2403.7729,2.7874,485165195.4098,18.0718,1.3673,0.4672,228.8713,261541.0757,0.4944,0.0651,16.3315,6553.8942,0.0058,0.0000,0.0000,0.0000,698.2983,26.3167,294.0341,0.0071,0.5471,0.0078,13.9345,0.0046,0.0081,73975.1330,0.1609,908.8199,177654.2881,0.0000,0.0095,81.6516,38.1747,0.0008,637.3788,10359.7485,0.0028,0.0000,0.0005,0.0001,0.9941,27.7396,0.0994,0.0027,1034.3219,0.0001,6.6094
207.2300,3281.3799,50.5335,3426.5286,8.4912,390.2308,2.8700,4.7913,1973.8771,9.5214,65.5222,9.6735,255.0545,0.3132,78.7882,0.0055,496.2765,24425.2192,50.3916,18.0718,485165195.4098,624.1832,127.7161,33.9279,140.2958,518.3385,0.4824,1.0130,184.0690,0.0043,1.0512,4.7445,11.4570,11197.4382,55780.4898,3422.4787,81.2261,64.6886,0.4051,10.6978,317.2788,96761.7694,279.6551,0.1332,533.0734,1116.7253,5.2941,153.3656,1409.7977,784.7675,0.0022,33863.8728,0.2346,441.4727,1491.9390,1739.3956,0.0005,0.0832,8.4833,113.5450,0.3183,19.7678,0.0003,42.3793
0.0862,16216.1261,10.2426,717004.7085,877358.4053,30.1984,3.9108,0.0011,86.8387,0.0199,1478748.7199,3057.4179,425791.9073,0.0413,127238.2475,190.5402,43535.9093,96099.0417,3187.1206,1.3673,624.1832,485165195.4098,2240127.5262,0.0000,1783.2730,79.6702,34031.4816,10105468.5491,0.0020,0.0001,500.2665,410158.3780,4.3628,0.1511,27152.1358,2037.4779,2036.4889,620.2288,34.0328,311828.0467,1165124.4958,44985.1159,18113.7667,0.0000,9.1639,121.0943,231.3138,6.5876,0.0007,13429.6099,180.0776,2692187.6316,3.1462,51663.1850,107.3824,77.5446,42089.9958,3499404.0802,2.1812,164.1544,38321.2665,428.5335,5955.2985,164478.3678
582.5450,7811585.7886,2.4676,1070331.5414,174249.4268,158500.6351,116.4176,0.0256,394.1724,5.7138,10685398.2798,3467.5545,109026.5452,0.0156,425552.6851,2665.6340,32249.8693,15589.5447,3695.8555,0.4672,127.7161,2240127.5262,485165195.4098,0.0000,17256.1977,1083.2722,151.9575,9914114.4005,0.0080,0.0000,52579.4064,2680239.5037,1593.8786,1424.2969,990371.0359,19630.7850,547.6457,4109918.9652,7.3762,4619424.1312,3887535.0000,1379733.5256,6290.8319,0.0000,0.9957,5.5613,2582.7091,1413.4530,1.1163,124162.1884,9629.4081,305806.4082,0.0087,87109.9629,72.9358,54693.2637,14572.5218,7909.4661,0.0124,3341385.7135,5020314.5399,4284.6208,457.5108,462580.4527
0.0132,0.0001,0.7365,0.0000,0.0000,0.0000,0.0022,6.2252,5.9569,0.0100,0.0000,0.0003,0.0000,88.9283,0.0000,0.0000,0.0039,0.0121,0.0004,228.8713,33.9279,0.0000,0.0000,485165195.4098,0.0007,0.0003,0.0236,0.0000,145782.6604,425737.5768,0.0000,0.0000,0.0017,1.1036,0.0001,0.0012,0.0003,0.0000,0.0010,0.0000,0.0000,0.0001,0.0013,3379.9153,15.4402,129.4380,0.0016,0.0590,27.6937,0.0058,0.0000,0.0006,12.6863,0.0000,0.1569,0.0025,0.0000,0.0000,5148.1862,0.0000,0.0000,0.0002,0.0000,0.0002
0.0155,76.7697,261277.5272,545918.0171,0.0284,1.3968,16486123.6305,24819.3215,70.2422,2.6713,70.5463,0.0000,10950525.3126,0.0000,267189.2176,0.2138,18423307.4117,12177.5740,6619.1584,261541.0757,140.2958,1783.2730,17256.1977,0.0007,485165195.4098,301394.2920,0.0005,24276.1944,0.0827,0.0000,0.0003,0.1876,0.0001,3032.7343,2966767.8462,6570027.3130,495.8049,120.0516,19.5606,5933559.4968,18.5232,275.5208,153276828.0881,0.5036,177617.9618,2137.4056,0.0003,0.0187,12697.5229,21.2374,262.7688,66185.3381,48264.3183,147.8756,0.0000,0.0102,0.1495,99.1079,0.0009,413.8094,6155.5294,43365395.0825,0.0009,259.8483
17.7968,4.4472,107125.8530,21118.4875,0.0760,7294.2858,8761341.7257,2948973.5264,0.0012,786390.2064,0.9187,0.0061,2774083.2207,0.0000,94764.3477,7536.2681,685.7202,3.8203,2340.4793,0.4944,518.3385,79.6702,1083.2722,0.0003,301394.2920,485165195.4098,0.0000,20.2764,0.0000,0.0000,0.0219,2.5308,0.0187,24.1947,1262082.9943,2101131.8323,619089.4200,3.6362,92461.7182,804289.2109,14.7640,14048.5195,429275.4380,3647.9944,10612.4848,0.0190,0.0017,0.0026,101005.6537,0.0036,258559.2470,78.5413,1606.0030,6833.0966,0.0049,0.1324,3.3577,9.3167,0.0000,69.4708,287907.6769,10635609.1489,0.0105,0.0645
0.0671,148.9411,0.0003,7.2547,3380938.9357,0.0544,0.0000,0.0000,1117.7673,0.0000,37497.9235,1371058.8762,0.0233,176347.5399,0.0900,0.3568,1.2511,675.8275,3.3721,0.0651,0.4824,34031.4816,151.9575,0.0236,0.0005,0.0000,485165195.4098,8673.1142,17.7553,1220.9911,39598.8753,63016.7271,858.3835,0.0027,0.0185,0.0006,0.0214,38.7245,0.0013,0.0831,38086.2291,7.5933,0.0033,0.0000,0.0001,99.9093,174698.4844,550.7566,0.0000,108885.0160,0.0059,741.9086,0.0004,26.8905,66679.8051,298.7640,1386.9351,24172.0497,177958.8406,0.9893,0.0889,0.0000,393953.5653,42197.7285
0.5009,18671.7181,2.8895,3807864.7932,280707.1933,26.1234,57.8776,0.0019,1721.3880,0.0042,1685630.5705,516.9757,76684.4641,0.0110,6896.9635,79.5428,66333.9419,73993.3246,10254.2472,16.3315,1.0130,10105468.5491,9914114.4005,0.0000,24276.1944,20.2764,8673.1142,485165195.4098,0.0237,0.0000,523.6786,174339.9804,12.0612,6.1039,9349.9368,247.5974,9.1169,41292.2622,3.3614,3192108.4353,4310643.1246,932.2654,23668.7066,0.0000,1.0690,33.5724,1364.0895,86.4645,0.0020,87905.7659,1727.4786,472212.0493,0.3632,1536.6951,4.7708,19.8525,86767.0607,2496893.8681,0.4212,10793.8187,154476.8927,458.7036,25233.8588,412343.2837
31.7510,9.9651,0.0661,0.3010,0.0073,0.0019,0.0013,0.0030,11542850.0156,0.0000,0.2993,0.0878,0.0000,538.6077,0.0000,0.0000,0.9162,33.0092,0.0146,6553.8942,184.0690,0.0020,0.0080,145782.6604,0.0827,0.0000,17.7553,0.0237,485165195.4098,1071.8243,0.0237,0.0004,13.3754,105018.7441,0.0031,0.0003,0.0000,144.7600,0.0000,0.0003,0.1911,0.0008,0.0163,0.0009,1.2852,1324.4606,14.6963,21903.2540,8.8771,21514.4601,0.0000,3.4937,0.0009,0.0005,22.9238,56.6293,0.0000,0.0001,26425.8562,13.4396,0.0000,0.0001,0.0010,17.1423
0.1085,0.0001,0.0001,0.0000,0.2542,0.0002,0.0000,0.0001,0.1884,0.0015,0.0002,55.2643,0.0000,1438827.8156,0.0000,0.0023,0.0000,0.0001,0.0001,0.0058,0.0043,0.0001,0.0000,425737.5768,0.0000,0.0000,1220.9911,0.0000,1071.8243,485165195.4098,1.6631,0.0038,8.4092,0.0002,0.0000,0.0000,0.0000,0.0001,0.0024,0.0000,0.0004,0.0000,0.0000,9.4709,0.0003,0.0574,51.3534,1.1234,0.0001,0.0151,0.0000,0.0000,0.0027,0.0001,702.3705,0.1157,0.0466,0.0037,29032.3231,0.0000,0.0000,0.0000,20.5123,0.0009
54279.7278,406381.4145,0.0000,1.6274,8917983.1894,1120458.2877,0.0000,0.0000,2.8926,5.1948,586686.1673,50840246.3559,0.0623,249530.3535,11.3895,51377.1178,0.0114,3.7499,1.9601,0.0000,1.0512,500.2665,52579.4064,0.0000,0.0003,0.0219,39598.8753,523.6786,0.0237,1.6631,485165195.4098,50985925.9168,19593022.5566,1.7948,4.0244,0.0294,8.1426,67959.0456,0.4566,3.2913,338043.3384,56283.3856,0.0001,0.0000,0.0000,0.0199,10245601.5474,111420.4920,0.0010,6760.9198,53.2312,21.6831,0.0000,4480.4071,1566631.5785,4914531.3098,25211.2683,57.2053,18.4261,88796.3504,4169.3640,0.0010,83312.4365,2938.5363
1316.3056,371389.2291,0.0053,795.0765,70973758.9503,419627.4323,0.0044,0.0000,2.7256,2.1139,19261481.0107,12867481.4306,155.2579,974.8792,2866.8958,284715.9636,8.0003,549.2725,480.7756,0.0000,4.7445,410158.3780,2680239.5037,0.0000,0.1876,2.5308,63016.7271,174339.9804,0.0004,0.0038,50985925.9168,485165195.4098,381096.4315,0.4156,857.2055,7.0897,1883.9197,83504.5751,4.5143,4540.4319,10169837.5549,966789.8288,0.2279,0.0000,0.0008,0.3182,1060866.4734,7602.4893,0.0012,27109.7232,1311.8678,6718.6396,0.0002,472537.6797,93708.3616,268844.8561,222109.2708,17447.6343,2.4905,99375.1823,278065.0256,0.4868,208140.6599,101647.2155
21974591.7196,106163.5345,0.0000,1.4313,66905.0183,1451341.6041,0.0001,0.0001,100.5892,105.2749,8920.8796,8990356.9983,0.0006,535770.0257,0.0113,841.1301,0.0001,0.9061,0.3497,0.0000,11.4570,4.3628,1593.8786,0.0017,0.0001,0.0187,858.3835,12.0612,13.3754,8.4092,19593022.5566,381096.4315,485165195.4098,635.6493,0.1198,0.0004,0.0400,551760.5717,0.0727,0.5009,126906.2879,764.9629,0.0000,0.0001,0.0000,0.0003,4973944.1761,6932956.3328,0.0665,7768.2226,12.1314,1.0014,0.0000,54.4859,13408637.6376,41522458.7815,1094.9244,0.1610,1.1764,433207.3393,169.0173,0.0001,9200.5045,171.3313
143271.4603,105893.6371,8.9117,653.0764,0.0216,2205.8262,204.2895,22.3516,629959.9738,14.4667,159.3163,0.0947,1.1827,0.0524,1.5882,0.0008,270.5157,688.0623,4.3552,698.2983,11197.4382,0.1511,1424.2969,1.1036,3032.7343,24.1947,0.0027,6.1039,105018.7441,0.0002,1.7948,0.4156,635.6493,485165195.4098,1665.7404,78.3367,0.0051,1716409.4197,0.0007,164.1763,101.0139,78.1313,58.3707,0.0023,37.5658,29.6727,5.7673,118042.1642,204771.0401,35974.2346,0.0642,353.1933,0.0009,2.0805,3.8629,45254.5573,0.0009,0.0001,0.0939,3013120.5352,4.4647,47.1733,0.0002,351.8935
7.0496,19490.3056,36347.0774,1146632.6086,47.0052,11606.0435,71184.1262,745.7573,6.5718,168.7183,9681.9248,0.5976,11919027.7072,0.0000,4892135.1081,68.3270,2458662.9685,32554.9673,93103.8344,26.3167,55780.4898,27152.1358,990371.0359,0.0001,2966767.8462,1262082.9943,0.0185,9349.9368,0.0031,0.0000,4.0244,857.2055,0.1198,1665.7404,485165195.4098,52895476.1615,216184.0107,1244.2840,43.3937,1909074.6429,5861.1593,7117957.2459,2550648.6556,0.1348,17185.4618,707.8561,0.4565,0.8938,17316.5982,201.9713,390.0408,234285.6361,154.2052,489187.5545,0.1573,24.3121,0.2237,50.0991,0.0019,10483.1853,70324.6880,1852547.8017,0.0041,5858.1199
0.0549,273.2005,158790.2176,21063.0561,0.2066,203.5798,660406.8934,29617.8040,0.0662,366.0264,131.0418,0.0034,11548925.2016,0.0000,18694190.7949,52.1043,3125275.2722,1493.5768,29416.0047,294.0341,3422.4787,2037.4779,19630.7850,0.0012,6570027.3130,2101131.8323,0.0006,247.5974,0.0003,0.0000,0.0294,7.0897,0.0004,78.3367,52895476.1615,485165195.4098,194721.8996,4.8426,82.3994,294918.3981,10.6238,183807.9860,5422734.6239,20.1668,178903.7604,796.4576,0.0016,0.0013,40736.7953,0.3918,670.4525,3443.2985,32499.5767,5248.1266,0.0006,0.1947,0.0306,5.5746,0.0004,75.6968,23462.4186,21020902.1182,0.0004,80.9885
0.2001,0.9410,14728.4857,240.4494,169.5538,1570.0569,2067.6955,752.0633,0.0000,5571.8948,32.5544,3.3867,1491317.4621,0.0009,490080.2709,199824.2519,288.4641,42.5936,640.7675,0.0071,81.2261,2036.4889,547.6457,0.0003,495.8049,619089.4200,0.0214,9.1169,0.0000,0.0000,8.1426,1883.9197,0.0400,0.0051,216184.0107,194721.8996,485165195.4098,0.2293,82294.9899,21926.4911,18.2265,765777.5338,7204.7596,187.4296,128.4874,0.8299,0.0158,0.0015,56.3171,0.0363,10612.0505,1212.2339,1781.7326,2696337.0506,0.1369,0.3901,40.7999,1132.2457,0.0007,1.2060,37947.7120,107460.3150,0.6467,3.3950
576999.1063,6976732.3652,0.1348,11021.1303,4222.1889,168091.4146,2.1047,0.0034,166552.8667,2.4904,1260121.6665,2989.0066,7.0659,7.5258,44.7041,8.3258,79.8385,1820.1555,47.1724,0.5471,64.6886,620.2288,4109918.9652,0.0000,120.0516,3.6362,38.7245,41292.2622,144.7600,0.0001,67959.0456,83504.5751,551760.5717,1716409.4197,1244.2840,4.8426,0.2293,485165195.4098,0.0060,19543.2232,555554.1598,7860.8477,6.3490,0.0000,0.0418,0.7582,18535.5307,4438585.8123,18.5606,4891643.4709,48.4576,10477.6336,0.0000,947.5682,1264.3192,5952798.2400,201.3278,2.0252,0.1417,129752551.9975,10520.5852,5.2837,59.2448,113060.4085
0.4000,0.0203,1.5486,12.4417,3.1375,133.1679,7343.9324,11441.3242,0.0000,120990.0029,0.0044,0.2189,18024.2649,0.0008,165.7697,183536.9364,0.0373,0.0765,0.0307,0.0078,0.4051,34.0328,7.3762,0.0010,19.5606,92461.7182,0.0013,3.3614,0.0000,0.0024,0.4566,4.5143,0.0727,0.0007,43.3937,82.3994,82294.9899,0.0060,485165195.4098,532.8851,0.4116,48.1141,102.9898,13091.3904,0.1521,0.0001,0.0030,0.0001,0.3005,0.0000,159357.1025,0.7371,160.1218,25.5819,0.0433,0.0140,7779.0500,10121.8641,0.0000,0.0218,28824.8655,7759.6179,16.7951,0.0004
7.5242,1302.3406,27384.4056,8726786.0344,209.4860,1885.9385,1204247.3352,244.8422,5.9318,116.5139,31188.8766,0.6453,16427382.4915,0.0000,375807.4860,3173.0251,235629.6706,6438.8745,35121.7010,13.9345,10.6978,311828.0467,4619424.1312,0.0000,5933559.4968,804289.2109,0.0831,3192108.4353,0.0003,0.0000,3.2913,4540.4319,0.5009,164.1763,1909074.6429,294918.3981,21926.4911,19543.2232,532.8851,485165195.4098,90601.1354,15696.5529,6009870.7756,0.0092,673.0037,1.0253,0.2923,1.8484,105.1024,291.8993,546439.3042,132003.8615,52.4418,85818.9975,0.0169,5.5551,3908.4411,25397.8425,0.0000,38092.4044,11226301.7457,4330046.0580,27.3371,9047.7416
4467.5997,250297.0680,0.2858,740898.1813,7665222.6030,44643.2221,0.1752,0.0002,2415.4227,0.3428,8277298.2555,1249104.6692,497.2068,29.5128,69.2296,512.6907,168.9680,57728.6207,7952.5761,0.0046,317.2788,1165124.4958,3887535.0000,0.0000,18.5232,14.7640,38086.2291,4310643.1246,0.1911,0.0004,338043.3384,10169837.5549,126906.2879,101.0139,5861.1593,10.6238,18.2265,555554.1598,0.4116,90601.1354,485165195.4098,86800.8098,22.7266,0.0000,0.0295,1.1744,688077.0593,84279.6136,0.0198,899680.1169,240.3228,120059.4520,0.0001,77551.8753,127407.5761,67590.1657,9105.2777,19804.1213,0.6442,403232.5320,37416.2549,0.9437,36055.4240,785790.2810
804.9060,292821.8330,12.0965,11203.7281,97999.8514,1977532.9374,6.7666,0.4475,1.1535,367.4509,189746.4143,10453.2345,75466.3309,0.3616,568843.5807,8957.4880,1967.8790,5549.8318,2739.6597,0.0081,96761.7694,44985.1159,1379733.5256,0.0001,275.5208,14048.5195,7.5933,932.2654,0.0008,0.0000,56283.3856,966789.8288,764.9629,78.1313,7117957.2459,183807.9860,765777.5338,7860.8477,48.1141,15696.5529,86800.8098,485165195.4098,354.1091,0.0054,2.7062,30.8691,725.6960,163.3482,76.5321,1390.3529,140.6750,133818.3562,0.0634,4130707.4450,1363.6527,42023.5805,12.7690,80.6581,0.1015,39457.1894,70404.1295,1156.8323,1.2353,6555.8758
0.0019,4.5479,2733814.8584,2361827.1365,0.1170,0.2146,8929810.2035,14224.9590,16.6690,1.4847,37.6190,0.0001,50340134.8717,0.0000,340790.1413,0.3385,17144336.6327,13614.0425,7320.0162,73975.1330,279.6551,18113.7667,6290.8319,0.0013,153276828.0881,429275.4380,0.0033,23668.7066,0.0163,0.0000,0.0001,0.2279,0.0000,58.3707,2550648.6556,5422734.6239,7204.7596,6.3490,102.9898,6009870.7756,22.7266,354.1091,485165195.4098,1.5781,773536.3841,1535.2338,0.0002,0.0026,1320.8610,9.1230,270.5668,178362.8556,203948.3854,1171.4119,0.0000,0.0016,0.6485,1462.6971,0.0010,10.3172,2541.8456,20890741.7695,0.0035,350.6555
0.0341,0.0000,555.8352,0.0008,0.0000,0.0716,3529.6724,7380650.4180,0.0000,116047.8913,0.0000,0.0000,1.5494,0.0005,0.1982,15.2099,0.0017,0.0000,0.0352,0.1609,0.1332,0.0000,0.0000,3379.9153,0.5036,3647.9944,0.0000,0.0000,0.0009,9.4709,0.0000,0.0000,0.0001,0.0023,0.1348,20.1668,187.4296,0.0000,13091.3904,0.0092,0.0000,0.0054,1.5781,485165195.4098,236.2959,0.0007,0.0000,0.0000,4142.6784,0.0000,40.0650,0.0000,13974.4049,0.0094,0.0002,0.0000,0.0018,0.0009,0.0001,0.0000,0.0707,167.8230,0.0002,0.0000
0.0051,0.0994,4315590.8837,1102.0269,0.0002,0.0290,70943.0608,23471.6129,5.2469,2.6222,0.9203,0.0000,10846.3432,0.0000,6816.7347,0.0040,220710.2883,35.5681,433.5515,908.8199,533.0734,9.1639,0.9957,15.4402,177617.9618,10612.4848,0.0001,1.0690,1.2852,0.0003,0.0000,0.0008,0.0000,37.5658,17185.4618,178903.7604,128.4874,0.0418,0.1521,673.0037,0.0295,2.7062,773536.3841,236.2959,485165195.4098,1833.9016,0.0002,0.0044,19833.1060,0.1293,0.4169,71.4736,288792.1036,9.1401,0.0001,0.0006,0.0009,0.0300,0.0310,0.1433,0.8269,84026.4574,0.0000,4.0634
0.0000,41.8284,39.8195,11.8326,2.1602,0.0007,0.1311,0.0094,19937.8676,0.0000,649.8080,0.0077,91.6003,0.2333,141.9570,0.0000,2882126.9400,136441.0103,47.7405,177654.2881,1116.7253,121.0943,5.5613,129.4380,2137.4056,0.0190,99.9093,33.5724,1324.4606,0.0574,0.0199,0.3182,0.0003,29.6727,707.8561,796.4576,0.8299,0.7582,0.0001,1.0253,1.1744,30.8691,1535.2338,0.0007,1833.9016,485165195.4098,0.1695,0.6671,2.7130,8404.8149,0.0000,68879.6136,4285.6104,11.5462,0.0055,0.0471,0.0001,2.2522,657984.4190,0.8616,0.0010,11.2125,0.0001,3103.1554
37815.6415,59374.5497,0.0000,43.3995,4398473.8232,11641.6344,0.0000,0.0000,911.8079,0.0511,160647.5036,19808923.4342,0.0049,541004.5896,0.1565,63.4416,0.0170,13.8151,29.5530,0.0000,5.2941,231.3138,2582.7091,0.0016,0.0003,0.0017,174698.4844,1364.0895,14.6963,51.3534,10245601.5474,1060866.4734,4973944.1761,5.7673,0.4565,0.0016,0.0158,18535.5307,0.0030,0.2923,688077.0593,725.6960,0.0002,0.0000,0.0002,0.1695,485165195.4098,1536225.5527,0.0005,40388.3537,0.3421,25.1918,0.0000,40.2160,11357384.3408,198634.6294,1088.1390,10.6012,677.4367,14185.1285,14.8316,0.0000,47478.2203,2975.1724
2078100.2254,197007.5280,0.0014,58.3998,6070.6751,15449.0661,0.0006,0.0000,492508.3262,0.1903,51176.4657,57482.5197,0.0026,33274.4508,0.0157,0.1529,0.0890,65.4798,0.8342,0.0095,153.3656,6.5876,1413.4530,0.0590,0.0187,0.0026,550.7566,86.4645,21903.2540,1.1234,111420.4920,7602.4893,6932956.3328,118042.1642,0.8938,0.0013,0.0015,4438585.8123,0.0001,1.8484,84279.6136,163.3482,0.0026,0.0000,0.0044,0.6671,1536225.5527,485165195.4098,0.9829,2749003.5808,0.0251,283.8702,0.0000,30.3705,469155.7295,4982815.3967,11.6836,0.0432,120.7135,1889139.8151,2.2504,0.0004,60.4000,27918.3394
534.1772,3.6506,94315.7383,15.4133,0.0000,407.9343,138254.3074,2748626.8987,0.8885,25736.8857,0.0231,0.0001,88.4612,0.0001,31.4839,0.1136,151.7389,0.5947,452.6562,81.6516,1409.7977,0.0007,1.1163,27.6937,12697.5229,101005.6537,0.0000,0.0020,8.8771,0.0001,0.0010,0.0012,0.0665,204771.0401,17316.5982,40736.7953,56.3171,18.5606,0.3005,105.1024,0.0198,76.5321,1320.8610,4142.6784,19833.1060,2.7130,0.0005,0.9829,485165195.4098,0.0740,3.8644,0.2766,51.1092,16.1597,0.0018,1.6655,0.0000,0.0000,0.0001,548.1080,4.5675,27974.7375,0.0000,0.0942
279.0246,466371.4116,0.2256,11537.7984,68276.1600,40.4970,0.0037,0.0000,23119376.9282,0.0000,4060404.2926,6192.6306,2.6975,355.6362,2.6362,0.0036,3500.2406,467009.6522,65.5628,38.1747,784.7675,13429.6099,124162.1884,0.0058,21.2374,0.0036,108885.0160,87905.7659,21514.4601,0.0151,6760.9198,27109.7232,7768.2226,35974.2346,201.9713,0.3918,0.0363,4891643.4709,0.0000,291.8993,899680.1169,1390.3529,9.1230,0.0000,0.1293,8404.8149,40388.3537,2749003.5808,0.0740,485165195.4098,0.0030,1356919.6188,0.0001,1919.5521,3531.8479,140125.9355,4.3479,57.4110,5155.9805,394486.7417,2.2985,0.0304,28.8735,8112645.9458
106.9021,4.3543,51.0020,737.5977,20.6240,14968.2690,78628.3218,2034.2285,0.0000,490096.8493,9.4953,12.1598,12519.3008,0.0001,7130.1869,15041922.2232,0.3816,0.0207,160.0121,0.0008,0.0022,180.0776,9629.4081,0.0000,262.7688,258559.2470,0.0059,1727.4786,0.0000,0.0000,53.2312,1311.8678,12.1314,0.0642,390.0408,670.4525,10612.0505,48.4576,159357.1025,546439.3042,240.3228,140.6750,270.5668,40.0650,0.4169,0.0000,0.3421,0.0251,3.8644,0.0030,485165195.4098,0.2611,1.2102,428.1223,0.1417,2.1474,460779.8850,1618.6991,0.0000,152.6955,36782345.9381,39431.4971,10210.9853,0.5459
0.3748,18394.9621,133.3771,1057986.7006,32976.6066,15.3682,21.7647,0.0081,56134.8043,0.0019,402234.9002,31.6673,311989.2889,0.0298,17091.6607,0.1463,1102028.7488,10382499.4408,321.2841,637.3788,33863.8728,2692187.6316,305806.4082,0.0006,66185.3381,78.5413,741.9086,472212.0493,3.4937,0.0000,21.6831,6718.6396,1.0014,353.1933,234285.6361,3443.2985,1212.2339,10477.6336,0.7371,132003.8615,120059.4520,133818.3562,178362.8556,0.0000,71.4736,68879.6136,25.1918,283.8702,0.2766,1356919.6188,0.2611,485165195.4098,4.1299,132853.3486,6.4630,118.7176,15.0772,54403.7892,98.2757,3063.5528,242.8894,922.9005,1.8986,351576.2624
0.0000,0.0001,86167.7261,1.0258,0.0001,0.0000,33659.9858,33748.2011,0.0009,0.1262,0.0038,0.0000,39721.9440,0.0000,2391.8490,0.1219,38011.0495,2.2962,27.5667,10359.7485,0.2346,3.1462,0.0087,12.6863,48264.3183,1606.0030,0.0004,0.3632,0.0009,0.0027,0.0000,0.0002,0.0000,0.0009,154.2052,32499.5767,1781.7326,0.0000,160.1218,52.4418,0.0001,0.0634,203948.3854,13974.4049,288792.1036,4285.6104,0.0000,0.0000,51.1092,0.0001,1.2102,4.1299,485165195.4098,1.0500,0.0000,0.0000,0.0067,22.6386,0.2318,0.0000,0.5084,258825.1912,0.0002,0.0149
39.4561,2426.4358,2083.6671,11971.0124,42688.2519,23751.7031,12.2850,0.3151,0.5571,31.6833,108858.1223,2155.7090,114799.0197,0.2480,37642.1047,8061.9578,2014.9686,645.1278,8224.9623,0.0028,441.4727,51663.1850,87109.9629,0.0000,147.8756,6833.0966,26.8905,1536.6951,0.0005,0.0001,4480.4071,472537.6797,54.4859,2.0805,489187.5545,5248.1266,2696337.0506,947.5682,25.5819,85818.9975,77551.8753,4130707.4450,1171.4119,0.0094,9.1401,11.5462,40.2160,30.3705,16.1597,1919.5521,428.1223,132853.3486,1.0500,485165195.4098,68.0557,687.5229,105.2009,1396.2776,0.0423,3269.6786,20925.5943,628.6413,12.9382,59614.5908
255016.9482,3298.2373,0.0001,7.3630,428706.9471,15391.8916,0.0000,0.0000,94.2030,3.3936,1815.4133,52590960.4034,0.0010,1543616.0623,0.0098,34.6247,0.0002,10.3104,1.6166,0.0000,1491.9390,107.3824,72.9358,0.1569,0.0000,0.0049,66679.8051,4.7708,22.9238,702.3705,1566631.5785,93708.3616,13408637.6376,3.8629,0.1573,0.0006,0.1369,1264.3192,0.0433,0.0169,127407.5761,1363.6527,0.0000,0.0002,0.0001,0.0055,11357384.3408,469155.7295,0.0018,3531.8479,0.1417,6.4630,0.0000,68.0557,485165195.4098,1478009.6224,112.8006,1.6150,73.0678,360.6184,1.1086,0.0000,12000.5472,175.0759
7570503.4408,6214012.8593,0.0005,10.7231,15297.5121,2352782.9539,0.0011,0.0002,1895.8011,59.3433,135830.9328,723985.8350,0.0300,12188.6877,3.8846,60.8399,0.0548,33.5806,0.3644,0.0005,1739.3956,77.5446,54693.2637,0.0025,0.0102,0.1324,298.7640,19.8525,56.6293,0.1157,4914531.3098,268844.8561,41522458.7815,45254.5573,24.3121,0.1947,0.3901,5952798.2400,0.0140,5.5551,67590.1657,42023.5805,0.0016,0.0000,0.0006,0.0471,198634.6294,4982815.3967,1.6655,140125.9355,2.1474,118.7176,0.0000,687.5229,1478009.6224,485165195.4098,65.9433,0.0550,1.8679,3721615.4105,370.3161,0.0084,76.5150,5445.0122
14.9104,64.7241,0.0028,134.4077,155434.2914,409.2690,0.7393,0.0026,0.0250,15.4225,2818.2423,13584.1210,74.3177,4.7610,102.4231,665025.5964,0.0330,0.1290,0.1772,0.0001,0.0005,42089.9958,14572.5218,0.0000,0.1495,3.3577,1386.9351,86767.0607,0.0000,0.0466,25211.2683,222109.2708,1094.9244,0.0009,0.2237,0.0306,40.7999,201.3278,7779.0500,3908.4411,9105.2777,12.7690,0.6485,0.0018,0.0009,0.0001,1088.1390,11.6836,0.0000,4.3479,460779.8850,15.0772,0.0067,105.2009,112.8006,65.9433,485165195.4098,1028225.2272,0.0079,45.9255,499792.3644,2.1069,16819296.5742,40.4688
0.0009,2.8673,0.5176,12393.5196,316328.7409,0.2626,5.4503,0.0027,0.4180,0.0073,1504.1208,379.2413,52711.9753,0.0793,570.3567,1288.5956,223.6947,2647.5638,10.0468,0.9941,0.0832,3499404.0802,7909.4661,0.0000,99.1079,9.3167,24172.0497,2496893.8681,0.0001,0.0037,57.2053,17447.6343,0.1610,0.0001,50.0991,5.5746,1132.2457,2.0252,10121.8641,25397.8425,19804.1213,80.6581,1462.6971,0.0009,0.0300,2.2522,10.6012,0.0432,0.0000,57.4110,1618.6991,54403.7892,22.6386,1396.2776,1.6150,0.0550,1028225.2272,485165195.4098,1.6552,0.2935,8382.2497,58.7719,240549.0354,562.1039
0.0015,4.6899,0.0002,0.0030,256.4613,0.0003,0.0000,0.0000,11037.7385,0.0000,69.0338,37.1202,0.0004,212446.9198,0.0043,0.0000,4.7770,255.2306,0.0098,27.7396,8.4833,2.1812,0.0124,5148.1862,0.0009,0.0000,177958.8406,0.4212,26425.8562,29032.3231,18.4261,2.4905,1.1764,0.0939,0.0019,0.0004,0.0007,0.1417,0.0000,0.0000,0.6442,0.1015,0.0010,0.0001,0.0310,657984.4190,677.4367,120.7135,0.0001,5155.9805,0.0000,98.2757,0.2318,0.0423,73.0678,1.8679,0.0079,1.6552,485165195.4098,0.0264,0.0000,0.0000,0.3645,64.3393
1497686.4595,16781535.8818,0.1854,5269.1025,1283.2955,2935874.4348,14.7931,0.0883,12620.8598,60.7901,1178853.9772,1016.7018,31.7808,2.0587,245.3106,72.7572,152.7906,488.7895,181.6030,0.0994,113.5450,164.1544,3341385.7135,0.0000,413.8094,69.4708,0.9893,10793.8187,13.4396,0.0000,88796.3504,99375.1823,433207.3393,3013120.5352,10483.1853,75.6968,1.2060,129752551.9975,0.0218,38092.4044,403232.5320,39457.1894,10.3172,0.0000,0.1433,0.8616,14185.1285,1889139.8151,548.1080,394486.7417,152.6955,3063.5528,0.0000,3269.6786,360.6184,3721615.4105,45.9255,0.2935,0.0264,485165195.4098,66091.9240,56.3282,4.3617,45870.3651
404.2764,10420.2232,8.3272,17547.1936,2512.8321,696586.2795,22091.3595,57.0740,0.0055,38990.8679,20641.6622,148.5556,360648.7376,0.0004,631885.4233,8789086.5241,113.6811,8.3818,600.8950,0.0027,0.3183,38321.2665,5020314.5399,0.0000,6155.5294,287907.6769,0.0889,154476.8927,0.0000,0.0000,4169.3640,278065.0256,169.0173,4.4647,70324.6880,23462.4186,37947.7120,10520.5852,28824.8655,11226301.7457,37416.2549,70404.1295,2541.8456,0.0707,0.8269,0.0010,14.8316,2.2504,4.5675,2.2985,36782345.9381,242.8894,0.5084,20925.5943,1.1086,370.3161,499792.3644,8382.2497,0.0000,66091.9240,485165195.4098,242745.6985,2227.8387,209.7095
0.0275,9.3402,232601.6990,7934.3777,0.0085,38.7489,62604987.4003,984495.5555,0.0144,2438.0502,6.0582,0.0000,23731240.6077,0.0000,2770679.3647,227.9331,340134.0029,80.0532,801.2299,1034.3219,19.7678,428.5335,4284.6208,0.0002,43365395.0825,10635609.1489,0.0000,458.7036,0.0001,0.0000,0.0010,0.4868,0.0001,47.1733,1852547.8017,21020902.1182,107460.3150,5.2837,7759.6179,4330046.0580,0.9437,1156.8323,20890741.7695,167.8230,84026.4574,11.2125,0.0000,0.0004,27974.7375,0.0304,39431.4971,922.9005,258825.1912,628.6413,0.0000,0.0084,2.1069,58.7719,0.0000,56.3282,242745.6985,485165195.4098,0.0016,2.7580
10.5880,6.9196,0.0005,14.7796,992662.8536,16.3524,0.0013,0.0000,0.1135,0.1872,1169.3925,1218425.9951,0.1999,1445.9989,0.4281,38673.9022,0.0015,0.4246,3.9163,0.0001,0.0003,5955.2985,457.5108,0.0000,0.0009,0.0105,393953.5653,25233.8588,0.0010,20.5123,83312.4365,208140.6599,9200.5045,0.0002,0.0041,0.0004,0.6467,59.2448,16.7951,27.3371,36055.4240,1.2353,0.0035,0.0002,0.0000,0.0001,47478.2203,60.4000,0.0000,28.8735,10210.9853,1.8986,0.0002,12.9382,12000.5472,76.5150,16819296.5742,240549.0354,0.3645,4.3617,2227.8387,0.0016,485165195.4098,114.3156
9.2454,127325.4705,17.1764,43496.9453,51298.1058,51.6887,0.1285,0.0001,50310.9037,0.0006,8902465.9700,3312.2071,446.5991,2.8529,702.1509,0.5220,67722.7350,32511.8484,1912.2305,6.6094,42.3793,164478.3678,462580.4527,0.0002,259.8483,0.0645,42197.7285,412343.2837,17.1423,0.0009,2938.5363,101647.2155,171.3313,351.8935,5858.1199,80.9885,3.3950,113060.4085,0.0004,9047.7416,785790.2810,6555.8758,350.6555,0.0000,4.0634,3103.1554,2975.1724,27918.3394,0.0942,8112645.9458,0.5459,351576.2624,0.0149,59614.5908,175.0759,5445.0122,40.4688,562.1039,64.3393,45870.3651,209.7095,2.7580,114.3156,485165195.4098
