485165195.4098,36004.0660,0.0098,27.5527,31.1867,8973717.5283,0.4912,1.2309,72.0822,72090.1748,119.3153,8564.5290,0.0137,226.4730,0.0728,155.6013,0.0007,0.2700,0.4462,0.0001,322.5910,0.1155,642.8250,0.0142,0.0257,23.6958,0.0520,0.5590,32.0420,0.0647,35761.3799,890.5955,19419035.0565,206335.5516,8.9339,0.0919,0.1478,534425.7836,0.5438,9.2617,5252.8402,701.3591,0.0026,0.0410,0.0063,0.0000,22875.8571,1533946.5875,582.7591,232.3043,103.8815,0.3860,0.0000,24.5232,207154.9781,7314486.8638,12.9332,0.0009,0.0013,1624940.3214,501.2247,0.0498,6.5066,8.3588
36004.0660,485165195.4098,0.0025,1945.9028,19885.8100,504036.3806,0.1845,0.0013,13950.4794,2.3531,5689057.2037,15840.7054,50.4606,12.7013,4850.2963,23.7145,600.0628,913.0754,18.9716,0.1341,2119.9982,21027.8828,7825307.1376,0.0000,72.4821,4.3533,165.4096,24047.0297,7.5552,0.0001,483293.1026,398220.0106,161718.1091,97754.9314,11862.9974,205.2552,0.7142,7988055.5473,0.0306,1670.8435,398789.5553,189231.0692,3.9970,0.0000,0.0532,27.0722,67404.9722,209422.4225,1.8289,469969.8350,7.4650,17876.6563,0.0001,1798.2462,3977.7106,7530095.0060,149.4009,5.3303,3.6568,19596161.7483,16474.3447,9.3520,14.6057,120382.2408
0.0098,0.0025,485165195.4098,6528.6265,0.0009,0.0498,667134.4798,117411.8544,0.1347,31.8815,0.1120,0.0000,108058.8308,0.0000,1393.0746,0.2692,51815.4189,64.8672,42841.7823,721.0666,49.8059,5.9705,1.7462,0.8975,254123.4153,125950.4160,0.0002,1.7832,0.0376,0.0001,0.0000,0.0051,0.0000,5.5063,44663.4492,197435.5938,20263.0594,0.0806,2.7251,19858.8170,0.1491,18.1431,2735896.1151,1061.3827,4433077.6060,38.1710,0.0000,0.0007,98455.5349,0.1105,60.7145,102.6679,135316.3288,2099.9720,0.0001,0.0003,0.0020,0.4708,0.0001,0.1129,7.1713,257904.7193,0.0004,6.7376
27.5527,1945.9028,6528.6265,485165195.4098,1128.8965,152.9977,18333.0688,6.4694,3421.8379,2.0408,11764.6655,9.7957,1166998.5964,0.0001,5206.6274,3.2719,186053.0743,110049.5288,33768.0033,88.7497,4173.2859,763863.0391,856666.3666,0.0000,703193.8298,18782.2761,5.6977,3270751.4746,0.3145,0.0000,1.3552,597.2697,1.4020,836.3484,948857.4347,22459.4363,160.2532,10414.4163,13.9600,8588251.5549,694043.0607,9473.6669,2724867.3858,0.0010,1051.6955,12.6357,30.2669,53.8214,13.4677,10809.3462,788.9152,1125509.0062,1.1201,8325.2354,7.1150,11.4890,136.4122,13282.4121,0.0028,5290.0547,17574.4022,10064.8577,14.8227,35929.5761
31.1867,19885.8100,0.0009,1128.8965,485165195.4098,2258.3802,0.0002,0.0000,23.7915,0.0103,2895626.8371,26346538.2114,52.9596,9245.0063,198.8699,7531.0403,5.0507,3424.0607,117.8677,0.0002,3.8798,1089866.8672,208922.9672,0.0000,0.0337,0.0599,3417024.2381,299348.6040,0.0052,0.2237,9214187.5787,73762018.6720,49190.4426,0.0159,41.7415,0.2799,200.9947,4565.6544,2.4828,236.8937,4920581.0716,87727.7464,0.1373,0.0000,0.0001,3.3878,4135928.1098,3898.3538,0.0000,85470.6379,23.1562,39825.6884,0.0002,46530.3236,267242.3930,14341.8738,204934.0553,422724.9410,338.0153,1262.0220,2992.7189,0.0110,1255315.5620,58188.6088
8973717.5283,504036.3806,0.0498,152.9977,2258.3802,485165195.4098,11.5643,6.3590,0.1692,590233.9129,10125.1992,20075.9625,60.9716,4.8126,1189.4892,314633.0000,0.1970,2.0793,16.0357,0.0000,414.7133,33.6428,184941.0369,0.0000,2.3403,9073.5309,0.0415,27.8071,0.0017,0.0001,845275.0802,317355.6341,1267344.7663,2944.5283,14938.4067,329.1142,1166.5228,191624.1388,181.0828,2493.7955,41548.3694,1788136.6209,0.3017,0.0800,0.0292,0.0007,7714.9311,9362.0105,452.6917,36.2995,18631.7689,17.1551,0.0001,20567.8368,10618.5889,2238404.5481,368.7693,0.2801,0.0003,3386707.4721,847431.2724,67.9019,13.1047,38.2653
0.4912,0.1845,667134.4798,18333.0688,0.0002,11.5643,485165195.4098,19231576.7146,0.0259,22592.2409,0.0285,0.0000,1028087.8739,0.0000,8820.4839,24.4492,7649.9756,7.3229,284.2269,1636.6406,6.2913,3.3039,112.4785,0.0028,18461421.2567,10393329.9970,0.0000,45.9862,0.0013,0.0000,0.0000,0.0047,0.0001,278.8175,102839.9779,750552.6179,1923.8323,2.2760,9920.0180,1134714.0884,0.1882,10.3528,9076101.9732,4410.6279,72060.0126,0.1021,0.0000,0.0005,183290.9124,0.0031,88072.8233,22.5131,33057.6562,15.6303,0.0000,0.0013,0.5001,4.3176,0.0000,16.2929,19404.4024,66504865.1125,0.0012,0.0813
1.2309,0.0013,117411.8544,6.4694,0.0000,6.3590,19231576.7146,485165195.4098,0.0002,788116.7557,0.0000,0.0000,2403.3102,0.0000,47.0790,7.6322,6.7461,0.0091,10.1652,53.1750,11.0395,0.0008,0.0235,8.6856,26318.1473,3549681.7448,0.0000,0.0014,0.0038,0.0001,0.0000,0.0000,0.0001,33.0944,1155.7797,31442.6883,670.6265,0.0036,14430.7460,212.4676,0.0002,0.6518,13820.6564,8732694.3112,28632.5521,0.0075,0.0000,0.0000,4472846.7175,0.0000,1825.3830,0.0080,34594.6189,0.4038,0.0000,0.0002,0.0013,0.0018,0.0000,0.0934,42.3470,987403.3731,0.0000,0.0000
72.0822,13950.4794,0.1347,3421.8379,23.7915,0.1692,0.0259,0.0002,485165195.4098,0.0000,5970.6232,6.1651,0.0848,28.4257,0.0205,0.0000,1288.3527,37920.8837,0.6827,10082.7395,1706.4651,124.6730,288.4950,5.7860,49.9353,0.0010,1343.1681,1893.5929,10944259.9086,0.2424,2.7111,2.2817,135.4637,507467.1620,2.9668,0.0399,0.0000,123258.6761,0.0000,5.2275,3527.6884,0.6168,12.6813,0.0000,3.7573,15098.1997,878.3953,629626.8680,0.3923,19446538.9146,0.0000,39528.9733,0.0007,0.2542,142.0358,2149.0450,0.0560,0.6637,9943.3973,9867.5928,0.0069,0.0113,0.1931,55884.0812
72090.1748,2.3531,31.8815,2.0408,0.0103,590233.9129,22592.2409,788116.7557,0.0000,485165195.4098,0.0069,0.4989,73.7038,0.0016,83.2979,149379.7092,0.0018,0.0012,1.6043,0.0001,21.3067,0.0174,6.5620,0.0136,5.4148,1102430.5867,0.0000,0.0040,0.0001,0.0009,3.4805,1.5304,79.1527,27.5369,365.5811,711.1584,4187.2132,2.7804,141387.0809,139.4230,0.3340,496.6417,2.3876,124404.1204,4.0095,0.0000,0.0315,0.1300,52544.7288,0.0000,393198.2006,0.0026,0.1852,33.7634,2.4032,50.2890,6.1118,0.0052,0.0000,73.7006,32133.1641,4347.2203,0.0806,0.0004
119.3153,5689057.2037,0.1120,11764.6655,2895626.8371,10125.1992,0.0285,0.0000,5970.6232,0.0069,485165195.4098,107158.3892,451.5058,35.8066,15885.5313,167.5608,16318.0467,24997.8283,887.3062,0.0296,26.2378,1647728.6295,10607334.3538,0.0000,53.0755,0.5541,54204.0647,1950067.7867,0.2382,0.0002,832068.2137,20767127.7489,11606.9549,111.2786,4953.4814,93.3318,20.9628,1383000.2880,0.0043,28390.3813,8494543.3799,125820.5877,27.7278,0.0000,0.4008,556.2028,232680.7144,51078.1183,0.0093,4598819.5159,13.3981,351364.5180,0.0024,75184.4644,1970.4298,158966.0819,6295.1352,2521.6225,76.0422,1162677.7518,25615.8022,4.4243,2833.2286,9650241.0094
8564.5290,15840.7054,0.0000,9.7957,26346538.2114,20075.9625,0.0000,0.0000,6.1651,0.4989,107158.3892,485165195.4098,0.0353,741086.2418,0.9815,5359.4965,0.0031,22.0221,9.7092,0.0000,6.0909,4821.6636,4493.1075,0.0003,0.0000,0.0047,1520509.5620,712.4989,0.0820,43.0931,47682916.6448,12549943.8266,7570195.5739,0.0883,0.5293,0.0046,2.7714,3272.8304,0.1620,0.7670,1237517.1797,8406.5096,0.0001,0.0000,0.0000,0.0122,22401204.4681,54985.0894,0.0000,8742.1584,10.7378,43.1309,0.0000,1725.3900,42245629.1957,725803.8822,17791.3984,523.8697,56.3997,1154.5259,180.6374,0.0000,1346088.0391,5171.6231
0.0137,50.4606,108058.8308,1166998.5964,52.9596,60.9716,1028087.8739,2403.3102,0.0848,73.7038,451.5058,0.0353,485165195.4098,0.0000,8521687.7736,1057.8789,1739293.0044,7756.0804,16823.6698,97.1086,248.9026,328862.3656,112899.1932,0.0000,11122085.9569,2765449.3726,0.0211,60487.4130,0.0000,0.0000,0.0906,201.2959,0.0007,1.1852,14236400.3226,12506806.4312,1579634.8218,8.7362,22474.2684,16068928.2193,412.8489,112388.7412,48378282.4009,1.7145,7644.6784,85.4828,0.0054,0.0020,91.5097,2.6808,17413.3694,346603.7300,35490.0133,174661.5526,0.0010,0.0343,66.8285,52848.4458,0.0004,35.6555,358009.2135,23948974.6990,0.2588,262.4690
226.4730,12.7013,0.0000,0.0001,9245.0063,4.8126,0.0000,0.0000,28.4257,0.0016,35.8066,741086.2418,0.0000,485165195.4098,0.0000,0.4590,0.0000,0.0740,0.0019,0.0000,0.1714,0.0551,0.0175,74.5201,0.0000,0.0000,210475.6915,0.0137,517.8911,1485050.3207,210493.4944,879.3442,414376.1426,0.0379,0.0000,0.0000,0.0010,6.6379,0.0006,0.0000,25.5086,0.2558,0.0000,0.0004,0.0000,0.3204,571901.2219,31187.2959,0.0000,414.2949,0.0001,0.0290,0.0000,0.1971,1231527.4891,10303.4436,6.3630,0.0985,294542.9226,1.7578,0.0004,0.0000,1449.8598,4.2569
0.0728,4850.2963,1393.0746,5206.6274,198.8699,1189.4892,8820.4839,47.0790,0.0205,83.2979,15885.5313,0.9815,8521687.7736,0.0000,485165195.4098,11307.9980,436835.7129,333.9556,5589.9785,1.6891,40.9720,102767.3081,471469.5353,0.0000,222997.6059,86766.1028,0.1184,7142.0539,0.0000,0.0000,22.4242,5379.3305,0.0147,1.0112,5180170.4740,16426521.1877,723030.0409,57.3066,221.3959,430478.1024,73.7977,834547.5971,286564.5460,0.1807,3253.7530,119.3089,0.2426,0.0115,21.4620,2.9828,12685.7394,20958.7875,1872.2910,81855.0371,0.0105,3.8824,135.3482,910.0601,0.0041,272.7450,736562.3613,2284269.6359,1.0145,501.5046
155.6013,23.7145,0.2692,3.2719,7531.0403,314633.0000,24.4492,7.6322,0.0000,149379.7092,167.5608,5359.4965,1057.8789,0.4590,11307.9980,485165195.4098,0.0221,0.0176,78.8686,0.0000,0.0049,189.8018,4381.9612,0.0000,0.3505,7221.6734,0.3705,90.8941,0.0000,0.0016,61657.0388,357157.5864,630.6585,0.0009,133.7806,99.6972,230411.0554,12.6040,137993.0307,4021.1676,369.1057,14762.3908,0.4770,9.8117,0.0040,0.0000,64.8000,0.0944,0.1585,0.0051,14399266.8878,0.2374,0.1589,14912.3143,19.6589,59.2603,431514.6269,1208.5589,0.0000,100.4349,8567402.1569,336.9137,29683.3557,0.5171
0.0007,600.0628,51815.4189,186053.0743,5.0507,0.1970,7649.9756,6.7461,1288.3527,0.0018,16318.0467,0.0031,1739293.0044,0.0000,436835.7129,0.0221,485165195.4098,286070.6351,15771.1103,111294.7520,346.5374,44684.2062,32784.3236,0.0028,15802741.7881,665.4138,1.4404,69229.5130,0.6048,0.0000,0.0176,11.7409,0.0001,209.0036,2022801.9430,2539869.6255,340.9593,93.6131,0.0487,269653.4401,199.4210,2280.2956,16076823.2869,0.0019,152482.1312,2373183.7438,0.0222,0.0923,93.2277,3549.8289,0.6864,1136384.0585,29037.3564,2586.2430,0.0003,0.0658,0.0594,328.9750,3.5751,160.7383,152.1670,289323.0466,0.0032,59310.5469
0.2700,913.0754,64.8672,110049.5288,3424.0607,2.0793,7.3229,0.0091,37920.8837,0.0012,24997.8283,22.0221,7756.0804,0.0740,333.9556,0.0176,286070.6351,485165195.4098,629.6944,1970.0999,24774.8400,132726.0527,17198.6664,0.0099,11439.0843,4.7663,594.0715,66127.1969,18.0570,0.0001,4.5062,633.2823,1.0473,509.9271,30126.3722,1851.7776,64.0375,1671.7682,0.1512,7029.6806,56755.4246,7305.9656,14633.4900,0.0000,25.9601,106872.1595,13.9957,51.5935,0.3761,368967.3376,0.0368,11305583.3676,1.7968,665.9394,14.6779,42.9739,0.2194,4081.9734,169.8256,409.3848,12.6285,92.3582,0.7719,26427.3743
0.4462,18.9716,42841.7823,33768.0033,117.8677,16.0357,284.2269,10.1652,0.6827,1.6043,887.3062,9.7092,16823.6698,0.0019,5589.9785,78.8686,15771.1103,629.6944,485165195.4098,1.9674,25.9995,1936.0538,2331.1462,0.0004,6838.8191,3336.1524,1.7045,5217.8185,0.0046,0.0001,1.6180,401.3104,0.1653,1.6596,96435.6070,41059.6756,1856.1030,21.3488,0.0710,30706.4333,2598.9562,3208.0056,8584.1971,0.1015,441.7211,38.8861,16.6683,0.2652,422.4236,23.9265,292.4316,236.4757,58.5952,11140.0182,0.8064,0.1667,0.1874,12.3865,0.0068,86.3168,680.6859,1281.7563,4.0392,660.7741
0.0001,0.1341,721.0666,88.7497,0.0002,0.0000,1636.6406,53.1750,10082.7395,0.0001,0.0296,0.0000,97.1086,0.0000,1.6891,0.0000,111294.7520,1970.0999,1.9674,485165195.4098,24.9734,1.5223,0.3801,228.4270,208857.2557,0.5608,0.0674,16.7725,7215.3154,0.0070,0.0000,0.0000,0.0000,712.6583,19.3883,176.8654,0.0074,0.5184,0.0106,14.4490,0.0068,0.0068,68427.7123,0.1988,939.6670,128687.8481,0.0000,0.0131,62.2196,35.9521,0.0009,573.1887,8226.3148,0.0026,0.0000,0.0006,0.0001,1.2206,20.7648,0.0903,0.0027,778.5561,0.0001,6.0428
322.5910,2119.9982,49.8059,4173.2859,3.8798,414.7133,6.2913,11.0395,1706.4651,21.3067,26.2378,6.0909,248.9026,0.1714,40.9720,0.0049,346.5374,24774.8400,25.9995,24.9734,485165195.4098,435.8334,81.9329,42.3169,188.5876,749.6663,0.2082,0.7816,194.8158,0.0035,0.5221,2.1703,10.9297,16724.7568,44524.7615,3226.4251,47.8481,50.5401,0.9113,11.5892,298.0104,54780.3187,343.7361,0.2983,542.9617,662.4992,2.8274,130.0017,1715.7627,449.7812,0.0031,24095.2273,0.2248,209.3170,1489.5928,1322.4554,0.0004,0.0812,3.8630,96.0314,0.3497,28.5644,0.0002,22.0875
0.1155,21027.8828,5.9705,763863.0391,1089866.8672,33.6428,3.3039,0.0008,124.6730,0.0174,1647728.6295,4821.6636,328862.3656,0.0551,102767.3081,189.8018,44684.2062,132726.0527,1936.0538,1.5223,435.8334,485165195.4098,2407873.8372,0.0000,1715.6074,50.0829,39103.1838,11941536.4765,0.0025,0.0001,712.2384,446681.6658,6.7396,0.1999,18183.9089,1483.1673,1029.5702,942.1373,27.0991,307677.7517,1479158.7064,37484.2891,15114.3113,0.0000,4.4822,125.3775,361.9224,9.9858,0.0004,21589.1815,198.2804,3251167.9927,1.7518,38849.3521,143.5937,112.8523,58694.9603,4526754.5126,2.6369,238.8543,40392.9754,326.2928,10585.0981,192713.9106
642.8250,7825307.1376,1.7462,856666.3666,208922.9672,184941.0369,112.4785,0.0235,288.4950,6.5620,10607334.3538,4493.1075,112899.1932,0.0175,471469.5353,4381.9612,32784.3236,17198.6664,2331.1462,0.3801,81.9329,2407873.8372,485165195.4098,0.0000,16766.2631,955.8510,153.3475,9934674.3544,0.0052,0.0000,72577.1202,3325766.8976,2045.6872,1161.0380,748504.6747,18249.2757,563.2832,4880903.1704,10.0568,5241125.0770,3883801.1017,1272925.4088,5566.7508,0.0000,0.5135,4.5891,2680.0067,1100.1728,0.6868,125128.9722,15145.9499,313300.1191,0.0072,89240.0046,67.4098,64354.8094,24598.3200,12055.9495,0.0117,3793892.0661,6797747.0380,4665.7635,789.2897,335198.3204
0.0142,0.0000,0.8975,0.0000,0.0000,0.0000,0.0028,8.6856,5.7860,0.0136,0.0000,0.0003,0.0000,74.5201,0.0000,0.0000,0.0028,0.0099,0.0004,228.4270,42.3169,0.0000,0.0000,485165195.4098,0.0007,0.0004,0.0194,0.0000,156247.6716,432380.0335,0.0000,0.0000,0.0016,1.0847,0.0001,0.0010,0.0004,0.0000,0.0013,0.0000,0.0000,0.0000,0.0014,4627.4924,23.9005,107.6870,0.0014,0.0724,34.6342,0.0043,0.0000,0.0005,14.1468,0.0000,0.1953,0.0019,0.0000,0.0000,3756.0227,0.0000,0.0000,0.0002,0.0000,0.0002
0.0257,72.4821,254123.4153,703193.8298,0.0337,2.3403,18461421.2567,26318.1473,49.9353,5.4148,53.0755,0.0000,11122085.9569,0.0000,222997.6059,0.3505,15802741.7881,11439.0843,6838.8191,208857.2557,188.5876,1715.6074,16766.2631,0.0007,485165195.4098,383704.8145,0.0004,21284.5057,0.0596,0.0000,0.0004,0.2323,0.0001,3110.4869,3237180.7480,6305226.8687,583.5512,130.4394,33.9625,6689257.0971,21.5385,360.0832,154016067.0119,0.7217,143852.6043,1346.3157,0.0003,0.0164,11458.3873,16.7238,469.5604,63985.5905,40657.7214,193.6129,0.0000,0.0124,0.1901,115.5036,0.0005,438.2696,7626.3828,45386548.4425,0.0013,163.2658
23.6958,4.3533,125950.4160,18782.2761,0.0599,9073.5309,10393329.9970,3549681.7448,0.0010,1102430.5867,0.5541,0.0047,2765449.3726,0.0000,86766.1028,7221.6734,665.4138,4.7663,3336.1524,0.5608,749.6663,50.0829,955.8510,0.0004,383704.8145,485165195.4098,0.0000,13.7322,0.0000,0.0000,0.0211,2.1403,0.0177,33.8631,1852897.2933,2588356.8198,521582.0546,3.8779,130415.8670,706729.7887,10.0450,18414.5979,465922.7562,4892.2790,10255.1589,0.0170,0.0011,0.0017,158223.1731,0.0028,267487.0221,76.9531,1844.9834,8122.0608,0.0041,0.1280,1.8264,6.5359,0.0000,72.8984,225524.2734,13456127.5994,0.0070,0.0317
0.0520,165.4096,0.0002,5.6977,3417024.2381,0.0415,0.0000,0.0000,1343.1681,0.0000,54204.0647,1520509.5620,0.0211,210475.6915,0.1184,0.3705,1.4404,594.0715,1.7045,0.0674,0.2082,39103.1838,153.3475,0.0194,0.0004,0.0000,485165195.4098,10055.1731,17.7290,1317.6615,42827.9433,62347.2666,880.8908,0.0023,0.0102,0.0004,0.0177,42.5491,0.0008,0.0831,34268.6130,4.8123,0.0029,0.0000,0.0001,130.2393,238750.1524,773.3291,0.0000,145906.9175,0.0057,723.8543,0.0004,18.0467,59177.8056,328.1130,2445.3959,28660.1139,250110.8872,1.1283,0.1070,0.0000,556205.0943,66672.1940
0.5590,24047.0297,1.7832,3270751.4746,299348.6040,27.8071,45.9862,0.0014,1893.5929,0.0040,1950067.7867,712.4989,60487.4130,0.0137,7142.0539,90.8941,69229.5130,66127.1969,5217.8185,16.7725,0.7816,11941536.4765,9934674.3544,0.0000,21284.5057,13.7322,10055.1731,485165195.4098,0.0237,0.0000,715.9764,191880.1805,16.4469,6.2971,5806.3777,192.3365,6.8022,52261.6867,2.7884,3046697.4616,4410803.0110,754.5543,19261.4445,0.0000,0.6414,31.3248,1606.0190,102.4144,0.0012,111117.2023,2083.0249,481895.8898,0.2583,1288.6506,5.3328,29.4080,147298.5818,3073684.7690,0.4666,13124.1963,175209.7986,392.5664,42327.6547,450045.1126
32.0420,7.5552,0.0376,0.3145,0.0052,0.0017,0.0013,0.0038,10944259.9086,0.0001,0.2382,0.0820,0.0000,517.8911,0.0000,0.0000,0.6048,18.0570,0.0046,7215.3154,194.8158,0.0025,0.0052,156247.6716,0.0596,0.0000,17.7290,0.0237,485165195.4098,1340.5755,0.0168,0.0003,14.7540,83733.1729,0.0016,0.0002,0.0000,84.4837,0.0000,0.0002,0.2600,0.0004,0.0132,0.0014,1.3685,964.6451,11.8266,27505.8616,5.3918,14216.3451,0.0000,2.1776,0.0009,0.0002,31.8406,50.5625,0.0000,0.0001,22036.0912,8.9356,0.0000,0.0001,0.0011,17.8463
0.0647,0.0001,0.0001,0.0000,0.2237,0.0001,0.0000,0.0001,0.2424,0.0009,0.0002,43.0931,0.0000,1485050.3207,0.0000,0.0016,0.0000,0.0001,0.0001,0.0070,0.0035,0.0001,0.0000,432380.0335,0.0000,0.0000,1317.6615,0.0000,1340.5755,485165195.4098,1.2212,0.0033,5.9732,0.0001,0.0000,0.0000,0.0001,0.0001,0.0014,0.0000,0.0003,0.0000,0.0000,7.5465,0.0004,0.0901,50.0766,1.4265,0.0001,0.0179,0.0000,0.0000,0.0036,0.0001,576.9398,0.0897,0.0388,0.0033,42890.5405,0.0000,0.0000,0.0000,14.5761,0.0016
35761.3799,483293.1026,0.0000,1.3552,9214187.5787,845275.0802,0.0000,0.0000,2.7111,3.4805,832068.2137,47682916.6448,0.0906,210493.4944,22.4242,61657.0388,0.0176,4.5062,1.6180,0.0000,0.5221,712.2384,72577.1202,0.0000,0.0004,0.0211,42827.9433,715.9764,0.0168,1.2212,485165195.4098,55102706.7912,16126676.2835,1.4198,3.8642,0.0403,8.9748,81477.1545,0.4244,4.5838,297491.6134,47475.2363,0.0001,0.0000,0.0000,0.0255,10168181.0910,77200.8592,0.0007,8343.5664,65.5147,26.7740,0.0000,4650.9598,967921.5826,4571397.2859,38664.3591,85.2631,21.6445,100444.7073,5937.3343,0.0015,104685.9219,3505.7884
890.5955,398220.0106,0.0051,597.2697,73762018.6720,317355.6341,0.0047,0.0000,2.2817,1.5304,20767127.7489,12549943.8266,201.2959,879.3442,5379.3305,357157.5864,11.7409,633.2823,401.3104,0.0000,2.1703,446681.6658,3325766.8976,0.0000,0.2323,2.1403,62347.2666,191880.1805,0.0003,0.0033,55102706.7912,485165195.4098,305348.5468,0.3234,794.6554,9.3202,1868.2147,97455.0570,4.3213,5228.7465,6842092.5934,878110.8502,0.2630,0.0000,0.0006,0.4064,1068158.5467,4749.1460,0.0008,31242.2515,1647.7092,7682.3653,0.0002,478535.2182,56568.7867,245586.5886,299931.8074,23783.9075,2.9377,104388.1738,339952.0090,0.6256,270317.0749,94014.0189
19419035.0565,161718.1091,0.0000,1.4020,49190.4426,1267344.7663,0.0001,0.0001,135.4637,79.1527,11606.9549,7570195.5739,0.0007,414376.1426,0.0147,630.6585,0.0001,1.0473,0.1653,0.0000,10.9297,6.7396,2045.6872,0.0016,0.0001,0.0177,880.8908,16.4469,14.7540,5.9732,16126676.2835,305348.5468,485165195.4098,795.4279,0.1121,0.0006,0.0267,623299.4912,0.0707,0.6057,152704.3328,554.7411,0.0000,0.0001,0.0000,0.0003,4349312.6071,6647442.6442,0.0524,9195.2838,11.0719,1.0924,0.0000,32.9851,11459902.0363,46596914.9479,1398.9872,0.2014,1.3523,521801.7390,217.2706,0.0001,7922.9377,221.9859
206335.5516,97754.9314,5.5063,836.3484,0.0159,2944.5283,278.8175,33.0944,507467.1620,27.5369,111.2786,0.0883,1.1852,0.0379,1.0112,0.0009,209.0036,509.9271,1.6596,712.6583,16724.7568,0.1999,1161.0380,1.0847,3110.4869,33.8631,0.0023,6.2971,83733.1729,0.0001,1.4198,0.3234,795.4279,485165195.4098,1307.7508,72.2640,0.0043,1282504.1893,0.0016,181.9561,153.0641,56.3071,59.4577,0.0040,35.7375,16.8923,4.0515,102863.7076,135771.3645,21525.3765,0.0945,260.6282,0.0009,1.1543,5.0514,45875.6182,0.0014,0.0002,0.0554,2489241.9092,6.2028,56.8659,0.0002,238.2000
8.9339,11862.9974,44663.4492,948857.4347,41.7415,14938.4067,102839.9779,1155.7797,2.9668,365.5811,4953.4814,0.5293,14236400.3226,0.0000,5180170.4740,133.7806,2022801.9430,30126.3722,96435.6070,19.3883,44524.7615,18183.9089,748504.6747,0.0001,3237180.7480,1852897.2933,0.0102,5806.3777,0.0016,0.0000,3.8642,794.6554,0.1121,1307.7508,485165195.4098,60676831.5488,307398.9366,1087.9798,99.3757,2042985.6689,3611.9468,8060323.7758,2757416.4757,0.2732,14252.1866,458.3433,0.3112,0.4481,17962.0504,111.0935,767.6070,197272.8101,180.7760,573883.4374,0.1252,19.9368,0.2416,52.6949,0.0010,8637.5044,85044.0898,2637097.4612,0.0050,2018.6258
0.0919,205.2552,197435.5938,22459.4363,0.2799,329.1142,750552.6179,31442.6883,0.0399,711.1584,93.3318,0.0046,12506806.4312,0.0000,16426521.1877,99.6972,2539869.6255,1851.7776,41059.6756,176.8654,3226.4251,1483.1673,18249.2757,0.0010,6305226.8687,2588356.8198,0.0004,192.3365,0.0002,0.0000,0.0403,9.3202,0.0006,72.2640,60676831.5488,485165195.4098,253362.1605,5.5516,144.7854,329085.8879,10.6973,262404.7666,5228653.2745,28.6633,136570.2324,517.5070,0.0018,0.0010,40345.4042,0.3135,1224.2188,3600.6273,26711.4504,8399.1268,0.0007,0.2133,0.0321,6.1228,0.0002,80.9692,27431.8913,21746169.9157,0.0006,45.8401
0.1478,0.7142,20263.0594,160.2532,200.9947,1166.5228,1923.8323,670.6265,0.0000,4187.2132,20.9628,2.7714,1579634.8218,0.0010,723030.0409,230411.0554,340.9593,64.0375,1856.1030,0.0074,47.8481,1029.5702,563.2832,0.0004,583.5512,521582.0546,0.0177,6.8022,0.0000,0.0001,8.9748,1868.2147,0.0267,0.0043,307398.9366,253362.1605,485165195.4098,0.2613,83368.8646,17415.5631,7.2556,1041858.3280,7583.0351,178.0617,98.8577,1.1880,0.0161,0.0006,69.5321,0.0349,10390.4491,1261.9644,2223.6097,3606420.8267,0.0766,0.2606,21.3847,902.2892,0.0009,1.0649,25698.7507,113053.9315,0.5765,1.3910
534425.7836,7988055.5473,0.0806,10414.4163,4565.6544,191624.1388,2.2760,0.0036,123258.6761,2.7804,1383000.2880,3272.8304,8.7362,6.6379,57.3066,12.6040,93.6131,1671.7682,21.3488,0.5184,50.5401,942.1373,4880903.1704,0.0000,130.4394,3.8779,42.5491,52261.6867,84.4837,0.0001,81477.1545,97455.0570,623299.4912,1282504.1893,1087.9798,5.5516,0.2613,485165195.4098,0.0103,24452.0805,650815.3471,7187.1551,6.6016,0.0000,0.0282,0.6567,16500.1139,3030436.7796,9.8367,4327488.7460,73.1593,9973.7627,0.0000,771.6712,1116.5969,6357564.2245,411.6579,3.6670,0.1309,129495697.2408,17179.7755,6.9373,84.1821,94645.7926
0.5438,0.0306,2.7251,13.9600,2.4828,181.0828,9920.0180,14430.7460,0.0000,141387.0809,0.0043,0.1620,22474.2684,0.0006,221.3959,137993.0307,0.0487,0.1512,0.0710,0.0106,0.9113,27.0991,10.0568,0.0013,33.9625,130415.8670,0.0008,2.7884,0.0000,0.0014,0.4244,4.3213,0.0707,0.0016,99.3757,144.7854,83368.8646,0.0103,485165195.4098,653.3371,0.3418,89.1569,146.0430,11434.0593,0.1890,0.0001,0.0021,0.0001,0.8266,0.0000,137932.3995,1.1486,177.0719,42.1746,0.0344,0.0181,3148.5579,5940.6395,0.0000,0.0348,24199.0497,12595.3220,7.7801,0.0003
9.2617,1670.8435,19858.8170,8588251.5549,236.8937,2493.7955,1134714.0884,212.4676,5.2275,139.4230,28390.3813,0.7670,16068928.2193,0.0000,430478.1024,4021.1676,269653.4401,7029.6806,30706.4333,14.4490,11.5892,307677.7517,5241125.0770,0.0000,6689257.0971,706729.7887,0.0831,3046697.4616,0.0002,0.0000,4.5838,5228.7465,0.6057,181.9561,2042985.6689,329085.8879,17415.5631,24452.0805,653.3371,485165195.4098,83988.7599,19539.8105,5935726.3026,0.0094,453.3685,0.9171,0.3001,1.4554,85.8580,291.7646,724916.3815,139284.6896,45.7661,86784.8778,0.0166,6.9818,4482.4008,28310.6795,0.0000,45428.3731,12467589.6773,4687334.0779,34.5173,6273.2744
5252.8402,398789.5553,0.1491,694043.0607,4920581.0716,41548.3694,0.1882,0.0002,3527.6884,0.3340,8494543.3799,1237517.1797,412.8489,25.5086,73.7977,369.1057,199.4210,56755.4246,2598.9562,0.0068,298.0104,1479158.7064,3883801.1017,0.0000,21.5385,10.0450,34268.6130,4410803.0110,0.2600,0.0003,297491.6134,6842092.5934,152704.3328,153.0641,3611.9468,10.6973,7.2556,650815.3471,0.3418,83988.7599,485165195.4098,52249.9703,22.3682,0.0000,0.0232,1.1876,665230.6231,101315.2635,0.0136,1030459.6006,234.4238,115716.1278,0.0001,33125.5784,137004.4881,98483.9665,12568.4405,20177.7480,0.6799,495606.3490,41753.2080,1.0131,40352.8392,898325.4669
701.3591,189231.0692,18.1431,9473.6669,87727.7464,1788136.6209,10.3528,0.6518,0.6168,496.6417,125820.5877,8406.5096,112388.7412,0.2558,834547.5971,14762.3908,2280.2956,7305.9656,3208.0056,0.0068,54780.3187,37484.2891,1272925.4088,0.0000,360.0832,18414.5979,4.8123,754.5543,0.0004,0.0000,47475.2363,878110.8502,554.7411,56.3071,8060323.7758,262404.7666,1041858.3280,7187.1551,89.1569,19539.8105,52249.9703,485165195.4098,473.0614,0.0083,2.4964,29.0380,508.0842,69.2316,72.5122,1001.6991,236.7472,136562.1988,0.0857,5181086.8046,856.6781,29067.3523,13.5475,102.6241,0.0732,32128.8101,85734.5136,1859.5457,1.4344,3164.9949
0.0026,3.9970,2735896.1151,2724867.3858,0.1373,0.3017,9076101.9732,13820.6564,12.6813,2.3876,27.7278,0.0001,48378282.4009,0.0000,286564.5460,0.4770,16076823.2869,14633.4900,8584.1971,68427.7123,343.7361,15114.3113,5566.7508,0.0014,154016067.0119,465922.7562,0.0029,19261.4445,0.0132,0.0000,0.0001,0.2630,0.0000,59.4577,2757416.4757,5228653.2745,7583.0351,6.6016,146.0430,5935726.3026,22.3682,473.0614,485165195.4098,2.0996,638097.8332,1255.1299,0.0002,0.0023,1277.4126,7.8208,383.1465,180968.8726,189876.9838,1454.6063,0.0000,0.0017,0.6453,1547.3726,0.0008,10.2649,2582.4770,20651010.7799,0.0046,221.5668
0.0410,0.0000,1061.3827,0.0010,0.0000,0.0800,4410.6279,8732694.3112,0.0000,124404.1204,0.0000,0.0000,1.7145,0.0004,0.1807,9.8117,0.0019,0.0000,0.1015,0.1988,0.2983,0.0000,0.0000,4627.4924,0.7217,4892.2790,0.0000,0.0000,0.0014,7.5465,0.0000,0.0000,0.0001,0.0040,0.2732,28.6633,178.0617,0.0000,11434.0593,0.0094,0.0000,0.0083,2.0996,485165195.4098,434.0031,0.0008,0.0000,0.0000,10379.6668,0.0000,28.8661,0.0000,18249.8072,0.0132,0.0002,0.0000,0.0006,0.0005,0.0001,0.0000,0.0487,205.2385,0.0001,0.0000
0.0063,0.0532,4433077.6060,1051.6955,0.0001,0.0292,72060.0126,28632.5521,3.7573,4.0095,0.4008,0.0000,7644.6784,0.0000,3253.7530,0.0040,152482.1312,25.9601,441.7211,939.6670,542.9617,4.4822,0.5135,23.9005,143852.6043,10255.1589,0.0001,0.6414,1.3685,0.0004,0.0000,0.0006,0.0000,35.7375,14252.1866,136570.2324,98.8577,0.0282,0.1890,453.3685,0.0232,2.4964,638097.8332,434.0031,485165195.4098,1368.0626,0.0001,0.0039,22516.1206,0.0775,0.4414,47.6705,298686.8552,6.9990,0.0001,0.0004,0.0006,0.0221,0.0225,0.0972,0.5639,65127.4137,0.0000,2.2898
0.0000,27.0722,38.1710,12.6357,3.3878,0.0007,0.1021,0.0075,15098.1997,0.0000,556.2028,0.0122,85.4828,0.3204,119.3089,0.0000,2373183.7438,106872.1595,38.8861,128687.8481,662.4992,125.3775,4.5891,107.6870,1346.3157,0.0170,130.2393,31.3248,964.6451,0.0901,0.0255,0.4064,0.0003,16.8923,458.3433,517.5070,1.1880,0.6567,0.0001,0.9171,1.1876,29.0380,1255.1299,0.0008,1368.0626,485165195.4098,0.2324,0.7175,1.4509,8396.5693,0.0000,65766.9759,3351.9218,13.8540,0.0076,0.0473,0.0001,3.3746,615566.2912,0.6295,0.0010,7.2976,0.0002,3042.3662
22875.8571,67404.9722,0.0000,30.2669,4135928.1098,7714.9311,0.0000,0.0000,878.3953,0.0315,232680.7144,22401204.4681,0.0054,571901.2219,0.2426,64.8000,0.0222,13.9957,16.6683,0.0000,2.8274,361.9224,2680.0067,0.0014,0.0003,0.0011,238750.1524,1606.0190,11.8266,50.0766,10168181.0910,1068158.5467,4349312.6071,4.0515,0.3112,0.0018,0.0161,16500.1139,0.0021,0.3001,665230.6231,508.0842,0.0002,0.0000,0.0001,0.2324,485165195.4098,1399232.6267,0.0003,48792.4269,0.3288,27.0606,0.0000,34.9664,9770111.9790,202575.2375,1668.3103,15.3238,946.4593,13071.6738,17.8411,0.0000,64185.0891,4873.0964
1533946.5875,209422.4225,0.0007,53.8214,3898.3538,9362.0105,0.0005,0.0000,629626.8680,0.1300,51078.1183,54985.0894,0.0020,31187.2959,0.0115,0.0944,0.0923,51.5935,0.2652,0.0131,130.0017,9.9858,1100.1728,0.0724,0.0164,0.0017,773.3291,102.4144,27505.8616,1.4265,77200.8592,4749.1460,6647442.6442,102863.7076,0.4481,0.0010,0.0006,3030436.7796,0.0001,1.4554,101315.2635,69.2316,0.0023,0.0000,0.0039,0.7175,1399232.6267,485165195.4098,0.4592,2554330.3463,0.0195,201.7448,0.0000,10.3410,534018.6156,4584962.4623,16.9440,0.0569,153.4997,1354254.0596,2.1167,0.0003,69.3744,36192.8558
582.7591,1.8289,98455.5349,13.4677,0.0000,452.6917,183290.9124,4472846.7175,0.3923,52544.7288,0.0093,0.0000,91.5097,0.0000,21.4620,0.1585,93.2277,0.3761,422.4236,62.2196,1715.7627,0.0004,0.6868,34.6342,11458.3873,158223.1731,0.0000,0.0012,5.3918,0.0001,0.0007,0.0008,0.0524,135771.3645,17962.0504,40345.4042,69.5321,9.8367,0.8266,85.8580,0.0136,72.5122,1277.4126,10379.6668,22516.1206,1.4509,0.0003,0.4592,485165195.4098,0.0273,5.5099,0.1637,73.4954,13.9431,0.0016,0.9949,0.0000,0.0000,0.0000,296.3580,4.3352,33193.5050,0.0000,0.0308
232.3043,469969.8350,0.1105,10809.3462,85470.6379,36.2995,0.0031,0.0000,19446538.9146,0.0000,4598819.5159,8742.1584,2.6808,414.2949,2.9828,0.0051,3549.8289,368967.3376,23.9265,35.9521,449.7812,21589.1815,125128.9722,0.0043,16.7238,0.0028,145906.9175,111117.2023,14216.3451,0.0179,8343.5664,31242.2515,9195.2838,21525.3765,111.0935,0.3135,0.0349,4327488.7460,0.0000,291.7646,1030459.6006,1001.6991,7.8208,0.0000,0.0775,8396.5693,48792.4269,2554330.3463,0.0273,485165195.4098,0.0039,1225528.8629,0.0001,1203.9939,4157.1323,152685.7481,11.3644,113.9901,5892.7787,328000.2250,3.3247,0.0269,58.3230,8463066.8798
103.8815,7.4650,60.7145,788.9152,23.1562,18631.7689,88072.8233,1825.3830,0.0000,393198.2006,13.3981,10.7378,17413.3694,0.0001,12685.7394,14399266.8878,0.6864,0.0368,292.4316,0.0009,0.0031,198.2804,15145.9499,0.0000,469.5604,267487.0221,0.0057,2083.0249,0.0000,0.0000,65.5147,1647.7092,11.0719,0.0945,767.6070,1224.2188,10390.4491,73.1593,137932.3995,724916.3815,234.4238,236.7472,383.1465,28.8661,0.4414,0.0000,0.3288,0.0195,5.5099,0.0039,485165195.4098,0.4143,1.5249,659.0549,0.0966,2.4355,317065.4452,1489.4957,0.0000,242.5345,39416031.3603,61498.7687,7490.9030,0.5553
0.3860,17876.6563,102.6679,1125509.0062,39825.6884,17.1551,22.5131,0.0080,39528.9733,0.0026,351364.5180,43.1309,346603.7300,0.0290,20958.7875,0.2374,1136384.0585,11305583.3676,236.4757,573.1887,24095.2273,3251167.9927,313300.1191,0.0005,63985.5905,76.9531,723.8543,481895.8898,2.1776,0.0000,26.7740,7682.3653,1.0924,260.6282,197272.8101,3600.6273,1261.9644,9973.7627,1.1486,139284.6896,115716.1278,136562.1988,180968.8726,0.0000,47.6705,65766.9759,27.0606,201.7448,0.1637,1225528.8629,0.4143,485165195.4098,3.6244,125317.5398,7.3662,124.0259,24.7968,85934.4849,83.4855,2694.7710,321.2993,973.5725,3.4551,266892.4158
0.0000,0.0001,135316.3288,1.1201,0.0002,0.0001,33057.6562,34594.6189,0.0007,0.1852,0.0024,0.0000,35490.0133,0.0000,1872.2910,0.1589,29037.3564,1.7968,58.5952,8226.3148,0.2248,1.7518,0.0072,14.1468,40657.7214,1844.9834,0.0004,0.2583,0.0009,0.0036,0.0000,0.0002,0.0000,0.0009,180.7760,26711.4504,2223.6097,0.0000,177.0719,45.7661,0.0001,0.0857,189876.9838,18249.8072,298686.8552,3351.9218,0.0000,0.0000,73.4954,0.0001,1.5249,3.6244,485165195.4098,1.7077,0.0000,0.0000,0.0051,16.9167,0.1662,0.0000,0.4016,204952.9225,0.0002,0.0095
24.5232,1798.2462,2099.9720,8325.2354,46530.3236,20567.8368,15.6303,0.4038,0.2542,33.7634,75184.4644,1725.3900,174661.5526,0.1971,81855.0371,14912.3143,2586.2430,665.9394,11140.0182,0.0026,209.3170,38849.3521,89240.0046,0.0000,193.6129,8122.0608,18.0467,1288.6506,0.0002,0.0001,4650.9598,478535.2182,32.9851,1.1543,573883.4374,8399.1268,3606420.8267,771.6712,42.1746,86784.8778,33125.5784,5181086.8046,1454.6063,0.0132,6.9990,13.8540,34.9664,10.3410,13.9431,1203.9939,659.0549,125317.5398,1.7077,485165195.4098,33.6457,404.0457,112.7475,1731.6623,0.0419,2473.9091,25389.7044,978.2349,14.2151,22554.8588
207154.9781,3977.7106,0.0001,7.1150,267242.3930,10618.5889,0.0000,0.0000,142.0358,2.4032,1970.4298,42245629.1957,0.0010,1231527.4891,0.0105,19.6589,0.0003,14.6779,0.8064,0.0000,1489.5928,143.5937,67.4098,0.1953,0.0000,0.0041,59177.8056,5.3328,31.8406,576.9398,967921.5826,56568.7867,11459902.0363,5.0514,0.1252,0.0007,0.0766,1116.5969,0.0344,0.0166,137004.4881,856.6781,0.0000,0.0002,0.0001,0.0076,9770111.9790,534018.6156,0.0016,4157.1323,0.0966,7.3662,0.0000,33.6457,485165195.4098,1418387.3382,102.4861,1.7077,96.0479,355.6120,1.0498,0.0000,9123.2045,243.0044
7314486.8638,7530095.0060,0.0003,11.4890,14341.8738,2238404.5481,0.0013,0.0002,2149.0450,50.2890,158966.0819,725803.8822,0.0343,10303.4436,3.8824,59.2603,0.0658,42.9739,0.1667,0.0006,1322.4554,112.8523,64354.8094,0.0019,0.0124,0.1280,328.1130,29.4080,50.5625,0.0897,4571397.2859,245586.5886,46596914.9479,45875.6182,19.9368,0.2133,0.2606,6357564.2245,0.0181,6.9818,98483.9665,29067.3523,0.0017,0.0000,0.0004,0.0473,202575.2375,4584962.4623,0.9949,152685.7481,2.4355,124.0259,0.0000,404.0457,1418387.3382,485165195.4098,104.2789,0.0906,1.9947,4149938.8834,515.7187,0.0102,94.6832,5816.5375
12.9332,149.4009,0.0020,136.4122,204934.0553,368.7693,0.5001,0.0013,0.0560,6.1118,6295.1352,17791.3984,66.8285,6.3630,135.3482,431514.6269,0.0594,0.2194,0.1874,0.0001,0.0004,58694.9603,24598.3200,0.0000,0.1901,1.8264,2445.3959,147298.5818,0.0000,0.0388,38664.3591,299931.8074,1398.9872,0.0014,0.2416,0.0321,21.3847,411.6579,3148.5579,4482.4008,12568.4405,13.5475,0.6453,0.0006,0.0006,0.0001,1668.3103,16.9440,0.0000,11.3644,317065.4452,24.7968,0.0051,112.7475,102.4861,104.2789,485165195.4098,1131884.4532,0.0161,89.4393,474217.8081,1.8839,18552757.7355,85.7260
0.0009,5.3303,0.4708,13282.4121,422724.9410,0.2801,4.3176,0.0018,0.6637,0.0052,2521.6225,523.8697,52848.4458,0.0985,910.0601,1208.5589,328.9750,4081.9734,12.3865,1.2206,0.0812,4526754.5126,12055.9495,0.0000,115.5036,6.5359,28660.1139,3073684.7690,0.0001,0.0033,85.2631,23783.9075,0.2014,0.0002,52.6949,6.1228,902.2892,3.6670,5940.6395,28310.6795,20177.7480,102.6241,1547.3726,0.0005,0.0221,3.3746,15.3238,0.0569,0.0000,113.9901,1489.4957,85934.4849,16.9167,1731.6623,1.7077,0.0906,1131884.4532,485165195.4098,2.3705,0.4802,8631.2009,56.2154,298625.2747,822.6482
0.0013,3.6568,0.0001,0.0028,338.0153,0.0003,0.0000,0.0000,9943.3973,0.0000,76.0422,56.3997,0.0004,294542.9226,0.0041,0.0000,3.5751,169.8256,0.0068,20.7648,3.8630,2.6369,0.0117,3756.0227,0.0005,0.0000,250110.8872,0.4666,22036.0912,42890.5405,21.6445,2.9377,1.3523,0.0554,0.0010,0.0002,0.0009,0.1309,0.0000,0.0000,0.6799,0.0732,0.0008,0.0001,0.0225,615566.2912,946.4593,153.4997,0.0000,5892.7787,0.0000,83.4855,0.1662,0.0419,96.0479,1.9947,0.0161,2.3705,485165195.4098,0.0211,0.0000,0.0000,0.7344,93.8812
1624940.3214,19596161.7483,0.1129,5290.0547,1262.0220,3386707.4721,16.2929,0.0934,9867.5928,73.7006,1162677.7518,1154.5259,35.6555,1.7578,272.7450,100.4349,160.7383,409.3848,86.3168,0.0903,96.0314,238.8543,3793892.0661,0.0000,438.2696,72.8984,1.1283,13124.1963,8.9356,0.0000,100444.7073,104388.1738,521801.7390,2489241.9092,8637.5044,80.9692,1.0649,129495697.2408,0.0348,45428.3731,495606.3490,32128.8101,10.2649,0.0000,0.0972,0.6295,13071.6738,1354254.0596,296.3580,328000.2250,242.5345,2694.7710,0.0000,2473.9091,355.6120,4149938.8834,89.4393,0.4802,0.0211,485165195.4098,101584.1593,68.0362,6.6552,36984.2466
501.2247,16474.3447,7.1713,17574.4022,2992.7189,847431.2724,19404.4024,42.3470,0.0069,32133.1641,25615.8022,180.6374,358009.2135,0.0004,736562.3613,8567402.1569,152.1670,12.6285,680.6859,0.0027,0.3497,40392.9754,6797747.0380,0.0000,7626.3828,225524.2734,0.1070,175209.7986,0.0000,0.0000,5937.3343,339952.0090,217.2706,6.2028,85044.0898,27431.8913,25698.7507,17179.7755,24199.0497,12467589.6773,41753.2080,85734.5136,2582.4770,0.0487,0.5639,0.0010,17.8411,2.1167,4.3352,3.3247,39416031.3603,321.2993,0.4016,25389.7044,1.0498,515.7187,474217.8081,8631.2009,0.0000,101584.1593,485165195.4098,253393.7121,2542.3189,199.7466
0.0498,9.3520,257904.7193,10064.8577,0.0110,67.9019,66504865.1125,987403.3731,0.0113,4347.2203,4.4243,0.0000,23948974.6990,0.0000,2284269.6359,336.9137,289323.0466,92.3582,1281.7563,778.5561,28.5644,326.2928,4665.7635,0.0002,45386548.4425,13456127.5994,0.0000,392.5664,0.0001,0.0000,0.0015,0.6256,0.0001,56.8659,2637097.4612,21746169.9157,113053.9315,6.9373,12595.3220,4687334.0779,1.0131,1859.5457,20651010.7799,205.2385,65127.4137,7.2976,0.0000,0.0003,33193.5050,0.0269,61498.7687,973.5725,204952.9225,978.2349,0.0000,0.0102,1.8839,56.2154,0.0000,68.0362,253393.7121,485165195.4098,0.0019,1.5105
6.5066,14.6057,0.0004,14.8227,1255315.5620,13.1047,0.0012,0.0000,0.1931,0.0806,2833.2286,1346088.0391,0.2588,1449.8598,1.0145,29683.3557,0.0032,0.7719,4.0392,0.0001,0.0002,10585.0981,789.2897,0.0000,0.0013,0.0070,556205.0943,42327.6547,0.0011,14.5761,104685.9219,270317.0749,7922.9377,0.0002,0.0050,0.0006,0.5765,84.1821,7.7801,34.5173,40352.8392,1.4344,0.0046,0.0001,0.0000,0.0002,64185.0891,69.3744,0.0000,58.3230,7490.9030,3.4551,0.0002,14.2151,9123.2045,94.6832,18552757.7355,298625.2747,0.7344,6.6552,2542.3189,0.0019,485165195.4098,270.9982
8.3588,120382.2408,6.7376,35929.5761,58188.6088,38.2653,0.0813,0.0000,55884.0812,0.0004,9650241.0094,5171.6231,262.4690,4.2569,501.5046,0.5171,59310.5469,26427.3743,660.7741,6.0428,22.0875,192713.9106,335198.3204,0.0002,163.2658,0.0317,66672.1940,450045.1126,17.8463,0.0016,3505.7884,94014.0189,221.9859,238.2000,2018.6258,45.8401,1.3910,94645.7926,0.0003,6273.2744,898325.4669,3164.9949,221.5668,0.0000,2.2898,3042.3662,4873.0964,36192.8558,0.0308,8463066.8798,0.5553,266892.4158,0.0095,22554.8588,243.0044,5816.5375,85.7260,822.6482,93.8812,36984.2466,199.7466,1.5105,270.9982,485165195.4098
